,0,1
0,14614,741
1,371,17701
