1540569823.00
64.000000
-0.00
-0.00
-0.00
-0.00
-0.00
-0.00
-0.00
-0.00
-0.00
-0.00
0.00
0.01
0.01
-0.00
-0.03
-0.05
-0.05
0.00
0.13
0.36
0.66
1.01
1.37
1.72
2.06
2.40
2.79
3.24
3.80
4.42
5.06
5.66
6.20
6.68
7.15
7.68
8.31
9.14
10.09
11.04
11.88
12.56
13.14
13.76
14.65
15.96
17.91
20.32
22.90
25.38
27.58
29.57
31.68
34.32
37.81
42.54
48.15
54.10
59.83
64.97
69.58
74.14
79.34
85.71
93.76
103.00
112.62
121.73
129.77
136.75
143.30
150.75
157.77
166.64
177.95
191.79
206.97
220.57
228.25
225.36
208.53
176.87
132.76
80.05
23.07
-34.94
-92.44
-149.16
-205.23
-260.37
-313.74
-363.87
-409.83
-450.91
-486.50
-515.74
-537.23
-549.22
-549.96
-538.37
-514.21
-478.67
-433.88
-382.45
-327.02
-269.84
-212.63
-156.66
-102.95
-52.37
-5.90
35.58
71.43
101.35
125.50
144.38
158.69
169.15
176.37
180.75
182.57
182.07
179.51
175.23
169.65
163.18
156.15
148.81
141.30
133.69
126.02
118.33
110.69
103.16
95.80
88.68
81.83
75.25
68.95
62.95
57.25
51.86
46.78
42.03
37.59
33.45
29.61
26.07
22.81
19.83
17.11
14.67
12.48
10.54
8.83
7.35
6.07
4.97
4.05
3.27
2.62
2.09
1.65
1.30
1.01
0.79
0.61
0.47
0.37
0.28
0.22
0.18
0.15
0.12
0.11
0.11
0.12
0.13
0.15
0.18
0.21
0.25
0.29
0.33
0.38
0.43
0.48
0.53
0.59
0.65
0.71
0.77
0.83
0.90
0.99
1.09
1.21
1.33
1.43
1.49
1.53
1.57
1.63
1.75
1.94
2.20
2.50
2.80
3.09
3.34
3.61
3.92
4.33
4.86
5.47
6.13
6.75
7.29
7.75
8.19
8.71
9.41
10.36
11.48
12.64
13.66
14.41
14.88
15.24
15.71
16.54
17.79
19.29
20.61
21.23
20.74
18.98
16.19
12.79
9.25
5.85
2.39
-1.57
-6.56
-12.88
-20.35
-28.24
-35.51
-41.31
-45.17
-47.30
-48.39
-49.30
-50.72
-53.12
-56.71
-61.35
-66.27
-69.89
-69.97
-64.39
-52.22
-34.58
-14.58
3.81
17.34
24.74
27.00
26.43
25.26
24.54
23.94
22.45
19.42
15.16
10.88
7.93
7.03
7.97
9.80
11.24
11.45
10.32
8.47
6.81
6.05
6.31
7.33
8.72
10.18
11.62
13.13
14.80
16.64
18.65
20.96
23.82
27.58
32.30
37.61
42.81
47.25
50.61
53.07
55.22
56.74
57.78
58.38
58.49
58.10
57.21
55.79
53.65
50.34
45.36
38.53
30.14
21.01
12.20
4.64
-1.34
-6.10
-10.49
-15.29
-20.73
-26.59
-32.37
-37.61
-42.14
-46.12
-49.73
-53.04
-55.83
-57.67
-58.14
-56.99
-54.23
-50.03
-44.71
-38.67
-32.44
-26.53
-21.36
-17.23
-14.21
-12.26
-11.18
-10.74
-10.64
-10.57
-10.21
-9.32
-7.84
-5.80
-3.47
-1.10
1.07
2.90
4.36
5.51
6.49
7.41
8.35
9.28
10.08
10.55
10.59
10.16
9.30
8.08
6.50
4.54
2.19
-0.33
-2.68
-4.39
-5.07
-4.59
-3.16
-1.22
0.70
2.19
3.09
3.48
3.56
3.57
3.65
3.84
3.99
3.94
3.43
2.28
0.48
-1.79
-4.06
-5.81
-6.54
-6.15
-4.94
-3.57
-2.78
-3.11
-4.70
-7.31
-10.62
-14.31
-18.29
-22.57
-27.10
-31.65
-35.81
-39.19
-41.41
-42.37
-42.07
-40.59
-37.96
-34.09
-28.86
-22.19
-14.27
-5.62
2.91
10.39
16.07
19.68
21.49
22.15
22.49
23.09
24.23
25.83
27.63
29.30
30.64
31.44
31.58
30.99
29.63
27.67
25.36
23.11
21.25
20.04
19.53
19.55
19.79
19.86
19.44
18.28
16.20
13.06
8.79
3.52
-2.40
-8.22
-13.13
-16.40
-17.78
-17.55
-16.41
-15.14
-14.24
-13.85
-13.81
-13.85
-13.79
-13.62
-13.48
-13.45
-13.54
-13.59
-13.45
-12.96
-12.20
-11.51
-11.33
-12.02
-13.58
-15.63
-17.49
-18.63
-18.86
-18.47
-17.90
-17.48
-17.16
-16.62
-15.58
-14.18
-13.01
-12.87
-14.34
-17.35
-21.22
-24.90
-27.46
-28.36
-27.57
-25.30
-21.90
-17.61
-12.59
-7.04
-1.20
4.54
9.81
14.26
17.69
20.08
21.51
22.09
21.93
21.10
19.72
17.96
16.12
14.51
13.38
12.67
12.08
11.15
9.50
7.08
4.20
1.33
-1.20
-3.34
-5.34
-7.50
-9.93
-12.54
-15.09
-17.49
-19.78
-22.09
-24.38
-26.35
-27.38
-26.87
-24.46
-20.24
-14.66
-8.25
-1.40
5.73
12.97
20.07
26.55
31.93
35.91
38.50
39.94
40.51
40.22
38.91
36.37
32.66
28.20
23.66
19.72
16.79
14.87
13.70
12.92
12.19
11.30
10.08
8.36
6.04
3.12
-0.20
-3.61
-6.78
-9.56
-12.01
-14.38
-17.00
-20.07
-23.52
-26.94
-29.65
-30.89
-30.09
-27.16
-22.56
-17.20
-12.08
-7.89
-4.88
-2.79
-1.20
0.18
1.37
2.15
2.26
1.65
0.42
-1.10
-2.56
-3.76
-4.58
-5.00
-5.05
-4.68
-3.83
-2.50
-0.75
1.21
3.10
4.58
5.40
5.46
4.82
3.69
2.29
0.87
-0.43
-1.58
-2.68
-3.93
-5.60
-7.95
-11.15
-15.18
-19.72
-24.13
-27.53
-29.04
-28.08
-24.56
-18.99
-12.29
-5.52
0.54
5.58
9.72
13.24
16.33
18.93
20.80
21.69
21.56
20.61
19.24
17.89
16.91
16.37
16.14
15.96
15.52
14.62
13.24
11.53
9.78
8.27
7.13
6.28
5.40
4.19
2.44
0.17
-2.38
-4.98
-7.49
-9.95
-12.53
-15.35
-18.30
-21.07
-23.11
-23.93
-23.10
-20.39
-15.77
-9.47
-2.04
5.71
12.91
18.77
22.92
25.40
26.61
26.99
26.89
26.43
25.61
24.48
23.16
21.88
20.83
20.07
19.42
18.67
17.65
16.31
14.72
13.00
11.18
9.22
7.07
4.66
1.98
-0.96
-4.19
-7.78
-11.76
-16.04
-20.37
-24.29
-27.30
-29.01
-29.13
-27.60
-24.46
-19.89
-14.19
-7.81
-1.34
4.54
9.31
12.79
15.13
16.76
18.03
19.05
19.63
19.44
18.26
16.19
13.66
11.21
9.27
7.96
7.14
6.53
5.91
5.21
4.48
3.72
2.85
1.66
-0.06
-2.40
-5.26
-8.41
-11.67
-14.96
-18.39
-22.07
-25.93
-29.57
-32.34
-33.45
-32.36
-28.95
-23.58
-16.96
-9.91
-3.12
2.98
8.22
12.63
16.27
19.22
21.52
23.20
24.27
24.80
24.88
24.58
23.90
22.83
21.38
19.63
17.80
16.09
14.63
13.37
12.19
10.92
9.46
7.86
6.16
4.33
2.29
-0.14
-3.01
-6.25
-9.69
-13.23
-16.92
-20.91
-25.35
-30.10
-34.62
-38.11
-39.66
-38.66
-34.98
-29.10
-21.86
-14.22
-6.98
-0.60
4.82
9.40
13.33
16.79
19.76
22.17
23.90
24.90
25.17
24.92
24.37
23.70
23.05
22.36
21.56
20.58
19.45
18.28
17.16
16.10
14.96
13.53
11.59
9.04
5.94
2.45
-1.16
-4.55
-7.44
-9.70
-11.36
-12.67
-14.12
-16.23
-19.40
-23.68
-28.63
-33.38
-36.83
-37.98
-36.32
-31.90
-25.40
-17.83
-10.19
-3.18
2.87
7.95
12.17
15.62
18.24
19.93
20.59
20.30
19.38
18.24
17.37
17.06
17.29
17.86
18.46
18.85
18.97
18.86
18.56
18.02
17.05
15.41
13.03
10.01
6.61
3.16
-0.09
-2.96
-5.42
-7.54
-9.54
-11.79
-14.70
-18.56
-23.43
-28.97
-34.52
-39.20
-42.14
-42.74
-40.75
-36.29
-29.82
-21.96
-13.50
-5.31
1.81
7.25
10.73
12.42
12.82
12.58
12.24
12.06
12.02
12.02
12.00
12.10
12.57
13.58
15.06
16.68
18.02
18.69
18.54
17.63
16.10
14.08
11.61
8.66
5.16
1.18
-3.08
-7.29
-11.21
-14.72
-17.93
-21.01
-24.01
-26.65
-28.40
-28.59
-26.69
-22.60
-16.66
-9.54
-2.09
4.90
10.80
15.24
18.08
19.50
19.80
19.48
18.94
18.43
17.99
17.50
16.89
16.19
15.57
15.24
15.32
15.76
16.35
16.81
16.84
16.18
14.60
11.97
8.27
3.63
-1.60
-6.94
-11.79
-15.69
-18.41
-20.15
-21.39
-22.71
-24.43
-26.32
-27.70
-27.65
-25.52
-21.24
-15.41
-8.99
-2.89
2.42
6.92
10.88
14.52
17.84
20.70
22.96
24.63
25.76
26.34
26.26
25.35
23.61
21.32
18.94
16.90
15.31
14.01
12.66
11.04
9.17
7.19
5.14
2.75
-0.41
-4.77
-10.36
-16.72
-23.07
-28.50
-32.37
-34.40
-34.81
-34.14
-33.11
-32.34
-31.99
-31.70
-30.63
-27.85
-22.85
-15.82
-7.69
0.34
7.27
12.77
17.09
20.69
23.89
26.60
28.44
29.04
28.36
26.78
24.97
23.58
22.99
23.17
23.79
24.40
24.60
24.21
23.15
21.46
19.15
16.27
12.88
9.13
5.22
1.37
-2.23
-5.45
-8.31
-10.89
-13.36
-16.00
-19.07
-22.68
-26.64
-30.36
-32.94
-33.52
-31.60
-27.27
-21.23
-14.52
-8.16
-2.93
0.85
3.22
4.44
4.78
4.43
3.51
2.08
0.28
-1.68
-3.45
-4.72
-5.26
-5.01
-4.10
-2.73
-1.00
1.02
3.33
5.85
8.29
10.26
11.32
11.23
10.00
7.92
5.41
2.80
0.20
-2.57
-5.91
-10.21
-15.56
-21.51
-27.12
-31.16
-32.62
-31.01
-26.58
-20.15
-12.76
-5.34
1.49
7.42
12.32
16.19
19.03
20.91
21.97
22.40
22.37
22.01
21.44
20.73
19.98
19.20
18.32
17.24
15.93
14.51
13.23
12.34
11.79
11.21
10.06
7.88
4.61
0.66
-3.37
-6.87
-9.57
-11.56
-13.18
-14.86
-16.95
-19.67
-23.00
-26.63
-29.92
-32.04
-32.17
-29.81
-25.06
-18.61
-11.52
-4.84
0.76
5.13
8.51
11.30
13.74
15.76
17.15
17.71
17.55
17.03
16.66
16.76
17.33
18.08
18.56
18.52
18.01
17.30
16.76
16.62
16.78
16.87
16.35
14.74
11.86
7.90
3.39
-1.02
-4.80
-7.71
-9.87
-11.54
-13.07
-14.71
-16.66
-19.10
-22.21
-25.95
-29.98
-33.62
-35.91
-36.01
-33.45
-28.41
-21.62
-14.10
-6.84
-0.52
4.57
8.47
11.37
13.46
14.89
15.79
16.34
16.80
17.34
18.02
18.67
19.00
18.74
17.83
16.50
15.16
14.22
13.85
13.91
14.02
13.74
12.75
10.97
8.52
5.67
2.65
-0.32
-3.07
-5.47
-7.44
-8.97
-10.20
-11.44
-13.05
-15.34
-18.42
-22.06
-25.73
-28.78
-30.48
-30.29
-27.94
-23.54
-17.56
-10.83
-4.24
1.41
5.72
8.78
11.10
13.26
15.63
18.15
20.38
21.78
22.01
21.14
19.56
17.84
16.43
15.53
15.07
14.84
14.70
14.56
14.44
14.30
13.99
13.24
11.84
9.70
6.99
4.09
1.46
-0.56
-1.85
-2.57
-3.06
-3.69
-4.72
-6.30
-8.39
-10.80
-13.27
-15.46
-17.02
-17.61
-16.98
-15.05
-11.93
-7.95
-3.61
0.54
4.05
6.61
8.12
8.62
8.21
7.00
5.10
2.68
0.03
-2.43
-4.28
-5.33
-5.62
-5.50
-5.34
-5.33
-5.31
-4.82
-3.48
-1.31
1.22
3.35
4.42
4.21
3.00
1.32
-0.39
-1.99
-3.61
-5.48
-7.77
-10.49
-13.63
-17.15
-20.98
-24.82
-28.09
-30.06
-30.09
-27.99
-24.10
-19.18
-14.02
-9.17
-4.79
-0.77
3.01
6.49
9.38
11.36
12.21
11.99
10.99
9.61
8.19
6.93
5.95
5.28
4.92
4.88
5.00
5.00
4.55
3.39
1.53
-0.71
-2.85
-4.46
-5.33
-5.60
-5.71
-6.18
-7.44
-9.58
-12.33
-15.06
-16.95
-17.33
-15.85
-12.74
-8.63
-4.32
-0.43
2.86
5.74
8.58
11.61
14.74
17.57
19.58
20.38
19.94
18.52
16.62
14.77
13.35
12.54
12.24
12.27
12.36
12.31
12.05
11.54
10.81
9.81
8.48
6.75
4.64
2.23
-0.37
-3.08
-5.91
-8.84
-11.78
-14.46
-16.42
-17.12
-16.09
-13.18
-8.57
-2.90
2.95
8.04
11.66
13.52
13.79
13.03
11.95
11.13
10.84
10.97
11.20
11.15
10.56
9.37
7.70
5.79
3.87
2.13
0.65
-0.62
-1.75
-2.84
-3.89
-4.95
-6.10
-7.50
-9.44
-12.21
-15.88
-20.27
-24.87
-28.94
-31.70
-32.59
-31.37
-28.15
-23.34
-17.44
-11.02
-4.56
1.55
6.99
11.54
15.07
17.56
19.09
19.80
19.82
19.28
18.30
17.02
15.59
14.12
12.67
11.21
9.74
8.26
6.86
5.58
4.36
2.96
1.13
-1.26
-4.14
-7.24
-10.23
-12.99
-15.60
-18.35
-21.44
-24.81
-28.04
-30.50
-31.55
-30.79
-28.20
-24.10
-19.06
-13.73
-8.65
-4.14
-0.29
2.97
5.79
8.24
10.26
11.76
12.66
13.03
13.11
13.16
13.42
13.83
14.20
14.19
13.56
12.29
10.63
8.96
7.62
6.74
6.15
5.51
4.46
2.90
1.00
-0.87
-2.35
-3.38
-4.19
-5.21
-6.83
-9.21
-12.21
-15.49
-18.60
-21.06
-22.54
-22.80
-21.80
-19.62
-16.51
-12.84
-8.94
-5.14
-1.67
1.37
3.87
5.81
7.20
8.09
8.56
8.65
8.37
7.71
6.70
5.44
4.14
3.02
2.27
1.99
2.13
2.50
2.83
2.76
2.07
0.71
-1.10
-2.97
-4.50
-5.40
-5.67
-5.54
-5.43
-5.82
-7.06
-9.31
-12.43
-15.95
-19.14
-21.17
-21.33
-19.28
-15.22
-9.74
-3.70
2.09
7.10
11.10
14.09
16.19
17.62
18.55
19.16
19.55
19.80
19.87
19.76
19.41
18.80
17.97
16.96
15.86
14.77
13.76
12.85
11.98
10.97
9.65
7.87
5.65
3.10
0.43
-2.16
-4.55
-6.71
-8.69
-10.62
-12.63
-14.94
-17.66
-20.75
-23.86
-26.34
-27.38
-26.35
-23.03
-17.78
-11.48
-5.20
0.12
3.93
6.22
7.37
8.01
8.65
9.58
10.72
11.76
12.34
12.27
11.61
10.70
9.88
9.33
9.04
8.77
8.33
7.62
6.74
5.87
5.15
4.54
3.84
2.82
1.32
-0.63
-2.83
-5.02
-7.00
-8.75
-10.37
-12.11
-14.16
-16.64
-19.46
-22.46
-25.37
-27.88
-29.66
-30.34
-29.62
-27.34
-23.59
-18.66
-13.05
-7.30
-1.93
2.64
6.12
8.38
9.47
9.67
9.35
8.92
8.67
8.71
8.98
9.43
10.02
10.71
11.40
11.89
11.89
11.26
10.12
8.83
7.78
7.13
6.62
5.74
4.02
1.38
-1.81
-4.96
-7.56
-9.48
-10.98
-12.51
-14.45
-16.94
-19.88
-22.97
-25.82
-27.95
-28.83
-27.97
-25.05
-20.15
-13.80
-6.86
-0.24
5.36
9.63
12.64
14.65
15.93
16.63
16.81
16.56
16.01
15.40
14.92
14.63
14.42
14.09
13.54
12.87
12.32
12.12
12.20
12.16
11.46
9.70
6.87
3.44
0.09
-2.56
-4.35
-5.60
-6.92
-8.88
-11.67
-14.92
-17.87
-19.68
-19.70
-17.76
-14.16
-9.48
-4.37
0.66
5.24
9.21
12.38
14.71
16.20
17.03
17.42
17.59
17.61
17.36
16.67
15.49
13.99
12.56
11.57
11.18
11.21
11.26
10.91
9.97
8.51
6.73
4.82
2.81
0.65
-1.73
-4.27
-6.78
-9.12
-11.27
-13.32
-15.45
-17.63
-19.61
-20.87
-20.84
-19.13
-15.65
-10.73
-4.95
0.91
6.11
10.08
12.62
13.83
14.13
14.05
13.98
14.08
14.25
14.30
14.07
13.62
13.12
12.77
12.58
12.37
11.83
10.75
9.17
7.34
5.58
4.00
2.47
0.67
-1.60
-4.33
-7.17
-9.74
-11.85
-13.73
-15.87
-18.70
-22.28
-26.05
-29.05
-30.17
-28.75
-24.75
-18.82
-11.94
-5.13
0.84
5.67
9.30
11.85
13.38
13.94
13.62
12.60
11.26
10.01
9.22
9.02
9.31
9.80
10.11
10.01
9.45
8.61
7.79
7.27
7.12
7.10
6.79
5.73
3.67
0.72
-2.72
-6.14
-9.12
-11.61
-13.82
-16.20
-19.10
-22.59
-26.35
-29.71
-31.87
-32.18
-30.33
-26.45
-21.07
-14.91
-8.72
-3.08
1.61
5.12
7.42
8.52
8.58
7.77
6.37
4.68
2.98
1.49
0.36
-0.46
-1.12
-1.78
-2.52
-3.34
-4.07
-4.57
-4.77
-4.78
-4.80
-5.13
-5.91
-7.24
-9.08
-11.32
-13.93
-16.95
-20.59
-25.08
-30.56
-36.80
-43.17
-48.64
-52.12
-52.90
-50.90
-46.74
-41.41
-35.96
-31.11
-27.20
-24.28
-22.28
-21.14
-20.78
-21.13
-22.01
-23.18
-24.37
-25.31
-25.84
-25.94
-25.73
-25.35
-24.89
-24.32
-23.52
-22.35
-20.83
-19.20
-17.76
-16.73
-16.11
-15.63
-14.91
-13.69
-11.99
-10.09
-8.34
-6.93
-5.76
-4.41
-2.33
0.94
5.54
11.21
17.29
23.01
27.76
31.35
34.08
36.52
39.14
41.96
44.49
45.95
45.76
43.95
41.30
39.01
38.23
39.54
42.82
47.44
52.65
57.76
62.36
66.21
69.24
71.48
73.13
74.54
76.02
77.66
79.22
80.27
80.38
79.36
77.38
74.79
71.86
68.47
64.12
58.08
49.70
38.87
26.30
13.64
3.27
-2.21
-0.76
8.36
24.23
44.29
65.14
83.39
96.56
103.51
104.31
99.80
91.14
79.48
65.99
51.85
38.17
25.76
14.83
4.98
-4.69
-15.19
-27.17
-40.66
-55.09
-69.51
-82.80
-93.92
-101.97
-106.29
-106.54
-102.84
-95.83
-86.70
-76.90
-67.78
-60.21
-54.36
-49.67
-45.19
-39.96
-33.43
-25.62
-17.14
-8.93
-1.93
3.22
6.35
7.72
7.85
7.17
5.98
4.25
1.91
-1.06
-4.45
-7.89
-11.01
-13.61
-15.72
-17.53
-19.28
-21.21
-23.43
-25.85
-28.27
-30.25
-31.29
-30.96
-29.06
-25.73
-21.36
-16.49
-11.56
-6.85
-2.48
1.52
5.04
7.92
10.02
11.32
11.94
12.10
12.03
11.84
11.52
10.96
10.08
8.93
7.69
6.64
5.98
5.73
5.71
5.67
5.33
4.59
3.46
1.96
0.14
-2.06
-4.78
-8.09
-11.92
-15.96
-19.67
-22.34
-23.39
-22.43
-19.46
-14.85
-9.27
-3.52
1.72
5.99
9.14
11.29
12.68
13.55
14.09
14.35
14.38
14.24
14.00
13.77
13.54
13.26
12.77
11.96
10.84
9.50
8.09
6.74
5.49
4.23
2.85
1.25
-0.60
-2.70
-5.05
-7.59
-10.27
-12.89
-15.13
-16.59
-16.88
-15.76
-13.32
-9.89
-5.98
-2.15
1.12
3.58
5.19
6.12
6.67
7.08
7.51
7.88
7.96
7.59
6.78
5.79
5.00
4.70
4.88
5.21
5.23
4.60
3.31
1.66
0.00
-1.43
-2.67
-3.97
-5.61
-7.79
-10.57
-13.89
-17.53
-21.14
-24.12
-25.76
-25.44
-22.94
-18.60
-13.26
-7.93
-3.38
0.12
2.77
4.96
7.00
8.92
10.55
11.70
12.24
12.25
11.84
11.21
10.51
9.89
9.48
9.24
9.07
8.76
8.15
7.20
5.98
4.60
3.14
1.56
-0.23
-2.28
-4.58
-7.07
-9.69
-12.42
-15.18
-17.73
-19.64
-20.42
-19.70
-17.41
-13.78
-9.32
-4.54
0.09
4.29
7.84
10.59
12.46
13.40
13.54
13.08
12.32
11.52
10.92
10.63
10.65
10.84
11.05
11.10
10.90
10.41
9.61
8.50
7.02
5.17
3.00
0.66
-1.63
-3.64
-5.26
-6.56
-7.78
-9.28
-11.36
-14.13
-17.42
-20.74
-23.44
-24.87
-24.61
-22.58
-19.09
-14.67
-9.88
-5.22
-0.99
2.66
5.65
7.93
9.52
10.41
10.72
10.69
10.68
11.02
11.93
13.29
14.73
15.75
15.93
15.14
13.54
11.54
9.63
8.19
7.39
7.13
7.04
6.66
5.56
3.56
0.78
-2.37
-5.39
-7.85
-9.60
-10.76
-11.59
-12.42
-13.51
-15.01
-16.98
-19.31
-21.65
-23.43
-23.97
-22.73
-19.61
-14.98
-9.60
-4.31
0.16
3.53
5.82
7.24
8.07
8.48
8.59
8.52
8.44
8.47
8.65
8.87
8.96
8.81
8.44
7.96
7.49
7.09
6.68
6.18
5.51
4.68
3.79
2.90
1.99
0.96
-0.32
-1.91
-3.76
-5.75
-7.83
-10.03
-12.46
-15.19
-18.13
-20.97
-23.22
-24.31
-23.81
-21.57
-17.78
-12.90
-7.64
-2.67
1.40
4.27
5.95
6.73
7.03
7.17
7.26
7.20
6.81
5.96
4.77
3.51
2.55
2.12
2.27
2.78
3.35
3.71
3.72
3.40
2.85
2.20
1.45
0.56
-0.58
-2.01
-3.63
-5.28
-6.81
-8.27
-9.87
-11.94
-14.64
-17.75
-20.60
-22.32
-22.11
-19.67
-15.30
-9.79
-4.15
0.80
4.65
7.38
9.18
10.31
10.91
11.07
10.81
10.27
9.67
9.24
9.12
9.29
9.60
9.79
9.64
9.07
8.11
6.93
5.68
4.47
3.35
2.26
1.11
-0.22
-1.84
-3.77
-5.87
-7.93
-9.74
-11.21
-12.50
-13.99
-16.01
-18.75
-21.99
-25.17
-27.53
-28.42
-27.46
-24.73
-20.59
-15.59
-10.34
-5.36
-1.12
2.06
3.97
4.65
4.27
3.20
1.85
0.61
-0.27
-0.72
-0.86
-0.93
-1.14
-1.64
-2.35
-3.05
-3.50
-3.49
-3.01
-2.22
-1.40
-0.73
-0.29
-0.04
0.20
0.59
1.24
2.18
3.33
4.52
5.51
6.04
5.93
5.13
3.71
1.92
0.07
-1.45
-2.22
-1.84
0.05
3.61
8.72
14.91
21.47
27.58
32.58
36.22
38.68
40.48
42.18
44.15
46.33
48.32
49.56
49.42
47.35
42.96
36.08
26.97
16.41
5.59
-4.13
-11.72
-16.72
-19.43
-20.62
-21.31
-22.60
-25.61
-31.46
-41.11
-54.95
-72.33
-91.45
-109.67
-124.27
-133.22
-135.62
-131.80
-122.90
-110.40
-95.53
-79.03
-61.31
-42.81
-24.49
-7.94
5.00
13.11
16.69
17.62
18.77
22.51
29.31
37.39
43.65
45.53
42.46
36.18
29.44
24.20
20.49
16.56
10.45
1.61
-8.29
-16.02
-18.54
-14.76
-6.11
4.10
12.43
16.85
17.31
15.14
12.00
8.92
6.07
3.30
0.69
-1.04
-0.71
2.67
9.34
18.59
28.96
38.78
46.76
52.23
55.31
56.70
57.42
58.36
60.01
62.21
64.17
64.90
63.55
59.84
54.11
47.07
39.54
32.12
24.91
17.50
9.08
-1.30
-14.20
-29.34
-45.43
-60.49
-72.62
-81.02
-86.50
-91.23
-97.58
-106.70
-117.58
-127.27
-132.22
-130.08
-120.84
-106.80
-91.30
-77.06
-65.10
-54.81
-45.10
-35.37
-26.05
-17.82
-10.65
-3.31
6.05
18.57
33.65
48.92
61.52
69.80
74.21
76.87
80.00
84.38
88.86
91.31
90.08
85.22
78.42
71.85
66.89
63.39
60.05
55.33
48.49
39.95
30.96
22.75
15.96
10.42
5.47
0.59
-4.17
-8.08
-10.04
-9.13
-5.07
1.65
9.92
18.48
26.29
32.71
37.57
40.95
43.12
44.48
45.53
46.73
48.34
50.23
51.91
52.87
52.77
51.67
49.93
47.92
45.76
43.27
40.17
36.28
31.77
27.01
22.32
17.79
13.19
8.14
2.45
-3.76
-10.02
-15.72
-20.29
-23.47
-25.28
-26.14
-26.72
-27.86
-30.31
-34.50
-40.27
-46.81
-52.84
-56.89
-57.85
-55.16
-49.00
-40.16
-29.80
-19.15
-9.29
-1.03
5.16
9.20
11.37
12.20
12.28
12.11
11.91
11.64
11.11
10.22
9.06
7.95
7.29
7.29
7.84
8.50
8.67
7.90
6.08
3.40
0.25
-2.99
-6.08
-8.88
-11.37
-13.50
-15.30
-16.88
-18.53
-20.51
-22.89
-25.43
-27.52
-28.47
-27.71
-25.11
-20.94
-15.78
-10.25
-4.92
-0.18
3.78
6.92
9.33
11.22
12.78
14.09
15.12
15.66
15.54
14.64
13.04
10.95
8.72
6.75
5.36
4.82
5.19
6.27
7.62
8.63
8.77
7.79
5.82
3.33
0.85
-1.24
-2.99
-4.84
-7.41
-11.15
-16.06
-21.54
-26.58
-30.08
-31.22
-29.70
-25.77
-20.04
-13.27
-6.19
0.64
6.80
12.02
16.16
19.14
21.03
21.98
22.24
22.14
21.97
21.94
22.04
22.10
21.84
21.10
19.86
18.40
17.09
16.23
15.90
15.84
15.59
14.59
12.47
9.13
4.82
0.01
-4.74
-8.94
-12.38
-15.02
-17.10
-18.90
-20.79
-23.03
-25.69
-28.62
-31.31
-33.10
-33.26
-31.33
-27.28
-21.59
-15.02
-8.32
-2.06
3.51
8.31
12.29
15.42
17.67
19.12
19.97
20.45
20.70
20.78
20.67
20.38
20.02
19.74
19.62
19.48
19.08
18.21
16.88
15.41
14.17
13.35
12.78
12.03
10.55
8.11
4.83
1.16
-2.38
-5.42
-7.88
-9.92
-11.78
-13.74
-16.00
-18.69
-21.83
-25.25
-28.56
-31.21
-32.55
-32.09
-29.64
-25.38
-19.80
-13.57
-7.32
-1.62
3.16
6.78
9.26
10.73
11.50
11.94
12.28
12.61
12.86
12.93
12.85
12.83
13.14
13.93
15.02
15.95
16.22
15.55
14.07
12.20
10.38
8.78
7.22
5.36
3.03
0.35
-2.29
-4.47
-6.07
-7.26
-8.46
-10.00
-11.96
-14.24
-16.67
-19.19
-21.80
-24.43
-26.78
-28.33
-28.48
-26.86
-23.55
-19.03
-14.03
-9.30
-5.27
-2.09
0.33
2.17
3.55
4.46
4.84
4.64
3.83
2.50
0.79
-1.15
-3.14
-4.99
-6.48
-7.44
-7.78
-7.61
-7.19
-6.88
-7.00
-7.65
-8.64
-9.57
-9.96
-9.39
-7.77
-5.26
-2.39
0.07
1.17
0.10
-3.50
-9.19
-15.70
-21.27
-24.24
-23.71
-19.93
-14.26
-8.55
-4.47
-2.87
-3.57
-5.48
-7.11
-7.06
-4.49
0.73
8.12
16.87
26.09
35.10
43.39
50.56
56.13
59.59
60.54
58.88
54.93
49.36
42.89
36.08
29.13
21.98
14.52
6.83
-0.78
-7.86
-14.02
-19.13
-23.41
-27.24
-30.96
-34.62
-37.95
-40.41
-41.40
-40.46
-37.44
-32.50
-26.03
-18.61
-10.90
-3.56
2.78
7.67
10.91
12.60
13.08
12.88
12.53
12.42
12.63
12.99
13.16
12.70
11.39
9.24
6.59
4.03
2.21
1.66
2.54
4.53
6.94
8.94
9.88
9.48
7.86
5.33
2.23
-1.28
-5.08
-9.04
-12.80
-15.75
-17.29
-16.99
-14.90
-11.53
-7.65
-4.08
-1.32
0.51
1.61
2.42
3.30
4.41
5.64
6.71
7.28
7.13
6.19
4.64
2.75
0.86
-0.77
-1.97
-2.71
-3.00
-2.95
-2.71
-2.45
-2.43
-2.90
-4.03
-5.86
-8.23
-10.82
-13.30
-15.44
-17.21
-18.79
-20.53
-22.76
-25.62
-28.96
-32.34
-35.06
-36.39
-35.81
-33.08
-28.37
-22.18
-15.15
-8.10
-1.76
3.25
6.58
8.25
8.63
8.39
8.15
8.28
8.80
9.38
9.62
9.26
8.38
7.26
6.35
5.97
6.25
7.06
8.04
8.76
8.82
8.04
6.46
4.37
2.20
0.29
-1.17
-2.24
-3.15
-4.24
-5.79
-7.99
-10.87
-14.24
-17.75
-20.85
-22.92
-23.38
-21.80
-18.08
-12.55
-5.88
1.07
7.40
12.47
15.94
17.78
18.22
17.58
16.26
14.65
13.13
11.93
11.14
10.67
10.33
9.95
9.48
9.06
8.80
8.73
8.70
8.43
7.65
6.29
4.52
2.60
0.85
-0.62
-1.95
-3.42
-5.33
-7.83
-10.95
-14.51
-18.29
-21.96
-25.05
-26.98
-27.10
-24.93
-20.40
-14.07
-6.93
-0.22
5.15
8.83
11.06
12.45
13.53
14.56
15.39
15.71
15.30
14.21
12.81
11.59
10.99
11.17
11.95
12.91
13.53
13.43
12.53
11.10
9.56
8.27
7.30
6.39
5.11
3.05
0.21
-3.12
-6.42
-9.34
-11.83
-14.20
-16.87
-20.17
-24.12
-28.42
-32.53
-35.79
-37.61
-37.48
-35.16
-30.73
-24.62
-17.54
-10.32
-3.69
1.96
6.54
10.16
12.95
14.99
16.26
16.79
16.70
16.24
15.66
15.15
14.73
14.36
14.03
13.83
13.91
14.38
15.18
16.08
16.78
17.04
16.75
15.97
14.83
13.42
11.71
9.61
6.98
3.72
-0.09
-4.23
-8.29
-11.84
-14.58
-16.47
-17.81
-19.08
-20.75
-23.01
-25.67
-28.14
-29.60
-29.27
-26.57
-21.25
-13.45
-3.72
6.98
17.37
26.12
32.18
35.13
35.26
33.48
30.91
28.53
26.88
26.00
25.66
25.51
25.26
24.70
23.68
22.07
19.84
17.10
14.12
11.21
8.59
6.28
4.18
2.06
-0.17
-2.48
-4.69
-6.59
-8.04
-8.99
-9.50
-9.71
-9.81
-10.06
-10.75
-12.19
-14.56
-17.76
-21.43
-24.83
-27.05
-27.25
-24.98
-20.35
-14.00
-6.89
0.03
6.08
10.93
14.47
16.72
17.70
17.54
16.48
14.99
13.57
12.59
12.15
12.02
11.88
11.46
10.68
9.68
8.62
7.60
6.58
5.44
4.02
2.22
0.05
-2.42
-5.06
-7.75
-10.38
-12.79
-14.84
-16.46
-17.71
-18.89
-20.45
-22.81
-26.09
-29.93
-33.47
-35.64
-35.63
-33.17
-28.71
-23.17
-17.65
-12.98
-9.50
-7.05
-5.15
-3.25
-1.02
1.56
4.14
6.23
7.35
7.32
6.29
4.73
3.20
2.15
1.77
2.00
2.63
3.40
4.21
4.98
5.72
6.37
6.78
6.75
6.11
4.82
2.88
0.31
-2.98
-7.11
-12.01
-17.29
-22.09
-25.31
-25.97
-23.71
-18.92
-12.66
-6.20
-0.56
3.82
6.97
9.25
10.94
12.11
12.68
12.64
12.15
11.59
11.34
11.58
12.22
12.86
13.12
12.77
11.87
10.69
9.48
8.28
6.92
5.17
3.00
0.70
-1.12
-1.86
-1.26
0.49
2.68
4.41
4.85
3.48
0.18
-4.80
-10.96
-17.61
-23.97
-29.28
-32.92
-34.51
-33.97
-31.44
-27.21
-21.60
-15.01
-7.87
-0.70
5.99
11.78
16.45
20.02
22.64
24.51
25.82
26.67
27.17
27.44
27.59
27.70
27.82
27.90
27.84
27.56
27.06
26.44
25.89
25.60
25.63
25.79
25.60
24.33
21.20
15.58
7.30
-3.25
-15.02
-26.57
-36.27
-42.83
-45.51
-44.35
-40.09
-33.87
-26.92
-20.27
-14.62
-10.36
-7.71
-6.72
-7.20
-8.69
-10.44
-11.52
-11.18
-9.04
-5.23
-0.33
4.93
9.94
14.38
18.23
21.59
24.56
27.12
29.12
30.32
30.48
29.43
27.12
23.62
19.16
14.08
8.84
3.91
-0.27
-3.50
-5.83
-7.73
-9.83
-12.82
-17.14
-22.80
-29.32
-35.82
-41.24
-44.48
-44.71
-41.34
-34.21
-23.55
-10.03
5.37
21.54
37.38
51.94
64.38
74.02
80.30
82.86
81.77
77.54
71.15
63.74
56.40
49.77
43.98
38.73
33.61
28.32
22.79
17.18
11.68
6.38
1.27
-3.69
-8.51
-13.10
-17.22
-20.68
-23.38
-25.44
-27.18
-28.94
-31.03
-33.50
-36.11
-38.37
-39.73
-39.72
-38.22
-35.38
-31.60
-27.28
-22.71
-18.08
-13.59
-9.59
-6.56
-5.04
-5.34
-7.31
-10.39
-13.76
-16.66
-18.64
-19.64
-19.87
-19.62
-19.09
-18.33
-17.37
-16.21
-15.04
-14.04
-13.51
-13.63
-14.53
-16.12
-18.20
-20.51
-22.77
-24.90
-26.93
-29.07
-31.55
-34.53
-38.02
-41.91
-46.00
-49.96
-53.37
-55.67
-56.27
-54.77
-51.10
-45.65
-39.17
-32.54
-26.43
-21.15
-16.56
-12.21
-7.62
-2.37
3.64
10.20
16.90
23.27
28.86
33.51
37.27
40.36
43.07
45.51
47.63
49.23
50.13
50.28
49.83
49.04
48.08
46.93
45.34
42.96
39.53
35.02
29.70
24.01
18.42
13.17
8.31
3.64
-1.09
-6.09
-11.42
-17.01
-22.61
-27.83
-32.18
-35.08
-36.04
-34.77
-31.29
-26.02
-19.64
-12.96
-6.71
-1.43
2.64
5.49
7.37
8.59
9.47
10.22
10.81
11.07
10.78
9.78
8.21
6.41
4.89
4.08
4.21
5.16
6.57
8.01
9.11
9.78
10.09
10.20
10.21
10.06
9.57
8.61
7.22
5.66
4.28
3.31
2.67
2.02
0.95
-0.79
-3.14
-5.80
-8.49
-11.05
-13.47
-15.77
-17.78
-19.07
-19.07
-17.34
-13.77
-8.64
-2.57
3.73
9.61
14.57
18.30
20.72
21.83
21.82
20.96
19.55
17.93
16.44
15.34
14.77
14.68
14.85
14.94
14.69
14.11
13.38
12.84
12.73
13.05
13.52
13.74
13.36
12.27
10.72
9.14
8.04
7.68
8.03
8.75
9.21
8.79
7.01
3.80
-0.53
-5.18
-9.07
-11.21
-10.91
-8.05
-3.10
3.08
9.51
15.33
20.06
23.47
25.55
26.37
26.04
24.71
22.65
20.26
17.95
16.08
14.80
14.00
13.46
12.85
12.02
10.97
9.80
8.61
7.38
5.98
4.18
1.89
-0.93
-4.16
-7.63
-11.19
-14.73
-18.22
-21.63
-25.03
-28.49
-32.15
-36.09
-40.21
-44.15
-47.30
-48.95
-48.46
-45.58
-40.48
-33.73
-26.13
-18.47
-11.40
-5.32
-0.42
3.32
5.95
7.62
8.59
9.17
9.69
10.40
11.37
12.45
13.34
13.74
13.53
12.82
11.94
11.31
11.18
11.53
12.05
12.20
11.50
9.69
6.78
3.07
-1.01
-5.06
-8.76
-11.95
-14.59
-16.83
-18.94
-21.35
-24.44
-28.30
-32.64
-36.68
-39.38
-39.77
-37.35
-32.27
-25.30
-17.56
-10.11
-3.69
1.44
5.43
8.57
11.11
13.13
14.58
15.42
15.74
15.79
15.86
16.13
16.54
16.92
17.04
16.84
16.38
15.85
15.38
14.95
14.40
13.52
12.19
10.40
8.31
6.10
3.99
2.12
0.53
-0.86
-2.27
-3.99
-6.26
-9.23
-12.83
-16.72
-20.32
-22.91
-23.77
-22.43
-18.82
-13.25
-6.40
0.91
7.90
14.01
18.89
22.40
24.56
25.45
25.27
24.35
23.11
21.89
20.90
20.10
19.35
18.42
17.20
15.72
14.11
12.58
11.26
10.22
9.38
8.59
7.61
6.17
4.05
1.13
-2.49
-6.55
-10.67
-14.58
-18.18
-21.58
-24.97
-28.34
-31.44
-33.68
-34.39
-33.06
-29.57
-24.29
-18.03
-11.69
-6.06
-1.57
1.72
4.00
5.60
6.74
7.51
7.89
7.87
7.49
6.94
6.42
6.05
5.83
5.60
5.23
4.65
3.99
3.45
3.14
2.99
2.69
1.83
0.12
-2.44
-5.46
-8.43
-10.93
-12.93
-14.81
-17.16
-20.44
-24.66
-29.22
-33.12
-35.28
-35.01
-32.21
-27.33
-21.17
-14.56
-8.13
-2.33
2.57
6.34
8.80
9.86
9.64
8.49
6.96
5.60
4.75
4.48
4.60
4.76
4.68
4.29
3.70
3.15
2.91
3.07
3.55
4.08
4.37
4.14
3.33
2.00
0.35
-1.42
-3.25
-5.23
-7.53
-10.33
-13.66
-17.38
-21.09
-24.25
-26.22
-26.46
-24.61
-20.63
-14.76
-7.58
0.21
7.84
14.62
20.07
23.97
26.39
27.56
27.88
27.76
27.51
27.40
27.47
27.73
28.08
28.38
28.45
28.14
27.38
26.21
24.80
23.29
21.77
20.18
18.32
16.02
13.26
10.16
6.97
3.90
1.05
-1.60
-4.17
-6.82
-9.67
-12.83
-16.38
-20.35
-24.53
-28.45
-31.36
-32.45
-31.12
-27.22
-21.19
-13.87
-6.30
0.59
6.18
10.24
12.87
14.34
15.02
15.27
15.29
15.14
14.81
14.23
13.44
12.59
11.83
11.28
10.87
10.51
10.19
10.00
10.15
10.69
11.42
11.83
11.33
9.57
6.63
3.01
-0.61
-3.66
-5.95
-7.64
-9.09
-10.69
-12.69
-15.27
-18.44
-22.09
-25.90
-29.40
-31.85
-32.57
-30.98
-26.93
-20.72
-13.12
-5.19
2.06
7.87
11.97
14.50
15.88
16.55
16.84
16.87
16.64
16.13
15.40
14.62
13.98
13.64
13.62
13.82
14.06
14.15
13.95
13.41
12.55
11.42
9.99
8.22
6.04
3.52
0.82
-1.78
-4.06
-5.96
-7.66
-9.57
-12.08
-15.40
-19.39
-23.47
-26.77
-28.39
-27.57
-24.09
-18.28
-11.02
-3.43
3.45
8.97
13.00
15.75
17.53
18.52
18.76
18.21
16.99
15.41
13.93
12.97
12.72
13.07
13.71
14.31
14.60
14.49
14.01
13.27
12.35
11.26
9.94
8.26
6.12
3.52
0.57
-2.52
-5.51
-8.25
-10.70
-13.03
-15.47
-18.34
-21.79
-25.81
-29.99
-33.63
-35.88
-35.94
-33.45
-28.56
-21.94
-14.55
-7.33
-0.93
4.30
8.29
11.11
12.84
13.63
13.67
13.27
12.76
12.44
12.43
12.65
12.92
13.00
12.75
12.20
11.50
10.91
10.67
10.88
11.43
12.00
12.10
11.26
9.22
6.05
2.15
-1.94
-5.68
-8.81
-11.35
-13.51
-15.59
-17.82
-20.32
-23.18
-26.35
-29.59
-32.41
-34.08
-33.84
-31.21
-26.24
-19.52
-12.06
-4.87
1.29
6.03
9.31
11.34
12.37
12.78
12.91
13.07
13.43
13.94
14.41
14.68
14.74
14.74
14.88
15.28
15.85
16.33
16.46
16.17
15.48
14.54
13.38
11.88
9.86
7.21
4.02
0.60
-2.70
-5.58
-7.98
-10.05
-12.17
-14.77
-18.21
-22.56
-27.52
-32.44
-36.37
-38.40
-37.89
-34.72
-29.35
-22.65
-15.59
-9.00
-3.39
0.97
4.00
5.70
6.23
5.95
5.51
5.64
6.94
9.48
12.81
16.09
18.51
19.66
19.70
19.24
18.95
19.27
20.19
21.40
22.42
22.94
22.83
22.17
21.10
19.70
17.98
15.86
13.22
9.96
6.00
1.34
-3.92
-9.36
-14.24
-17.52
-18.12
-15.43
-9.56
-1.50
7.22
15.10
21.14
25.16
27.59
29.23
30.77
32.59
34.52
35.85
35.45
32.06
24.78
13.45
-1.04
-16.97
-32.28
-45.24
-55.01
-61.67
-66.02
-69.09
-71.68
-74.12
-76.36
-78.05
-78.82
-78.35
-76.52
-73.34
-69.06
-64.00
-58.60
-53.19
-47.94
-42.83
-37.59
-31.82
-25.06
-16.99
-7.57
2.88
13.61
23.61
31.89
37.70
40.82
41.59
40.79
39.32
37.90
36.92
36.35
35.96
35.50
34.91
34.30
33.86
33.72
33.76
33.70
33.16
31.85
29.73
26.95
23.78
20.51
17.33
14.42
11.96
10.09
8.80
7.86
6.83
5.20
2.63
-1.01
-5.63
-11.03
-17.05
-23.52
-30.08
-36.19
-41.13
-44.25
-45.10
-43.54
-39.79
-34.43
-28.18
-21.86
-16.31
-12.30
-10.47
-11.13
-14.16
-19.07
-25.06
-31.14
-36.25
-39.44
-40.11
-38.06
-33.58
-27.02
-19.16
-10.98
-3.29
3.48
9.38
14.78
20.17
26.03
33.20
41.80
51.29
60.66
68.86
75.08
79.01
80.96
82.24
85.59
93.11
105.58
122.29
141.49
160.85
178.04
191.08
198.76
201.49
198.92
190.04
173.93
150.85
122.71
92.60
63.77
33.10
2.51
-23.87
-42.90
-55.32
-65.28
-77.17
-93.15
-113.65
-138.02
-161.00
-178.19
-186.57
-185.26
-175.55
-160.36
-143.34
-127.56
-114.37
-102.64
-91.45
-80.83
-71.87
-65.92
-63.62
-64.45
-66.89
-69.00
-68.63
-65.12
-59.02
-51.55
-43.62
-35.51
-27.01
-17.84
-8.07
2.14
11.90
20.08
25.78
28.70
29.20
28.09
26.28
24.51
23.33
22.74
22.51
22.28
21.85
21.26
20.63
20.09
19.62
19.09
18.24
16.78
14.48
11.27
7.24
2.58
-2.38
-7.46
-12.60
-17.93
-23.60
-29.56
-35.31
-39.98
-42.58
-42.36
-39.28
-33.94
-27.45
-20.91
-15.17
-10.73
-7.78
-6.38
-6.56
-8.27
-11.33
-15.48
-20.44
-26.05
-32.21
-38.76
-45.34
-51.24
-55.68
-57.94
-57.65
-54.86
-49.84
-42.97
-34.51
-24.79
-14.31
-3.96
5.13
11.80
15.27
15.45
12.89
8.55
3.38
-1.89
-6.72
-10.57
-12.60
-11.80
-7.21
1.51
13.78
28.09
42.57
55.56
66.08
73.96
79.47
83.01
84.78
84.89
83.49
81.00
77.94
74.72
71.46
67.92
63.72
58.69
53.02
47.33
42.34
38.68
36.59
35.90
36.12
36.61
36.80
36.35
35.16
33.41
31.36
29.21
26.93
24.20
20.58
15.67
9.42
2.23
-5.05
-11.29
-15.45
-16.88
-15.47
-11.61
-6.04
0.32
6.63
12.15
16.45
19.35
21.00
21.73
21.88
21.59
20.74
19.17
16.86
14.18
11.90
10.77
11.16
12.79
14.81
16.24
16.48
15.60
14.31
13.52
13.86
15.32
17.30
18.89
19.15
17.43
13.42
7.15
-0.99
-10.27
-19.63
-27.95
-34.43
-38.93
-42.10
-45.00
-48.54
-52.85
-57.14
-60.08
-60.49
-57.97
-52.99
-46.61
-39.83
-33.20
-26.79
-20.51
-14.52
-9.31
-5.48
-3.35
-2.59
-2.31
-1.44
0.73
4.21
8.31
12.00
14.43
15.27
14.77
13.52
12.13
10.95
10.01
9.13
8.00
6.39
4.19
1.51
-1.33
-3.85
-5.53
-5.93
-4.96
-2.87
-0.30
1.90
2.92
2.20
-0.48
-4.86
-10.43
-16.57
-22.76
-28.70
-34.31
-39.59
-44.40
-48.44
-51.26
-52.41
-51.70
-49.34
-45.91
-42.13
-38.70
-36.02
-34.16
-32.94
-32.04
-31.23
-30.33
-29.26
-27.93
-26.20
-23.87
-20.81
-17.01
-12.60
-7.85
-2.96
1.97
6.94
11.94
16.84
21.31
25.05
28.00
30.43
32.94
36.08
40.05
44.47
48.64
51.79
53.51
53.93
53.50
52.76
51.99
51.17
50.08
48.46
46.24
43.47
40.30
36.83
33.08
29.07
24.77
20.23
15.50
10.64
5.71
0.80
-3.96
-8.42
-12.49
-16.15
-19.40
-22.19
-24.21
-24.97
-23.91
-20.68
-15.41
-8.80
-1.93
4.14
8.76
11.82
13.62
14.62
15.14
15.27
14.95
14.15
12.97
11.69
10.61
9.95
9.69
9.65
9.57
9.22
8.48
7.37
5.95
4.29
2.43
0.44
-1.60
-3.58
-5.43
-7.22
-9.21
-11.76
-15.09
-19.07
-23.10
-26.30
-27.73
-26.83
-23.63
-18.73
-13.07
-7.59
-2.91
0.76
3.55
5.71
7.52
9.11
10.47
11.50
12.08
12.09
11.46
10.17
8.27
5.89
3.21
0.46
-2.10
-4.22
-5.75
-6.64
-7.05
-7.21
-7.34
-7.52
-7.66
-7.56
-7.07
-6.21
-5.25
-4.49
-4.17
-4.31
-4.69
-5.04
-5.05
-4.60
-3.77
-2.76
-1.95
-1.71
-2.27
-3.57
-5.26
-6.80
-7.75
-7.99
-7.81
-7.70
-8.00
-8.71
-9.45
-9.71
-9.24
-8.23
-7.23
-6.80
-7.14
-7.91
-8.40
-7.90
-6.05
-3.10
0.23
3.11
4.90
5.37
4.68
3.18
1.19
-1.09
-3.50
-5.78
-7.51
-8.19
-7.38
-4.98
-1.30
2.98
7.07
10.25
12.09
12.56
11.93
10.64
9.17
7.86
6.89
6.34
6.21
6.53
7.30
8.54
10.11
11.83
13.40
14.53
15.07
14.97
14.36
13.40
12.19
10.68
8.64
5.70
1.54
-3.98
-10.64
-17.77
-24.40
-29.43
-31.92
-31.43
-28.08
-22.56
-15.89
-9.07
-2.88
2.25
6.17
8.81
10.12
10.02
8.58
6.12
3.15
0.32
-1.93
-3.37
-4.08
-4.18
-3.79
-2.87
-1.33
0.81
3.27
5.52
6.92
6.96
5.45
2.59
-1.11
-5.02
-8.57
-11.40
-13.40
-14.61
-15.10
-14.78
-13.26
-9.99
-4.44
3.59
13.81
25.38
37.10
47.83
56.72
63.43
68.04
70.83
72.19
72.50
72.25
71.93
72.02
72.71
73.77
74.58
74.33
72.40
68.65
63.39
57.15
50.41
43.42
36.28
29.17
22.55
16.99
12.92
10.34
8.71
7.24
5.18
2.22
-1.47
-5.40
-9.02
-11.88
-13.75
-14.59
-14.57
-14.14
-13.89
-14.36
-15.78
-17.98
-20.45
-22.75
-24.80
-26.96
-29.82
-33.71
-38.46
-43.37
-47.55
-50.32
-51.51
-51.50
-50.87
-50.10
-49.28
-48.20
-46.51
-44.03
-40.93
-37.63
-34.68
-32.41
-30.86
-29.70
-28.49
-26.84
-24.63
-21.99
-19.24
-16.69
-14.52
-12.80
-11.48
-10.54
-10.04
-9.96
-10.28
-10.85
-11.38
-11.61
-11.39
-10.68
-9.63
-8.34
-7.00
-5.70
-4.60
-3.81
-3.42
-3.41
-3.63
-3.81
-3.79
-3.56
-3.33
-3.40
-4.02
-5.28
-7.01
-8.98
-10.92
-12.72
-14.25
-15.43
-16.14
-16.25
-15.76
-14.78
-13.64
-12.70
-12.31
-12.64
-13.63
-15.03
-16.51
-17.77
-18.58
-18.95
-19.02
-19.07
-19.33
-19.91
-20.74
-21.63
-22.40
-22.89
-23.03
-22.82
-22.28
-21.49
-20.48
-19.39
-18.35
-17.61
-17.36
-17.73
-18.75
-20.30
-22.16
-24.09
-25.84
-27.24
-28.17
-28.50
-28.07
-26.61
-23.81
-19.52
-13.86
-7.30
-0.57
5.58
10.59
14.32
16.96
18.91
20.48
21.79
22.67
22.92
22.50
21.60
20.67
20.07
19.87
19.73
19.13
17.68
15.46
12.98
11.06
10.37
11.09
12.90
15.12
17.09
18.39
18.87
18.63
17.73
16.30
14.41
12.30
10.28
8.76
8.02
8.15
9.00
10.20
11.23
11.58
10.86
8.97
6.07
2.60
-0.91
-4.08
-6.78
-9.10
-11.29
-13.39
-15.26
-16.61
-17.17
-17.07
-16.74
-16.84
-17.87
-19.93
-22.68
-25.52
-27.94
-29.72
-31.06
-32.40
-34.13
-36.38
-38.95
-41.34
-42.96
-43.23
-41.78
-38.51
-33.61
-27.54
-20.95
-14.56
-8.95
-4.49
-1.29
0.87
2.27
3.26
4.06
4.76
5.35
5.78
6.14
6.58
7.38
8.66
10.36
12.16
13.55
14.08
13.57
12.20
10.41
8.64
7.10
5.63
3.91
1.60
-1.35
-4.77
-8.35
-11.90
-15.32
-18.47
-21.01
-22.26
-21.53
-18.37
-13.00
-6.26
0.65
6.65
11.25
14.52
16.96
18.99
20.80
22.22
22.99
23.02
22.52
21.93
21.62
21.73
21.96
21.89
21.19
19.82
18.16
16.69
15.83
15.63
15.79
15.78
15.13
13.58
11.17
8.20
5.08
2.16
-0.39
-2.67
-5.01
-7.88
-11.68
-16.52
-22.08
-27.64
-32.21
-34.85
-34.88
-32.07
-26.72
-19.50
-11.34
-3.23
3.99
9.76
13.85
16.39
17.84
18.74
19.60
20.65
21.85
22.91
23.55
23.59
23.13
22.50
22.03
21.93
22.22
22.71
23.16
23.32
23.09
22.45
21.44
20.09
18.41
16.37
13.96
11.22
8.22
5.11
2.02
-0.93
-3.71
-6.33
-8.83
-11.21
-13.41
-15.37
-17.22
-19.19
-21.60
-24.62
-27.95
-30.87
-32.30
-31.25
-27.26
-20.62
-12.27
-3.43
4.81
11.85
17.59
22.22
25.96
28.90
30.99
32.14
32.37
31.84
30.83
29.66
28.58
27.79
27.31
27.04
26.72
26.08
24.93
23.29
21.41
19.65
18.31
17.46
16.87
16.11
14.82
12.87
10.46
7.97
5.76
4.00
2.50
0.98
-0.89
-3.27
-6.10
-9.16
-12.28
-15.38
-18.50
-21.67
-24.79
-27.44
-29.03
-28.90
-26.69
-22.44
-16.71
-10.34
-4.16
1.24
5.60
8.94
11.42
13.19
14.38
15.09
15.50
15.75
16.01
16.26
16.38
16.26
15.83
15.24
14.74
14.58
14.85
15.39
15.89
15.91
15.14
13.46
10.98
8.06
5.08
2.36
0.03
-1.97
-3.89
-6.03
-8.70
-12.02
-15.88
-19.95
-23.67
-26.33
-27.22
-25.85
-22.10
-16.34
-9.46
-2.56
3.31
7.52
9.96
11.05
11.42
11.63
12.01
12.53
12.98
13.13
12.94
12.56
12.26
12.22
12.40
12.64
12.68
12.48
12.12
11.84
11.72
11.64
11.22
10.09
8.14
5.64
3.15
1.20
-0.03
-0.82
-1.75
-3.47
-6.35
-10.37
-15.19
-20.23
-24.82
-28.40
-30.45
-30.68
-28.98
-25.48
-20.61
-15.00
-9.36
-4.40
-0.63
1.73
2.78
2.94
2.79
2.86
3.44
4.52
5.73
6.62
6.92
6.64
6.15
5.92
6.29
7.25
8.45
9.36
9.49
8.60
6.74
4.20
1.29
-1.70
-4.60
-7.34
-9.90
-12.26
-14.46
-16.64
-19.04
-21.93
-25.38
-29.03
-32.10
-33.51
-32.38
-28.36
-21.87
-13.96
-5.89
1.31
7.15
11.57
14.85
17.20
18.74
19.40
19.16
18.13
16.54
14.73
12.96
11.44
10.21
9.23
8.47
7.87
7.39
7.01
6.69
6.36
5.92
5.25
4.24
2.82
1.02
-1.07
-3.29
-5.53
-7.86
-10.53
-13.92
-18.22
-23.21
-28.17
-31.93
-33.31
-31.57
-26.70
-19.49
-11.25
-3.36
3.17
7.93
11.08
13.10
14.49
15.57
16.36
16.80
16.81
16.42
15.83
15.23
14.72
14.27
13.80
13.28
12.78
12.53
12.62
13.01
13.37
13.27
12.41
10.75
8.48
5.90
3.11
0.01
-3.75
-8.48
-14.23
-20.57
-26.67
-31.48
-33.99
-33.61
-30.28
-24.55
-17.31
-9.58
-2.25
4.14
9.41
13.59
16.72
18.83
19.81
19.61
18.30
16.16
13.65
11.24
9.28
7.80
6.65
5.49
4.14
2.63
1.16
0.01
-0.79
-1.45
-2.37
-3.82
-5.92
-8.53
-11.45
-14.63
-18.21
-22.40
-27.12
-31.87
-35.74
-37.71
-37.05
-33.63
-27.93
-20.80
-13.27
-6.15
0.05
5.06
8.83
11.37
12.83
13.35
13.23
12.75
12.18
11.72
11.46
11.40
11.44
11.49
11.36
10.94
10.13
8.97
7.63
6.35
5.35
4.62
3.87
2.62
0.41
-3.00
-7.54
-12.83
-18.34
-23.47
-27.59
-30.07
-30.24
-27.67
-22.29
-14.61
-5.71
3.06
10.49
15.87
19.19
20.95
21.83
22.28
22.42
22.11
21.18
19.68
17.89
16.24
14.97
14.07
13.31
12.42
11.26
9.83
8.24
6.52
4.65
2.58
0.31
-2.02
-4.38
-6.88
-9.89
-13.72
-18.47
-23.75
-28.68
-32.15
-33.16
-31.12
-25.99
-18.26
-8.77
1.38
11.05
19.27
25.39
29.24
31.10
31.58
31.30
30.76
30.12
29.34
28.30
26.91
25.22
23.40
21.65
20.16
19.00
18.09
17.23
16.11
14.49
12.30
9.62
6.69
3.74
0.87
-1.95
-4.91
-8.16
-11.84
-15.95
-20.36
-24.77
-28.72
-31.65
-32.94
-32.14
-29.08
-23.95
-17.24
-9.66
-1.95
5.24
11.38
16.18
19.50
21.46
22.32
22.45
22.18
21.78
21.34
20.83
20.14
19.15
17.85
16.30
14.74
13.40
12.46
11.90
11.45
10.74
9.41
7.29
4.58
1.65
-1.11
-3.47
-5.49
-7.45
-9.64
-12.24
-15.27
-18.67
-22.40
-26.42
-30.52
-34.18
-36.56
-36.73
-34.08
-28.58
-20.92
-12.26
-3.81
3.50
9.27
13.50
16.45
18.43
19.65
20.28
20.46
20.35
20.14
19.99
19.93
19.91
19.78
19.34
18.49
17.27
15.86
14.52
13.42
12.57
11.75
10.65
8.98
6.61
3.67
0.47
-2.60
-5.24
-7.39
-9.29
-11.37
-14.04
-17.55
-21.85
-26.54
-30.99
-34.42
-36.09
-35.39
-32.09
-26.41
-19.00
-10.91
-3.18
3.38
8.40
11.98
14.48
16.29
17.60
18.36
18.41
17.63
16.16
14.33
12.59
11.30
10.60
10.32
10.21
10.06
9.83
9.68
9.69
9.83
9.83
9.36
8.31
6.84
5.33
4.16
3.45
2.98
2.43
1.55
0.32
-1.07
-2.40
-3.58
-4.78
-6.16
-7.80
-9.48
-10.80
-11.37
-10.98
-9.67
-7.70
-5.39
-3.01
-0.73
1.40
3.38
5.17
6.67
7.73
8.22
8.07
7.36
6.35
5.38
4.78
4.72
5.10
5.67
6.09
6.15
5.82
5.27
4.73
4.44
4.41
4.56
4.72
4.70
4.44
3.95
3.32
2.59
1.86
1.22
0.80
0.69
0.92
1.43
2.09
2.77
3.36
3.81
4.06
4.02
3.63
2.89
1.94
1.04
0.41
0.15
0.18
0.30
0.37
0.37
0.37
0.44
0.55
0.53
0.26
-0.27
-0.87
-1.31
-1.42
-1.28
-1.12
-1.23
-1.75
-2.60
-3.56
-4.34
-4.79
-4.93
-4.94
-5.01
-5.30
-5.79
-6.32
-6.71
-6.85
-6.78
-6.58
-6.39
-6.24
-6.05
-5.69
-5.04
-4.21
-3.44
-3.09
-3.42
-4.47
-6.07
-7.93
-9.82
-11.61
-13.33
-15.04
-16.77
-18.46
-20.07
-21.60
-23.13
-24.73
-26.41
-28.08
-29.58
-30.95
-32.37
-34.21
-36.83
-40.47
-45.10
-50.35
-55.60
-60.03
-62.73
-62.87
-59.99
-54.09
-45.80
-36.22
-26.57
-17.86
-10.60
-4.85
-0.40
2.98
5.38
6.76
7.13
6.68
5.83
5.07
4.81
5.21
6.13
7.19
7.98
8.14
7.55
6.30
4.61
2.77
0.96
-0.81
-2.75
-5.21
-8.56
-12.96
-18.29
-24.12
-29.70
-34.20
-36.84
-37.03
-34.54
-29.54
-22.55
-14.36
-5.86
2.16
9.13
14.73
18.90
21.72
23.40
24.17
24.26
23.84
23.03
21.90
20.50
18.92
17.23
15.54
13.88
12.20
10.42
8.46
6.29
3.98
1.63
-0.69
-3.02
-5.57
-8.63
-12.49
-17.25
-22.65
-28.07
-32.56
-35.10
-34.88
-31.61
-25.62
-17.80
-9.28
-1.12
5.91
11.44
15.44
18.11
19.70
20.50
20.76
20.73
20.66
20.77
21.19
21.94
22.93
24.02
25.07
26.01
26.82
27.56
28.22
28.73
28.96
28.71
27.82
26.20
23.84
20.76
17.04
12.67
7.65
2.03
-4.01
-9.96
-15.11
-18.61
-19.76
-18.21
-14.14
-8.15
-1.11
6.09
12.72
18.22
22.24
24.61
25.34
24.61
22.80
20.36
17.69
15.17
13.07
11.56
10.75
10.62
10.96
11.41
11.54
11.09
10.12
8.99
8.17
7.90
8.02
7.94
6.93
4.43
0.21
-5.54
-12.36
-19.65
-26.61
-32.27
-35.47
-35.14
-30.68
-22.32
-11.26
0.65
11.47
19.81
25.19
27.95
28.99
29.23
29.27
29.27
29.08
28.47
27.23
25.39
23.12
20.69
18.35
16.22
14.22
12.18
9.88
7.24
4.32
1.37
-1.41
-3.93
-6.38
-9.06
-12.35
-16.41
-21.21
-26.52
-31.99
-37.13
-41.35
-43.84
-43.80
-40.60
-34.18
-25.17
-14.84
-4.71
3.90
10.23
14.23
16.40
17.46
18.04
18.49
18.82
18.88
18.55
17.90
17.23
16.92
17.30
18.37
19.86
21.27
22.11
22.13
21.37
20.17
18.83
17.54
16.15
14.37
11.87
8.50
4.28
-0.61
-5.92
-11.40
-16.69
-21.25
-24.38
-25.29
-23.46
-18.90
-12.26
-4.67
2.62
8.77
13.53
17.13
20.03
22.58
24.80
26.46
27.29
27.25
26.54
25.51
24.47
23.49
22.38
20.91
18.92
16.50
13.85
11.28
8.95
6.87
4.88
2.76
0.40
-2.17
-4.80
-7.33
-9.71
-12.13
-14.92
-18.39
-22.61
-27.26
-31.63
-34.83
-36.01
-34.66
-30.77
-24.82
-17.57
-9.89
-2.51
4.04
9.47
13.67
16.63
18.50
19.49
19.95
20.23
20.53
20.89
21.08
20.87
20.11
18.91
17.55
16.36
15.58
15.19
15.02
14.79
14.25
13.17
11.41
8.94
5.88
2.49
-0.91
-4.10
-7.05
-10.01
-13.30
-17.20
-21.71
-26.48
-30.89
-34.14
-35.46
-34.29
-30.50
-24.39
-16.69
-8.38
-0.39
6.57
12.22
16.62
19.98
22.44
23.95
24.32
23.37
21.14
17.96
14.34
10.87
7.94
5.75
4.27
3.34
2.80
2.50
2.28
1.91
1.16
-0.12
-1.93
-4.05
-6.17
-8.03
-9.57
-11.03
-12.76
-15.09
-18.14
-21.66
-25.12
-27.83
-29.12
-28.55
-25.96
-21.49
-15.56
-8.81
-1.95
4.35
9.58
13.47
16.01
17.33
17.61
17.00
15.61
13.58
11.10
8.39
5.74
3.40
1.55
0.35
-0.17
-0.07
0.44
1.02
1.29
0.96
-0.03
-1.55
-3.31
-5.07
-6.78
-8.59
-10.84
-13.79
-17.58
-22.06
-26.81
-31.19
-34.40
-35.74
-34.68
-31.10
-25.29
-17.92
-9.90
-2.13
4.63
9.88
13.47
15.53
16.40
16.54
16.36
16.17
16.04
15.82
15.26
14.18
12.59
10.75
8.99
7.58
6.61
5.91
5.21
4.31
3.13
1.71
0.16
-1.50
-3.35
-5.54
-8.24
-11.53
-15.43
-19.87
-24.63
-29.24
-33.01
-35.14
-34.87
-31.85
-26.27
-18.87
-10.76
-3.03
3.47
8.39
11.78
13.93
15.17
15.76
15.87
15.59
15.07
14.45
13.81
13.16
12.43
11.51
10.46
9.42
8.62
8.21
8.16
8.15
7.75
6.58
4.47
1.64
-1.46
-4.35
-6.75
-8.80
-10.88
-13.48
-16.88
-21.01
-25.42
-29.41
-32.24
-33.26
-32.05
-28.50
-22.87
-15.76
-8.05
-0.74
5.35
9.80
12.67
14.31
15.24
15.85
16.27
16.50
16.39
15.91
15.08
14.10
13.21
12.63
12.48
12.73
13.15
13.45
13.33
12.56
11.06
8.89
6.17
3.11
-0.05
-3.06
-5.67
-7.77
-9.45
-10.96
-12.71
-15.09
-18.32
-22.35
-26.83
-31.08
-34.23
-35.38
-33.85
-29.48
-22.73
-14.64
-6.47
0.63
6.07
9.82
12.31
14.08
15.52
16.70
17.49
17.74
17.45
16.84
16.26
16.01
16.20
16.61
16.87
16.67
15.89
14.76
13.68
12.91
12.45
11.92
10.80
8.70
5.57
1.74
-2.25
-5.89
-8.91
-11.30
-13.27
-15.15
-17.30
-19.96
-23.24
-26.90
-30.37
-32.85
-33.50
-31.74
-27.49
-21.26
-13.94
-6.55
0.04
5.35
9.24
11.89
13.51
14.29
14.37
13.95
13.33
12.91
12.98
13.60
14.49
15.24
15.51
15.26
14.73
14.23
13.87
13.41
12.40
10.50
7.71
4.46
1.32
-1.31
-3.44
-5.41
-7.71
-10.72
-14.48
-18.79
-23.20
-27.16
-30.07
-31.37
-30.59
-27.57
-22.49
-15.93
-8.73
-1.77
4.28
9.02
12.35
14.43
15.56
16.08
16.30
16.39
16.32
15.93
15.02
13.55
11.70
9.86
8.47
7.74
7.61
7.74
7.71
7.20
6.11
4.54
2.62
0.50
-1.76
-4.08
-6.39
-8.69
-11.06
-13.74
-17.01
-21.06
-25.66
-30.15
-33.53
-34.76
-33.19
-28.78
-22.15
-14.35
-6.54
0.42
6.07
10.36
13.45
15.61
17.05
17.89
18.25
18.17
17.74
17.02
16.07
14.94
13.74
12.60
11.68
11.14
11.05
11.32
11.69
11.76
11.16
9.61
7.12
3.92
0.46
-2.80
-5.47
-7.47
-9.00
-10.56
-12.78
-16.17
-20.86
-26.46
-32.03
-36.29
-38.03
-36.52
-31.72
-24.34
-15.60
-6.87
0.75
6.65
10.82
13.63
15.60
17.14
18.32
19.06
19.23
18.89
18.28
17.71
17.35
17.15
16.88
16.31
15.38
14.21
13.07
12.19
11.63
11.27
10.79
9.89
8.34
6.11
3.40
0.52
-2.30
-4.99
-7.67
-10.58
-13.88
-17.45
-21.09
-24.57
-27.76
-30.65
-33.17
-34.97
-35.40
-33.72
-29.48
-22.83
-14.58
-5.96
1.82
7.98
12.36
15.32
17.42
19.11
20.48
21.34
21.38
20.51
18.94
17.24
16.06
15.77
16.32
17.23
17.86
17.75
16.80
15.28
13.66
12.37
11.57
11.13
10.71
9.88
8.38
6.10
3.18
-0.08
-3.35
-6.32
-8.85
-11.00
-13.03
-15.21
-17.86
-21.11
-24.94
-29.06
-32.92
-35.72
-36.66
-35.08
-30.77
-24.10
-15.88
-7.17
1.10
8.29
14.19
18.85
22.39
24.96
26.64
27.63
28.18
28.63
29.25
30.21
31.46
32.82
34.04
34.96
35.47
35.55
35.23
34.56
33.65
32.66
31.79
31.17
30.78
30.45
29.89
28.84
27.17
24.95
22.42
19.88
17.59
15.64
13.95
12.31
10.42
8.03
4.96
1.31
-2.59
-6.12
-8.51
-8.95
-6.81
-1.84
5.76
15.34
25.94
36.49
46.03
53.80
59.42
62.74
63.93
63.29
61.20
58.03
53.99
49.12
43.27
36.27
28.11
18.96
9.20
-0.85
-11.05
-21.44
-32.15
-43.22
-54.45
-65.46
-75.75
-84.86
-92.46
-98.36
-102.45
-104.73
-105.36
-104.75
-103.50
-102.30
-101.69
-101.86
-102.49
-102.84
-101.90
-98.76
-92.93
-84.61
-74.63
-64.25
-54.66
-46.60
-40.05
-34.36
-28.51
-21.66
-13.48
-4.35
4.84
12.95
19.05
22.69
24.02
23.63
22.36
21.00
20.09
19.90
20.41
21.47
22.80
24.13
25.15
25.56
25.08
23.61
21.21
18.13
14.78
11.56
8.67
6.06
3.45
0.47
-2.94
-6.42
-9.01
-9.46
-6.73
-0.40
9.12
20.68
32.83
44.32
54.41
62.90
70.02
76.08
81.31
85.74
89.35
92.14
94.22
95.88
97.46
99.25
101.36
103.56
105.31
105.73
103.86
98.81
90.06
77.69
62.46
45.74
29.22
14.42
2.20
-7.61
-16.16
-25.16
-36.20
-50.13
-66.67
-84.48
-101.58
-115.96
-126.22
-131.96
-133.90
-133.55
-132.76
-133.11
-135.47
-139.93
-145.83
-152.03
-156.95
-158.79
-155.56
-145.52
-127.68
-102.40
-71.66
-38.82
-7.80
18.02
36.62
47.65
52.13
51.79
48.36
43.17
37.09
30.69
24.45
18.82
14.09
10.26
6.96
3.65
-0.11
-4.38
-8.88
-13.26
-17.38
-21.49
-26.04
-31.19
-36.49
-40.80
-42.62
-40.76
-34.90
-25.70
-14.59
-3.26
6.94
15.19
21.31
25.58
28.44
30.42
31.93
33.32
34.81
36.51
38.47
40.60
42.72
44.58
45.93
46.69
46.92
46.85
46.67
46.54
46.36
45.89
44.78
42.74
39.67
35.62
30.77
25.37
19.62
13.60
7.26
0.43
-7.12
-15.51
-24.56
-33.69
-41.98
-48.38
-52.13
-52.98
-51.30
-47.88
-43.51
-38.76
-33.82
-28.61
-23.09
-17.44
-12.03
-7.31
-3.61
-0.99
0.73
1.86
2.64
3.25
3.81
4.45
5.40
6.81
8.74
10.92
12.88
13.98
13.74
12.01
9.06
5.53
2.11
-0.66
-2.66
-4.18
-5.78
-8.04
-11.26
-15.31
-19.61
-23.22
-25.09
-24.30
-20.34
-13.27
-3.80
6.93
17.53
26.79
33.97
38.83
41.62
42.79
42.81
42.07
40.92
39.64
38.43
37.38
36.34
35.10
33.40
31.24
28.85
26.64
24.93
23.72
22.74
21.52
19.66
16.99
13.65
9.96
6.20
2.54
-1.01
-4.52
-8.06
-11.66
-15.45
-19.66
-24.63
-30.53
-37.09
-43.46
-48.33
-50.40
-48.81
-43.54
-35.43
-25.73
-15.73
-6.36
1.91
8.93
14.67
19.15
22.38
24.45
25.63
26.21
26.48
26.59
26.63
26.59
26.51
26.47
26.52
26.68
26.84
26.85
26.52
25.74
24.48
22.79
20.71
18.22
15.32
11.96
8.18
4.16
0.10
-3.79
-7.40
-10.69
-13.75
-16.66
-19.62
-22.92
-26.86
-31.55
-36.66
-41.30
-44.18
-44.06
-40.30
-33.14
-23.74
-13.68
-4.43
3.08
8.49
11.80
13.08
12.43
10.10
6.63
2.92
-0.04
-1.48
-1.18
0.50
2.87
5.26
7.30
8.91
10.18
11.13
11.74
11.89
11.54
10.76
9.64
8.25
6.52
4.29
1.40
-2.19
-6.30
-10.64
-14.83
-18.57
-21.66
-24.12
-26.09
-27.90
-29.87
-32.20
-34.97
-37.91
-40.49
-41.99
-41.60
-38.67
-32.88
-24.49
-14.22
-3.13
7.74
17.61
26.16
33.36
39.40
44.41
48.40
51.38
53.41
54.69
55.43
55.78
55.73
55.11
53.77
51.71
49.13
46.35
43.61
40.93
38.13
34.94
31.23
27.18
23.18
19.64
16.70
14.14
11.49
8.32
4.42
-0.16
-5.16
-10.46
-16.08
-22.20
-28.94
-36.07
-43.07
-49.14
-53.46
-55.45
-54.90
-51.96
-47.06
-40.75
-33.59
-26.07
-18.56
-11.38
-4.78
0.90
5.36
8.41
10.03
10.44
10.09
9.49
9.10
9.28
10.13
11.60
13.49
15.60
17.79
19.97
22.03
23.78
24.86
24.91
23.73
21.43
18.45
15.43
13.00
11.55
11.20
11.75
12.80
13.77
13.93
12.59
9.31
4.26
-1.74
-7.36
-11.25
-12.59
-11.31
-8.09
-3.97
0.16
3.77
6.76
9.22
11.25
12.83
13.89
14.43
14.53
14.38
14.05
13.44
12.34
10.49
7.89
4.80
1.72
-0.81
-2.44
-3.10
-3.04
-2.68
-2.55
-3.10
-4.60
-7.02
-10.11
-13.46
-16.67
-19.51
-21.95
-24.19
-26.45
-28.94
-31.69
-34.51
-36.98
-38.52
-38.53
-36.55
-32.51
-26.78
-20.11
-13.38
-7.27
-2.05
2.36
6.20
9.65
12.63
15.00
16.61
17.52
18.00
18.38
18.87
19.50
20.08
20.29
19.87
18.67
16.74
14.25
11.40
8.38
5.30
2.21
-0.92
-4.08
-7.28
-10.46
-13.52
-16.41
-19.17
-21.96
-25.07
-28.79
-33.27
-38.42
-43.73
-48.37
-51.43
-52.10
-50.04
-45.46
-39.04
-31.71
-24.38
-17.67
-11.88
-7.05
-3.07
0.18
2.78
4.80
6.30
7.37
8.10
8.61
8.99
9.33
9.71
10.18
10.74
11.35
11.92
12.31
12.46
12.29
11.75
10.77
9.28
7.19
4.50
1.37
-1.97
-5.23
-8.23
-10.96
-13.64
-16.58
-20.10
-24.33
-29.16
-34.16
-38.63
-41.76
-42.78
-41.24
-37.20
-31.16
-24.04
-16.76
-9.98
-4.02
1.19
5.79
9.85
13.21
15.65
17.03
17.48
17.41
17.26
17.37
17.79
18.33
18.63
18.49
17.89
17.01
16.14
15.42
14.86
14.21
13.19
11.49
9.07
6.06
2.75
-0.62
-4.02
-7.58
-11.59
-16.29
-21.72
-27.55
-33.16
-37.73
-40.46
-40.78
-38.47
-33.68
-26.90
-18.82
-10.23
-1.92
5.46
11.50
16.06
19.30
21.47
22.88
23.74
24.13
24.17
24.00
23.85
23.89
24.09
24.24
23.89
22.82
21.02
18.86
16.87
15.47
14.66
14.09
13.13
11.25
8.27
4.37
0.03
-4.29
-8.29
-11.98
-15.57
-19.39
-23.74
-28.69
-34.06
-39.36
-43.79
-46.42
-46.48
-43.56
-37.87
-30.17
-21.53
-13.01
-5.27
1.46
7.27
12.33
16.71
20.33
23.00
24.72
25.65
26.10
26.43
26.84
27.31
27.65
27.65
27.19
26.34
25.27
24.25
23.42
22.73
21.94
20.71
18.76
15.98
12.56
8.82
5.15
1.80
-1.16
-3.89
-6.65
-9.72
-13.32
-17.55
-22.44
-27.90
-33.65
-39.17
-43.64
-46.14
-45.86
-42.43
-36.06
-27.58
-18.14
-8.91
-0.69
6.19
11.79
16.40
20.22
23.35
25.70
27.19
27.88
27.96
27.78
27.72
27.96
28.49
29.03
29.21
28.81
27.88
26.70
25.63
24.87
24.25
23.39
21.88
19.52
16.42
12.90
9.27
5.67
2.11
-1.46
-5.01
-8.41
-11.61
-14.71
-18.04
-22.05
-27.06
-33.05
-39.45
-45.26
-49.28
-50.43
-48.14
-42.53
-34.37
-24.84
-15.08
-5.96
2.07
8.85
14.36
18.64
21.67
23.55
24.46
24.63
24.30
23.72
23.15
22.82
22.83
23.10
23.34
23.20
22.49
21.34
20.13
19.22
18.71
18.27
17.29
15.28
12.10
8.12
3.97
0.23
-2.90
-5.62
-8.42
-11.84
-16.19
-21.50
-27.45
-33.48
-38.83
-42.63
-44.07
-42.55
-37.94
-30.65
-21.62
-12.07
-3.17
4.27
9.92
13.88
16.49
18.12
19.04
19.41
19.28
18.73
17.89
16.94
16.00
15.14
14.29
13.34
12.23
10.97
9.65
8.40
7.24
6.08
4.70
2.91
0.59
-2.20
-5.33
-8.68
-12.20
-15.97
-20.14
-24.86
-30.25
-36.24
-42.63
-48.88
-54.28
-57.95
-59.04
-56.98
-51.67
-43.60
-33.67
-23.01
-12.59
-3.08
5.20
12.20
17.93
22.31
25.25
26.70
26.79
25.95
24.66
23.41
22.52
22.12
22.19
22.70
23.56
24.65
25.77
26.59
26.81
26.21
24.69
22.32
19.29
15.88
12.45
9.38
7.01
5.53
4.83
4.54
4.13
3.09
1.11
-1.78
-5.26
-8.73
-11.43
-12.60
-11.66
-8.40
-3.08
3.57
10.54
16.84
21.71
24.89
26.55
27.23
27.58
28.08
28.92
29.88
30.53
30.47
29.51
27.76
25.63
23.54
21.84
20.64
19.84
19.25
18.63
17.80
16.60
14.93
12.72
9.93
6.59
2.84
-1.13
-5.05
-8.63
-11.74
-14.51
-17.28
-20.62
-24.93
-30.26
-36.07
-41.37
-44.94
-45.75
-43.34
-37.94
-30.44
-21.99
-13.77
-6.58
-0.77
3.69
7.10
9.77
11.93
13.67
14.99
15.88
16.40
16.61
16.55
16.24
15.67
14.81
13.68
12.37
11.00
9.67
8.41
7.16
5.76
3.99
1.66
-1.26
-4.61
-8.05
-11.25
-13.98
-16.29
-18.52
-21.16
-24.68
-29.23
-34.42
-39.38
-42.91
-43.87
-41.58
-36.08
-28.12
-18.86
-9.48
-0.90
6.41
12.32
16.85
20.11
22.23
23.41
23.94
24.10
24.04
23.81
23.34
22.61
21.71
20.84
20.18
19.75
19.36
18.65
17.27
15.08
12.17
8.85
5.49
2.34
-0.58
-3.41
-6.44
-9.93
-14.07
-18.85
-24.08
-29.37
-34.13
-37.65
-39.19
-38.13
-34.18
-27.52
-18.85
-9.29
-0.14
7.56
13.27
17.06
19.57
21.57
23.65
25.92
28.06
29.52
29.86
29.01
27.24
25.06
22.88
20.94
19.24
17.64
16.03
14.36
12.58
10.60
8.25
5.33
1.79
-2.16
-6.14
-9.71
-12.68
-15.14
-17.57
-20.55
-24.56
-29.54
-34.90
-39.53
-42.22
-42.05
-38.72
-32.67
-24.82
-16.27
-8.04
-0.81
5.05
9.41
12.34
14.12
15.14
15.90
16.75
17.86
19.12
20.21
20.82
20.76
20.06
18.88
17.45
15.95
14.51
13.22
12.06
10.89
9.47
7.49
4.75
1.29
-2.66
-6.67
-10.43
-13.81
-17.04
-20.52
-24.71
-29.82
-35.69
-41.75
-47.14
-50.87
-52.10
-50.36
-45.69
-38.69
-30.35
-21.83
-14.10
-7.72
-2.80
0.96
3.92
6.42
8.60
10.44
11.92
13.08
14.05
14.94
15.76
16.36
16.50
16.10
15.25
14.24
13.41
12.95
12.77
12.49
11.67
9.96
7.28
3.88
0.22
-3.20
-6.05
-8.28
-10.09
-11.86
-14.07
-17.13
-21.25
-26.35
-32.00
-37.33
-41.23
-42.62
-40.81
-35.81
-28.30
-19.41
-10.39
-2.13
4.91
10.65
15.19
18.61
20.93
22.24
22.71
22.59
22.20
21.77
21.48
21.47
21.81
22.50
23.41
24.30
24.93
25.14
24.99
24.67
24.37
24.07
23.48
22.17
19.75
16.14
11.55
6.38
0.94
-4.63
-10.37
-16.29
-22.09
-26.99
-29.97
-30.10
-26.95
-20.87
-12.91
-4.41
3.46
9.97
14.93
18.53
21.00
22.56
23.24
23.15
22.40
21.21
19.80
18.29
16.76
15.20
13.64
12.15
10.84
9.83
9.15
8.72
8.30
7.58
6.24
4.12
1.22
-2.24
-6.03
-9.97
-14.06
-18.51
-23.52
-29.22
-35.36
-41.33
-46.15
-48.74
-48.22
-44.26
-37.22
-28.09
-18.17
-8.65
-0.30
6.63
12.28
16.86
20.51
23.16
24.75
25.34
25.18
24.65
24.06
23.52
22.90
21.96
20.59
18.86
17.09
15.65
14.81
14.48
14.26
13.57
11.92
9.12
5.37
1.13
-3.12
-7.12
-10.97
-15.02
-19.72
-25.35
-31.87
-38.87
-45.62
-51.16
-54.51
-54.87
-51.84
-45.54
-36.58
-25.97
-14.85
-4.28
4.98
12.50
18.24
22.39
25.28
27.26
28.63
29.53
30.04
30.17
29.94
29.41
28.64
27.72
26.67
25.57
24.46
23.52
22.88
22.60
22.56
22.44
21.80
20.22
17.54
13.91
9.78
5.73
2.27
-0.36
-2.22
-3.65
-5.15
-7.30
-10.61
-15.43
-21.73
-28.96
-36.00
-41.39
-43.75
-42.32
-37.19
-29.37
-20.32
-11.47
-3.77
2.47
7.34
11.13
14.05
16.16
17.49
18.13
18.27
18.11
17.84
17.56
17.32
17.12
16.94
16.78
16.58
16.30
15.87
15.18
14.06
12.30
9.74
6.34
2.32
-1.89
-5.77
-8.98
-11.49
-13.64
-15.99
-19.03
-23.16
-28.40
-34.46
-40.62
-45.85
-48.93
-48.81
-44.99
-37.70
-27.99
-17.32
-7.16
1.42
7.97
12.63
15.88
18.24
20.10
21.53
22.41
22.55
21.85
20.46
18.72
17.16
16.20
16.05
16.63
17.62
18.52
18.89
18.42
16.95
14.58
11.49
7.96
4.25
0.57
-2.95
-6.36
-9.82
-13.70
-18.31
-23.77
-29.69
-35.16
-38.94
-39.90
-37.45
-31.80
-23.88
-14.99
-6.34
1.28
7.56
12.47
16.11
18.53
19.78
19.94
19.23
17.97
16.49
15.07
13.83
12.79
11.90
11.08
10.37
9.81
9.44
9.19
8.85
8.11
6.70
4.49
1.58
-1.78
-5.34
-9.03
-12.94
-17.30
-22.30
-27.97
-34.09
-40.05
-45.01
-47.98
-48.08
-44.82
-38.33
-29.39
-19.27
-9.33
-0.62
6.38
11.73
15.85
19.19
21.94
24.10
25.45
25.85
25.28
23.94
22.09
20.03
18.02
16.26
14.92
14.09
13.81
13.89
13.95
13.49
12.10
9.58
6.13
2.16
-1.84
-5.55
-8.97
-12.47
-16.60
-21.82
-28.25
-35.46
-42.44
-47.86
-50.46
-49.41
-44.65
-36.81
-27.04
-16.60
-6.61
2.20
9.45
15.11
19.31
22.31
24.38
25.78
26.70
27.19
27.24
26.77
25.75
24.29
22.61
21.02
19.80
19.11
18.88
18.86
18.67
17.93
16.37
13.95
10.79
7.15
3.35
-0.38
-3.92
-7.33
-10.80
-14.58
-18.93
-24.01
-29.76
-35.77
-41.29
-45.18
-46.33
-43.97
-38.00
-29.09
-18.50
-7.73
1.95
9.72
15.39
19.17
21.55
23.09
24.20
25.08
25.69
25.84
25.33
24.20
22.65
21.08
19.82
19.04
18.67
18.49
18.25
17.77
16.92
15.58
13.62
10.89
7.40
3.31
-1.01
-5.18
-8.93
-12.27
-15.56
-19.30
-23.90
-29.37
-35.17
-40.17
-43.06
-42.75
-38.76
-31.53
-22.21
-12.30
-3.13
4.51
10.51
15.16
18.92
21.98
24.22
25.33
25.03
23.33
20.59
17.50
14.73
12.79
11.83
11.72
12.13
12.71
13.11
13.08
12.46
11.17
9.19
6.62
3.61
0.43
-2.74
-5.81
-8.90
-12.28
-16.32
-21.21
-26.86
-32.72
-37.88
-41.22
-41.76
-39.04
-33.24
-25.16
-15.92
-6.59
2.04
9.56
15.83
20.83
24.53
26.88
27.87
27.63
26.48
24.80
22.96
21.17
19.48
17.81
16.10
14.38
12.83
11.69
11.08
10.91
10.80
10.25
8.82
6.35
3.03
-0.79
-4.70
-8.44
-11.98
-15.48
-19.19
-23.36
-28.07
-33.15
-38.13
-42.18
-44.39
-43.95
-40.44
-34.04
-25.43
-15.64
-5.73
3.43
11.31
17.73
22.71
26.42
29.05
30.84
31.96
32.60
32.85
32.78
32.37
31.58
30.40
28.91
27.27
25.72
24.42
23.34
22.33
21.08
19.33
16.93
13.80
10.07
5.99
1.87
-2.01
-5.43
-8.44
-11.20
-14.00
-17.16
-20.95
-25.52
-30.81
-36.44
-41.66
-45.41
-46.62
-44.52
-39.01
-30.74
-20.98
-11.24
-2.73
3.88
8.56
11.73
13.95
15.75
17.40
19.01
20.52
21.85
22.89
23.58
23.85
23.61
22.80
21.44
19.74
18.06
16.78
16.10
15.95
15.89
15.38
13.92
11.32
7.75
3.71
-0.21
-3.51
-6.04
-7.94
-9.64
-11.61
-14.24
-17.68
-21.83
-26.34
-30.64
-34.06
-35.92
-35.66
-32.95
-27.85
-20.87
-12.85
-4.83
2.24
7.72
11.45
13.70
15.06
16.10
17.17
18.26
19.10
19.25
18.48
16.88
14.81
12.85
11.41
10.67
10.50
10.57
10.52
10.00
8.79
6.75
3.89
0.31
-3.73
-7.87
-11.76
-15.14
-18.01
-20.61
-23.36
-26.71
-30.92
-35.85
-40.89
-45.02
-47.06
-46.03
-41.55
-33.96
-24.25
-13.79
-3.84
4.67
11.29
16.03
19.08
20.73
21.26
20.90
19.98
18.81
17.72
16.92
16.39
15.95
15.32
14.39
13.30
12.46
12.24
12.79
13.84
14.74
14.82
13.65
11.28
8.15
4.90
2.05
-0.19
-2.02
-3.88
-6.31
-9.70
-14.14
-19.36
-24.70
-29.27
-32.12
-32.52
-30.07
-24.88
-17.54
-8.99
-0.34
7.45
13.75
18.42
21.67
23.91
25.48
26.52
27.04
27.04
26.50
25.47
23.92
21.78
18.90
15.31
11.24
7.22
3.88
1.64
0.49
-0.03
-0.69
-2.23
-5.07
-9.18
-14.12
-19.28
-24.11
-28.30
-31.81
-34.84
-37.71
-40.71
-44.06
-47.71
-51.32
-54.27
-55.65
-54.56
-50.35
-42.86
-32.52
-20.32
-7.54
4.53
14.92
23.21
29.45
34.02
37.36
39.77
41.27
41.71
41.03
39.43
37.41
35.55
34.22
33.32
32.32
30.55
27.61
23.66
19.34
15.51
12.78
11.24
10.58
10.25
9.86
9.29
8.62
7.94
7.20
6.16
4.54
2.27
-0.44
-3.16
-5.50
-7.29
-8.68
-10.00
-11.48
-13.08
-14.39
-14.89
-14.20
-12.37
-9.93
-7.71
-6.49
-6.66
-8.13
-10.31
-12.43
-13.82
-14.05
-13.02
-10.92
-8.06
-4.74
-1.20
2.37
5.81
8.97
11.66
13.76
15.21
16.01
16.26
16.05
15.49
14.65
13.61
12.38
10.90
9.07
6.83
4.20
1.34
-1.46
-3.88
-5.61
-6.51
-6.65
-6.25
-5.66
-5.12
-4.83
-4.81
-5.01
-5.35
-5.74
-6.16
-6.59
-7.08
-7.61
-8.07
-8.34
-8.32
-7.96
-7.27
-6.31
-5.02
-3.31
-0.99
2.07
5.96
10.65
16.02
21.88
27.89
33.56
38.18
40.98
41.31
38.86
33.81
26.83
18.93
11.15
4.26
-1.38
-5.87
-9.62
-13.14
-16.70
-20.27
-23.51
-25.88
-26.93
-26.43
-24.47
-21.33
-17.45
-13.27
-9.16
-5.48
-2.48
-0.31
1.05
1.82
2.30
2.80
3.52
4.53
5.78
7.17
8.58
9.86
10.83
11.23
10.82
9.39
6.86
3.35
-0.75
-4.97
-8.88
-12.29
-15.26
-18.00
-20.79
-23.80
-27.10
-30.69
-34.61
-38.97
-43.73
-48.66
-53.17
-56.45
-57.74
-56.57
-52.97
-47.37
-40.38
-32.66
-24.76
-17.18
-10.37
-4.68
-0.33
2.75
4.80
6.22
7.34
8.30
9.13
9.79
10.36
10.99
11.79
12.73
13.55
13.86
13.36
12.02
10.07
7.93
5.91
4.10
2.34
0.35
-2.05
-4.90
-8.07
-11.40
-14.86
-18.54
-22.52
-26.80
-31.04
-34.65
-36.87
-37.01
-34.64
-29.84
-23.06
-15.12
-6.89
0.84
7.58
13.11
17.46
20.71
22.98
24.34
24.88
24.75
24.13
23.28
22.39
21.55
20.73
19.88
19.02
18.20
17.57
17.19
16.98
16.62
15.71
13.92
11.15
7.61
3.76
0.05
-3.21
-6.05
-8.80
-11.93
-15.83
-20.65
-26.21
-31.96
-37.08
-40.66
-41.93
-40.37
-35.92
-28.97
-20.34
-11.01
-1.94
6.07
12.56
17.34
20.49
22.22
22.91
22.93
22.70
22.52
22.51
22.67
22.84
22.84
22.58
22.05
21.31
20.47
19.58
18.60
17.44
15.96
14.04
11.58
8.53
4.99
1.16
-2.70
-6.32
-9.60
-12.72
-16.08
-20.19
-25.31
-31.41
-37.95
-44.07
-48.75
-51.10
-50.54
-46.90
-40.48
-31.95
-22.26
-12.36
-3.07
5.14
12.09
17.81
22.44
26.05
28.66
30.29
31.05
31.18
30.95
30.64
30.39
30.23
30.00
29.55
28.73
27.52
26.06
24.55
23.14
21.89
20.68
19.24
17.33
14.77
11.59
7.94
4.09
0.30
-3.33
-6.80
-10.32
-14.09
-18.32
-23.09
-28.23
-33.36
-37.86
-40.99
-42.03
-40.47
-36.17
-29.40
-20.90
-11.65
-2.74
5.00
11.11
15.63
18.83
21.09
22.67
23.60
23.87
23.49
22.69
21.83
21.27
21.20
21.51
21.92
22.07
21.75
20.88
19.56
17.92
16.07
14.10
12.00
9.70
7.04
3.91
0.31
-3.57
-7.35
-10.64
-13.20
-15.15
-16.87
-18.97
-22.03
-26.40
-32.04
-38.50
-44.89
-50.03
-52.75
-52.15
-47.93
-40.46
-30.68
-19.84
-9.12
0.59
8.80
15.37
20.41
24.14
26.77
28.43
29.18
29.07
28.17
26.68
24.95
23.34
22.18
21.65
21.75
22.33
23.07
23.65
23.67
22.83
20.92
17.98
14.18
9.84
5.25
0.70
-3.65
-7.68
-11.41
-14.97
-18.62
-22.59
-26.86
-31.06
-34.40
-35.88
-34.68
-30.50
-23.73
-15.28
-6.32
2.17
9.59
15.75
20.70
24.53
27.24
28.75
29.07
28.34
26.87
25.08
23.34
21.88
20.71
19.70
18.71
17.68
16.73
15.96
15.39
14.80
13.78
11.93
9.06
5.36
1.31
-2.55
-5.90
-8.78
-11.57
-14.76
-18.76
-23.81
-29.96
-36.98
-44.35
-51.15
-56.11
-57.93
-55.73
-49.44
-39.92
-28.70
-17.39
-7.16
1.51
8.73
14.81
19.92
24.02
26.95
28.67
29.36
29.44
29.27
29.08
28.82
28.29
27.32
25.92
24.29
22.74
21.52
20.67
19.99
19.11
17.63
15.22
11.84
7.66
3.00
-1.75
-6.29
-10.48
-14.29
-17.84
-21.34
-25.07
-29.39
-34.62
-40.74
-47.27
-53.13
-56.91
-57.23
-53.28
-45.22
-34.15
-21.80
-9.94
0.18
8.07
13.97
18.45
22.07
25.13
27.61
29.42
30.52
31.06
31.30
31.51
31.84
32.29
32.69
32.87
32.71
32.16
31.27
30.18
29.00
27.79
26.48
24.81
22.43
19.01
14.50
9.14
3.45
-1.93
-6.59
-10.40
-13.59
-16.53
-19.56
-22.87
-26.61
-30.86
-35.65
-40.78
-45.65
-49.22
-50.29
-47.98
-42.08
-33.19
-22.51
-11.36
-0.81
8.57
16.50
22.96
28.00
31.77
34.53
36.61
38.19
39.25
39.58
39.00
37.54
35.59
33.72
32.41
31.81
31.74
31.82
31.78
31.51
31.00
30.20
28.89
26.78
23.67
19.68
15.28
11.09
7.58
4.80
2.47
0.09
-2.70
-5.96
-9.46
-12.89
-16.08
-19.09
-22.04
-24.91
-27.36
-28.78
-28.54
-26.30
-22.12
-16.52
-10.28
-4.13
1.34
5.73
8.91
10.86
11.73
11.84
11.57
11.27
11.22
11.49
12.02
12.70
13.41
14.09
14.75
15.41
16.06
16.67
17.21
17.61
17.82
17.74
17.18
15.99
14.07
11.52
8.59
5.61
2.87
0.49
-1.58
-3.49
-5.36
-7.21
-8.94
-10.30
-11.07
-11.05
-10.12
-8.33
-5.82
-2.80
0.49
3.82
6.99
9.70
11.62
12.32
11.50
9.11
5.47
1.28
-2.62
-5.54
-7.19
-7.70
-7.59
-7.46
-7.79
-8.76
-10.27
-11.98
-13.45
-14.31
-14.32
-13.52
-12.15
-10.63
-9.34
-8.51
-8.17
-8.22
-8.60
-9.29
-10.39
-11.98
-14.06
-16.44
-18.79
-20.75
-21.95
-22.07
-20.83
-18.11
-14.00
-8.91
-3.57
1.14
4.44
5.94
5.76
4.50
2.91
1.66
1.04
0.98
1.15
1.20
0.93
0.39
-0.30
-0.96
-1.55
-2.19
-3.05
-4.27
-5.84
-7.57
-9.17
-10.47
-11.51
-12.55
-14.01
-16.19
-19.08
-22.33
-25.30
-27.40
-28.39
-28.47
-28.26
-28.46
-29.60
-31.80
-34.74
-37.79
-40.20
-41.27
-40.47
-37.55
-32.53
-25.72
-17.66
-9.05
-0.65
6.90
13.10
17.78
21.03
23.14
24.49
25.42
26.10
26.55
26.68
26.36
25.53
24.32
22.96
21.79
21.00
20.63
20.46
20.13
19.32
17.94
16.15
14.23
12.41
10.65
8.71
6.31
3.38
0.14
-3.00
-5.63
-7.62
-9.09
-10.41
-11.96
-14.02
-16.67
-19.88
-23.39
-26.81
-29.58
-31.02
-30.60
-28.08
-23.63
-17.80
-11.30
-4.77
1.29
6.50
10.62
13.46
15.01
15.41
15.05
14.36
13.69
13.20
12.80
12.32
11.62
10.75
9.89
9.29
9.06
9.15
9.35
9.36
8.99
8.16
6.98
5.59
4.11
2.61
1.10
-0.38
-1.81
-3.20
-4.71
-6.73
-9.63
-13.59
-18.20
-22.48
-25.12
-24.99
-21.67
-15.66
-8.24
-0.91
5.11
9.26
11.68
12.90
13.50
13.88
14.06
13.88
13.13
11.76
9.94
8.00
6.36
5.29
4.85
4.88
5.05
4.99
4.48
3.45
1.99
0.23
-1.72
-3.86
-6.20
-8.79
-11.56
-14.41
-17.29
-20.30
-23.69
-27.67
-32.17
-36.64
-40.07
-41.25
-39.33
-34.14
-26.39
-17.36
-8.45
-0.62
5.78
10.93
15.19
18.80
21.77
24.00
25.39
25.98
25.89
25.25
24.12
22.55
20.70
18.86
17.38
16.45
16.03
15.83
15.48
14.79
13.77
12.56
11.27
9.78
7.85
5.24
1.89
-2.01
-6.18
-10.39
-14.49
-18.40
-21.85
-24.38
-25.37
-24.27
-20.90
-15.58
-9.11
-2.45
3.49
8.19
11.54
13.77
15.23
16.18
16.76
16.99
16.93
16.76
16.82
17.45
18.80
20.73
22.80
24.51
25.44
25.48
24.75
23.56
22.13
20.53
18.65
16.30
13.43
10.24
7.10
4.45
2.51
1.23
0.26
-0.87
-2.50
-4.62
-6.93
-8.93
-10.03
-9.86
-8.17
-4.98
-0.48
4.99
11.00
17.11
22.92
28.12
32.46
35.73
37.72
38.27
37.30
34.85
31.01
25.91
19.69
12.59
5.06
-2.23
-8.46
-12.93
-15.46
-16.45
-16.80
-17.54
-19.40
-22.58
-26.73
-31.22
-35.42
-38.91
-41.52
-43.25
-44.17
-44.46
-44.28
-43.84
-43.41
-43.23
-43.47
-44.12
-44.85
-45.01
-43.75
-40.32
-34.45
-26.60
-17.82
-9.46
-2.59
2.36
5.59
7.70
9.24
10.43
11.14
11.09
10.21
8.77
7.25
6.21
5.99
6.59
7.69
8.77
9.38
9.20
8.20
6.61
4.77
2.98
1.38
-0.13
-1.82
-3.96
-6.77
-10.23
-14.23
-18.50
-22.70
-26.40
-28.98
-29.66
-27.74
-22.84
-15.18
-5.66
4.37
13.52
20.76
25.75
28.70
30.15
30.70
30.75
30.50
30.01
29.29
28.43
27.51
26.58
25.59
24.41
22.88
20.86
18.35
15.42
12.22
8.92
5.63
2.34
-0.98
-4.34
-7.58
-10.38
-12.31
-13.01
-12.40
-10.73
-8.48
-6.16
-4.14
-2.47
-0.93
0.67
2.36
3.78
4.37
3.47
0.77
-3.54
-8.78
-13.93
-18.11
-20.79
-21.96
-21.99
-21.34
-20.35
-19.09
-17.49
-15.54
-13.43
-11.51
-10.19
-9.59
-9.59
-9.81
-9.81
-9.37
-8.59
-7.80
-7.46
-7.90
-9.14
-10.99
-13.08
-15.12
-16.97
-18.66
-20.44
-22.58
-25.32
-28.67
-32.32
-35.64
-37.72
-37.75
-35.18
-30.06
-22.99
-14.95
-6.98
0.12
6.00
10.70
14.46
17.60
20.29
22.55
24.31
25.45
26.00
26.09
25.93
25.69
25.42
25.01
24.37
23.53
22.68
22.12
22.10
22.57
23.23
23.62
23.35
22.29
20.60
18.62
16.68
14.93
13.39
11.96
10.63
9.36
8.12
6.74
4.86
2.13
-1.53
-5.78
-9.76
-12.34
-12.55
-9.97
-4.96
1.54
8.38
14.62
19.74
23.69
26.61
28.72
30.05
30.58
30.34
29.46
28.21
26.86
25.61
24.45
23.28
21.90
20.21
18.20
16.02
13.86
11.85
10.03
8.36
6.84
5.43
4.12
2.77
1.15
-0.92
-3.53
-6.44
-9.29
-11.66
-13.34
-14.41
-15.15
-15.85
-16.71
-17.75
-18.94
-20.24
-21.53
-22.55
-22.88
-22.06
-19.91
-16.61
-12.81
-9.26
-6.47
-4.54
-3.13
-1.71
0.14
2.52
5.15
7.52
9.11
9.59
8.90
7.37
5.56
4.11
3.53
4.05
5.54
7.55
9.44
10.46
9.93
7.47
3.15
-2.32
-7.78
-11.82
-13.32
-11.81
-7.66
-1.88
4.26
9.64
13.58
15.83
16.41
15.44
13.12
9.80
6.14
3.10
1.75
2.92
6.79
12.80
19.75
26.25
31.14
33.83
34.24
32.64
29.43
25.02
19.80
14.13
8.37
2.78
-2.52
-7.54
-12.34
-16.89
-21.13
-24.96
-28.35
-31.27
-33.75
-35.78
-37.35
-38.54
-39.42
-40.09
-40.56
-40.82
-40.85
-40.78
-41.00
-41.99
-44.16
-47.59
-51.91
-56.27
-59.63
-60.95
-59.63
-55.52
-49.02
-40.96
-32.29
-23.89
-16.28
-9.66
-3.95
1.01
5.36
9.19
12.52
15.46
18.11
20.62
23.10
25.62
28.19
30.75
33.17
35.25
36.78
37.60
37.67
37.08
35.96
34.42
32.38
29.78
26.55
22.89
19.24
16.16
14.11
13.16
12.92
12.68
11.77
9.79
6.85
3.47
0.35
-1.90
-2.98
-2.86
-1.72
0.23
2.79
5.76
8.83
11.51
13.21
13.36
11.59
7.89
2.68
-3.30
-9.22
-14.36
-18.40
-21.34
-23.52
-25.37
-27.24
-29.23
-31.20
-32.81
-33.72
-33.74
-32.94
-31.64
-30.32
-29.40
-29.08
-29.33
-29.99
-30.89
-31.92
-33.05
-34.32
-35.68
-37.12
-38.70
-40.60
-43.05
-46.09
-49.34
-51.89
-52.59
-50.41
-44.90
-36.54
-26.48
-16.21
-6.94
0.77
7.00
12.19
16.73
20.76
24.12
26.63
28.32
29.50
30.59
31.89
33.34
34.58
35.17
34.84
33.72
32.27
31.04
30.37
30.26
30.37
30.24
29.51
27.98
25.66
22.69
19.23
15.52
11.75
8.09
4.67
1.40
-1.90
-5.54
-9.74
-14.52
-19.57
-24.25
-27.72
-29.14
-27.94
-23.99
-17.70
-9.85
-1.41
6.71
13.89
19.77
24.24
27.25
28.92
29.45
29.16
28.48
27.78
27.33
27.22
27.34
27.52
27.60
27.58
27.61
27.96
28.81
30.23
32.01
33.73
34.90
35.14
34.34
32.64
30.41
28.00
25.57
22.98
19.85
15.80
10.65
4.63
-1.65
-7.28
-11.39
-13.30
-12.83
-10.23
-6.12
-1.28
3.58
7.89
11.36
13.90
15.63
16.68
17.20
17.24
16.79
15.90
14.63
13.16
11.57
9.95
8.23
6.28
3.95
1.18
-1.90
-5.03
-7.88
-10.23
-12.05
-13.51
-14.88
-16.36
-18.01
-19.77
-21.51
-23.15
-24.68
-26.16
-27.72
-29.53
-31.73
-34.45
-37.63
-40.99
-43.94
-45.73
-45.64
-43.25
-38.64
-32.37
-25.28
-18.16
-11.55
-5.62
-0.35
4.27
8.16
11.07
12.86
13.55
13.43
12.99
12.65
12.66
12.92
13.18
13.16
12.77
12.08
11.37
10.90
10.82
11.07
11.37
11.35
10.65
9.08
6.68
3.69
0.50
-2.55
-5.25
-7.60
-9.85
-12.45
-15.85
-20.26
-25.53
-30.99
-35.55
-38.09
-37.79
-34.44
-28.52
-20.98
-12.88
-5.05
2.07
8.36
13.94
18.88
23.16
26.61
29.06
30.47
30.96
30.83
30.38
29.86
29.37
28.85
28.22
27.37
26.24
24.85
23.26
21.55
19.76
17.96
16.14
14.21
12.07
9.57
6.56
3.01
-1.00
-5.26
-9.47
-13.33
-16.66
-19.50
-22.05
-24.68
-27.70
-31.29
-35.32
-39.30
-42.48
-43.97
-43.11
-39.58
-33.56
-25.73
-17.07
-8.61
-1.18
4.74
9.12
12.15
14.19
15.60
16.67
17.58
18.44
19.28
19.97
20.42
20.49
20.14
19.42
18.54
17.74
17.27
17.26
17.64
18.21
18.58
18.35
17.20
15.02
12.00
8.50
4.94
1.63
-1.32
-4.03
-6.70
-9.56
-12.77
-16.38
-20.38
-24.57
-28.51
-31.52
-32.80
-31.69
-28.01
-22.25
-15.42
-8.84
-3.54
-0.01
1.93
2.91
3.64
4.55
5.67
6.69
7.28
7.29
6.87
6.37
6.12
6.25
6.65
7.03
7.15
6.91
6.39
5.73
5.02
4.30
3.47
2.45
1.23
-0.18
-1.75
-3.53
-5.63
-8.30
-11.80
-16.28
-21.65
-27.39
-32.55
-35.96
-36.58
-33.92
-28.22
-20.43
-11.82
-3.57
3.58
9.40
14.00
17.55
20.15
21.77
22.44
22.37
21.98
21.74
21.95
22.63
23.39
23.75
23.33
22.07
20.29
18.50
17.20
16.60
16.60
16.85
16.98
16.69
15.86
14.48
12.58
10.25
7.68
5.14
2.93
1.23
-0.03
-1.22
-2.82
-5.21
-8.37
-11.93
-15.15
-17.29
-17.84
-16.69
-14.08
-10.40
-6.12
-1.53
3.20
8.01
12.88
17.66
22.15
26.07
29.23
31.59
33.32
34.70
36.01
37.34
38.42
38.72
37.56
34.45
29.35
22.80
15.74
9.08
3.39
-1.37
-5.71
-10.22
-15.18
-20.38
-25.24
-29.19
-31.98
-33.80
-35.20
-36.71
-38.73
-41.38
-44.57
-48.10
-51.54
-54.26
-55.42
-54.21
-50.16
-43.50
-35.12
-26.28
-18.21
-11.61
-6.59
-2.82
0.17
2.69
4.86
6.64
8.07
9.22
10.28
11.32
12.29
13.09
13.62
13.92
14.11
14.36
14.71
15.11
15.35
15.20
14.46
13.09
11.16
8.87
6.39
3.85
1.31
-1.24
-3.82
-6.38
-8.84
-11.19
-13.54
-16.21
-19.51
-23.51
-27.80
-31.50
-33.49
-32.91
-29.54
-23.93
-17.13
-10.24
-4.00
1.39
6.08
10.35
14.21
17.45
19.72
20.86
20.96
20.41
19.62
18.89
18.28
17.67
16.95
16.10
15.22
14.56
14.26
14.37
14.73
15.01
14.78
13.71
11.62
8.61
5.05
1.46
-1.70
-4.25
-6.29
-8.15
-10.18
-12.58
-15.32
-18.26
-21.25
-24.15
-26.76
-28.66
-29.27
-27.99
-24.50
-19.01
-12.24
-5.19
1.22
6.35
10.00
12.24
13.38
13.71
13.56
13.17
12.68
12.20
11.78
11.45
11.21
11.00
10.71
10.20
9.42
8.44
7.41
6.48
5.66
4.82
3.68
2.05
-0.10
-2.59
-5.24
-7.84
-10.31
-12.67
-14.99
-17.51
-20.50
-24.12
-28.19
-32.06
-34.68
-34.99
-32.35
-26.91
-19.58
-11.69
-4.43
1.49
5.96
9.24
11.70
13.48
14.62
15.03
14.75
14.01
13.15
12.53
12.32
12.46
12.67
12.63
12.13
11.23
10.10
8.93
7.76
6.40
4.58
2.15
-0.83
-4.06
-7.16
-9.87
-12.22
-14.49
-17.14
-20.61
-25.12
-30.45
-35.96
-40.61
-43.26
-43.05
-39.66
-33.50
-25.55
-16.97
-8.80
-1.61
4.39
9.26
13.04
15.73
17.32
17.98
18.09
18.12
18.49
19.32
20.42
21.39
21.85
21.61
20.79
19.69
18.62
17.74
16.91
15.85
14.25
11.97
9.13
6.05
3.15
0.70
-1.28
-3.05
-5.05
-7.74
-11.42
-16.11
-21.50
-26.91
-31.45
-34.09
-34.00
-30.83
-24.79
-16.68
-7.59
1.46
9.82
17.20
23.58
28.97
33.19
36.02
37.32
37.23
36.23
34.95
33.94
33.45
33.39
33.45
33.33
32.80
31.86
30.56
29.03
27.37
25.64
23.86
21.90
19.61
16.77
13.30
9.27
5.01
0.98
-2.38
-4.86
-6.61
-8.11
-10.04
-12.96
-17.12
-22.24
-27.59
-32.16
-34.87
-35.02
-32.42
-27.51
-21.18
-14.52
-8.44
-3.40
0.50
3.50
5.80
7.53
8.64
9.07
8.93
8.45
7.98
7.71
7.59
7.28
6.41
4.77
2.54
0.24
-1.51
-2.21
-1.86
-0.88
0.02
0.20
-0.66
-2.35
-4.34
-6.03
-7.12
-7.78
-8.48
-9.81
-12.13
-15.40
-19.30
-23.34
-27.04
-29.89
-31.40
-31.01
-28.24
-22.95
-15.55
-6.98
1.50
8.73
14.03
17.28
18.86
19.30
19.10
18.58
17.90
17.21
16.61
16.24
16.14
16.26
16.50
16.74
16.94
17.08
17.21
17.31
17.29
17.04
16.38
15.16
13.27
10.69
7.51
3.90
0.05
-3.82
-7.63
-11.44
-15.36
-19.45
-23.52
-27.00
-29.01
-28.70
-25.53
-19.63
-11.80
-3.22
4.96
12.00
17.77
22.52
26.58
30.09
32.90
34.71
35.33
34.87
33.73
32.41
31.29
30.36
29.26
27.43
24.41
20.08
14.73
8.96
3.41
-1.51
-5.61
-8.96
-11.68
-13.86
-15.47
-16.41
-16.63
-16.20
-15.33
-14.35
-13.56
-13.14
-13.05
-13.03
-12.83
-12.34
-11.75
-11.45
-11.82
-12.98
-14.59
-16.13
-17.05
-17.12
-16.54
-15.72
-15.10
-14.85
-14.84
-14.75
-14.30
-13.39
-12.17
-10.92
-9.94
-9.42
-9.36
-9.65
-10.10
-10.46
-10.64
-10.63
-10.57
-10.68
-11.21
-12.28
-13.82
-15.59
-17.24
-18.52
-19.37
-19.99
-20.75
-22.03
-24.09
-26.98
-30.58
-34.54
-38.39
-41.41
-42.82
-41.87
-38.15
-31.80
-23.49
-14.28
-5.20
2.94
9.74
15.11
19.15
22.09
24.22
25.85
27.24
28.55
29.74
30.64
31.11
31.06
30.56
29.70
28.52
27.07
25.41
23.68
22.10
20.85
19.87
18.87
17.42
15.17
12.00
8.09
3.90
-0.12
-3.65
-6.69
-9.47
-12.44
-16.03
-20.56
-26.11
-32.50
-39.32
-45.84
-51.27
-54.63
-55.08
-52.09
-45.66
-36.40
-25.43
-14.12
-3.72
4.92
11.49
16.18
19.46
21.90
23.87
25.59
26.99
28.03
28.67
29.02
29.27
29.59
30.03
30.52
30.88
30.96
30.75
30.29
29.66
28.89
27.87
26.50
24.67
22.40
19.80
17.01
14.16
11.33
8.51
5.64
2.68
-0.44
-3.79
-7.45
-11.49
-15.91
-20.51
-24.77
-27.91
-28.97
-27.09
-21.83
-13.42
-2.77
8.75
19.63
28.69
35.23
39.15
40.77
40.64
39.42
37.66
35.81
34.21
33.00
32.15
31.44
30.51
29.01
26.74
23.71
20.17
16.41
12.60
8.76
4.77
0.49
-4.14
-8.96
-13.72
-18.09
-21.84
-24.85
-27.21
-29.20
-31.24
-33.86
-37.52
-42.39
-48.24
-54.35
-59.73
-63.32
-64.39
-62.65
-58.30
-51.91
-44.18
-35.85
-27.52
-19.74
-12.95
-7.48
-3.47
-0.90
0.47
1.04
1.23
1.48
2.11
3.27
4.89
6.67
8.26
9.27
9.64
9.50
9.15
8.79
8.34
7.45
5.74
3.02
-0.48
-4.26
-7.69
-10.48
-12.77
-15.12
-18.25
-22.66
-28.26
-34.36
-39.74
-43.05
-43.24
-39.91
-33.38
-24.64
-14.95
-5.49
2.92
9.93
15.56
20.03
23.51
26.10
27.82
28.69
28.86
28.58
28.22
28.02
28.05
28.13
28.00
27.41
26.41
25.18
24.02
23.13
22.41
21.53
20.07
17.69
14.34
10.30
6.00
1.84
-1.93
-5.38
-8.84
-12.73
-17.47
-23.21
-29.72
-36.27
-41.76
-44.92
-44.73
-40.77
-33.43
-23.81
-13.42
-3.61
4.70
11.29
16.40
20.44
23.74
26.36
28.20
29.22
29.52
29.37
29.08
28.85
28.64
28.29
27.56
26.38
24.92
23.41
22.14
21.19
20.40
19.43
17.92
15.67
12.67
9.09
5.14
1.09
-2.85
-6.52
-9.92
-13.19
-16.68
-20.78
-25.74
-31.40
-37.06
-41.63
-43.93
-43.06
-38.79
-31.57
-22.36
-12.32
-2.46
6.53
14.31
20.78
25.88
29.55
31.74
32.54
32.23
31.30
30.27
29.53
29.20
29.12
29.01
28.65
28.00
27.19
26.39
25.63
24.70
23.24
20.87
17.45
13.17
8.45
3.76
-0.51
-4.31
-7.78
-11.15
-14.63
-18.30
-22.06
-25.59
-28.39
-29.82
-29.32
-26.53
-21.56
-14.94
-7.51
-0.12
6.63
12.39
17.01
20.46
22.73
23.90
24.16
23.84
23.25
22.54
21.74
20.81
19.75
18.74
17.96
17.46
17.07
16.37
14.93
12.57
9.39
5.80
2.34
-0.66
-3.17
-5.52
-8.26
-11.94
-16.88
-23.00
-29.87
-36.68
-42.42
-46.11
-46.96
-44.66
-39.40
-31.93
-23.30
-14.61
-6.79
-0.35
4.56
8.08
10.44
11.88
12.61
12.80
12.65
12.34
12.05
11.90
11.97
12.19
12.43
12.49
12.14
11.30
10.06
8.63
7.25
6.04
4.81
3.16
0.63
-3.10
-8.07
-14.07
-20.75
-27.67
-34.33
-40.10
-44.23
-45.95
-44.75
-40.58
-33.95
-25.77
-17.08
-8.78
-1.43
4.73
9.70
13.55
16.44
18.51
19.83
20.50
20.62
20.33
19.85
19.35
18.98
18.67
18.25
17.47
16.21
14.51
12.58
10.69
9.01
7.48
5.87
3.86
1.12
-2.59
-7.32
-13.00
-19.28
-25.55
-30.97
-34.57
-35.55
-33.50
-28.61
-21.65
-13.78
-6.19
0.23
5.09
8.48
10.74
12.20
13.05
13.32
13.00
12.27
11.52
11.22
11.69
12.88
14.38
15.60
16.09
15.75
14.91
14.06
13.61
13.69
14.15
14.69
15.01
14.90
14.14
12.53
9.82
5.82
0.56
-5.54
-11.65
-16.66
-19.50
-19.49
-16.62
-11.57
-5.43
0.60
5.65
9.36
11.89
13.69
15.27
16.90
18.60
20.17
21.33
21.89
21.81
21.21
20.24
18.99
17.51
15.72
13.60
11.22
8.76
6.46
4.44
2.70
1.03
-0.86
-3.19
-5.99
-9.11
-12.29
-15.34
-18.31
-21.46
-25.13
-29.45
-34.09
-38.29
-41.08
-41.65
-39.68
-35.45
-29.70
-23.37
-17.22
-11.75
-7.13
-3.28
-0.09
2.52
4.52
5.81
6.25
5.77
4.40
2.29
-0.29
-3.13
-5.94
-8.51
-10.65
-12.21
-13.24
-13.91
-14.60
-15.60
-17.10
-18.98
-20.92
-22.54
-23.67
-24.36
-24.92
-25.78
-27.29
-29.63
-32.72
-36.23
-39.57
-41.97
-42.71
-41.19
-37.22
-31.06
-23.36
-14.98
-6.77
0.60
6.78
11.66
15.27
17.78
19.37
20.29
20.78
21.05
21.19
21.14
20.76
19.92
18.64
17.11
15.64
14.51
13.80
13.38
12.89
12.01
10.54
8.54
6.19
3.70
1.18
-1.48
-4.57
-8.37
-13.01
-18.24
-23.39
-27.46
-29.38
-28.38
-24.27
-17.49
-9.04
-0.16
8.02
14.76
19.80
23.23
25.40
26.62
27.18
27.20
26.76
25.88
24.68
23.29
21.85
20.46
19.11
17.79
16.46
15.10
13.73
12.31
10.74
8.86
6.53
3.74
0.61
-2.64
-5.83
-8.99
-12.36
-16.30
-21.08
-26.61
-32.38
-37.43
-40.66
-41.13
-38.44
-32.84
-25.16
-16.54
-8.03
-0.35
6.18
11.54
15.84
19.15
21.54
23.08
23.96
24.46
24.81
25.10
25.20
24.82
23.72
21.86
19.51
17.17
15.33
14.26
13.79
13.39
12.42
10.51
7.64
4.24
0.82
-2.22
-4.83
-7.27
-9.92
-13.14
-17.12
-21.93
-27.38
-33.11
-38.41
-42.35
-43.90
-42.32
-37.41
-29.68
-20.22
-10.28
-1.03
6.81
12.91
17.35
20.37
22.29
23.41
23.96
24.15
24.12
23.98
23.81
23.59
23.28
22.78
22.07
21.19
20.31
19.60
19.08
18.64
17.96
16.67
14.45
11.23
7.14
2.47
-2.42
-7.20
-11.65
-15.64
-19.22
-22.68
-26.41
-30.78
-35.84
-41.20
-45.98
-49.06
-49.53
-46.89
-41.36
-33.64
-24.75
-15.64
-7.01
0.70
7.32
12.73
16.91
19.87
21.75
22.80
23.35
23.74
24.18
24.70
25.24
25.66
25.81
25.65
25.18
24.46
23.63
22.77
21.90
20.93
19.63
17.74
15.09
11.68
7.72
3.58
-0.37
-3.93
-7.08
-9.91
-12.65
-15.55
-18.89
-22.96
-27.93
-33.67
-39.61
-44.77
-47.93
-48.08
-44.74
-38.22
-29.48
-19.74
-10.15
-1.49
5.90
11.98
16.84
20.61
23.39
25.33
26.62
27.46
28.02
28.40
28.61
28.63
28.41
27.90
27.10
26.04
24.87
23.74
22.84
22.19
21.64
20.83
19.39
17.03
13.77
9.90
5.83
1.92
-1.67
-5.02
-8.37
-11.97
-16.05
-20.68
-25.68
-30.62
-34.78
-37.29
-37.37
-34.63
-29.20
-21.75
-13.32
-4.91
2.65
8.96
13.92
17.61
20.20
21.80
22.55
22.60
22.10
21.22
20.11
18.88
17.65
16.54
15.65
15.02
14.56
14.10
13.41
12.31
10.74
8.78
6.57
4.26
1.94
-0.41
-2.82
-5.42
-8.38
-11.97
-16.45
-21.93
-28.17
-34.50
-39.84
-42.95
-42.82
-39.02
-31.83
-22.30
-11.85
-1.90
6.53
13.01
17.70
21.06
23.54
25.32
26.39
26.63
26.08
24.98
23.74
22.69
21.96
21.43
20.84
20.04
19.10
18.28
17.86
17.92
18.22
18.30
17.66
16.04
13.57
10.65
7.82
5.50
3.81
2.43
0.72
-2.10
-6.60
-12.84
-20.20
-27.39
-32.92
-35.49
-34.52
-30.26
-23.61
-15.70
-7.47
0.48
7.88
14.46
19.88
23.74
25.78
26.01
24.78
22.69
20.31
18.05
16.11
14.50
13.16
12.03
11.08
10.28
9.61
9.02
8.40
7.58
6.36
4.60
2.29
-0.43
-3.33
-6.23
-9.12
-12.13
-15.52
-19.52
-24.20
-29.60
-35.59
-41.98
-48.34
-54.03
-58.15
-59.83
-58.48
-54.07
-47.26
-39.01
-30.37
-22.05
-14.30
-7.00
0.06
6.96
13.53
19.35
23.90
26.75
27.73
27.02
25.12
22.71
20.40
18.54
17.18
16.09
14.99
13.65
12.07
10.38
8.70
7.01
5.08
2.64
-0.50
-4.24
-8.19
-11.84
-14.82
-16.94
-18.45
-19.75
-21.34
-23.60
-26.67
-30.42
-34.47
-38.30
-41.21
-42.42
-41.25
-37.27
-30.50
-21.46
-11.11
-0.59
8.98
16.87
22.73
26.65
28.95
30.10
30.53
30.52
30.29
29.94
29.49
28.89
28.09
27.08
25.90
24.74
23.69
22.90
22.30
21.77
21.10
20.11
18.62
16.51
13.69
10.18
6.11
1.78
-2.40
-6.12
-9.28
-12.07
-14.91
-18.24
-22.28
-26.90
-31.54
-35.31
-37.25
-36.59
-32.96
-26.62
-18.36
-9.30
-0.59
6.98
13.01
17.62
21.06
23.61
25.33
26.13
25.90
24.70
22.78
20.54
18.36
16.44
14.81
13.41
12.21
11.28
10.72
10.51
10.45
10.10
8.99
6.80
3.53
-0.47
-4.69
-8.69
-12.27
-15.62
-19.13
-23.30
-28.32
-33.92
-39.36
-43.58
-45.56
-44.67
-40.91
-34.81
-27.27
-19.19
-11.32
-4.14
2.03
6.91
10.34
12.25
12.86
12.60
12.07
11.77
11.90
12.35
12.74
12.72
12.17
11.30
10.48
9.99
9.76
9.37
8.27
6.09
2.97
-0.57
-3.87
-6.53
-8.66
-10.79
-13.60
-17.53
-22.56
-28.24
-33.86
-38.67
-41.97
-43.17
-41.86
-37.78
-31.05
-22.18
-12.09
-1.92
7.28
14.75
20.15
23.52
25.20
25.63
25.28
24.54
23.76
23.11
22.63
22.18
21.61
20.81
19.84
18.87
18.02
17.25
16.35
14.99
13.01
10.44
7.52
4.50
1.52
-1.53
-4.89
-8.79
-13.30
-18.40
-23.93
-29.66
-35.18
-39.85
-42.78
-43.07
-40.11
-33.93
-25.27
-15.44
-5.86
2.37
8.74
13.37
16.74
19.39
21.64
23.58
25.09
26.01
26.23
25.72
24.58
23.01
21.31
19.75
18.57
17.84
17.38
16.90
16.04
14.58
12.47
9.82
6.82
3.66
0.47
-2.62
-5.51
-8.09
-10.38
-12.54
-14.99
-18.25
-22.68
-28.22
-34.20
-39.36
-42.27
-41.83
-37.69
-30.45
-21.42
-12.14
-3.83
2.91
8.15
12.33
15.92
19.16
22.02
24.34
25.96
26.86
27.18
27.12
26.82
26.31
25.48
24.22
22.57
20.75
19.13
18.03
17.52
17.29
16.75
15.30
12.59
8.81
4.46
0.21
-3.49
-6.56
-9.27
-11.98
-15.04
-18.59
-22.63
-27.00
-31.41
-35.27
-37.76
-38.02
-35.39
-29.78
-21.83
-12.67
-3.58
4.44
10.88
15.69
19.04
21.16
22.19
22.26
21.59
20.46
19.18
18.01
17.00
16.10
15.25
14.51
13.99
13.84
13.99
14.19
13.97
12.91
10.82
7.84
4.37
0.86
-2.39
-5.32
-8.08
-10.90
-14.02
-17.57
-21.67
-26.31
-31.28
-35.99
-39.50
-40.71
-38.78
-33.48
-25.39
-15.77
-6.05
2.55
9.38
14.36
17.76
19.99
21.38
22.17
22.48
22.42
22.07
21.47
20.63
19.61
18.48
17.37
16.41
15.61
14.89
14.11
13.16
11.94
10.37
8.39
5.88
2.78
-0.88
-4.88
-8.90
-12.63
-15.94
-19.00
-22.24
-26.17
-30.99
-36.44
-41.63
-45.28
-46.16
-43.53
-37.52
-28.99
-19.30
-9.76
-1.32
5.66
11.20
15.51
18.79
21.12
22.57
23.28
23.54
23.67
23.90
24.27
24.57
24.53
23.96
22.85
21.40
19.95
18.78
18.01
17.57
17.17
16.43
15.00
12.67
9.48
5.66
1.56
-2.52
-6.41
-10.13
-13.78
-17.47
-21.27
-25.26
-29.50
-34.09
-38.86
-43.29
-46.49
-47.39
-45.25
-39.95
-32.10
-22.81
-13.26
-4.41
3.12
9.11
13.53
16.51
18.30
19.26
19.80
20.32
21.02
21.93
22.88
23.63
23.96
23.73
22.89
21.50
19.74
17.90
16.24
14.92
13.97
13.19
12.28
10.96
9.06
6.59
3.66
0.46
-2.84
-6.07
-9.11
-11.83
-14.27
-16.60
-19.17
-22.35
-26.41
-31.27
-36.46
-41.09
-44.07
-44.38
-41.42
-35.19
-26.39
-16.24
-6.15
2.71
9.72
14.98
19.02
22.45
25.63
28.59
31.11
32.94
34.05
34.65
35.10
35.70
36.59
37.65
38.53
38.88
38.52
37.56
36.33
35.28
34.58
34.04
33.10
31.11
27.71
23.03
17.67
12.38
7.71
3.76
0.27
-3.20
-6.92
-10.90
-14.95
-18.96
-23.02
-27.39
-32.23
-37.36
-42.07
-45.31
-46.08
-43.90
-38.99
-32.33
-25.19
-18.70
-13.57
-9.94
-7.55
-5.99
-4.81
-3.68
-2.37
-0.71
1.33
3.67
6.10
8.27
9.88
10.64
10.47
9.46
7.84
5.90
3.86
1.81
-0.32
-2.60
-5.06
-7.58
-10.01
-12.16
-13.98
-15.61
-17.33
-19.51
-22.41
-26.11
-30.32
-34.32
-37.06
-37.39
-34.47
-28.11
-18.94
-8.17
2.84
12.99
21.78
29.12
35.08
39.70
42.87
44.50
44.70
43.85
42.43
40.89
39.32
37.60
35.48
32.83
29.74
26.52
23.48
20.80
18.41
15.97
13.10
9.53
5.21
0.41
-4.46
-8.96
-12.82
-16.02
-18.72
-21.13
-23.49
-25.92
-28.45
-31.01
-33.29
-34.85
-35.16
-33.75
-30.50
-25.72
-20.14
-14.62
-9.92
-6.39
-3.97
-2.36
-1.20
-0.33
0.24
0.34
-0.09
-0.96
-1.93
-2.57
-2.55
-1.72
-0.32
1.24
2.42
2.85
2.30
0.80
-1.44
-4.13
-6.92
-9.60
-12.09
-14.58
-17.41
-21.08
-25.98
-32.31
-39.96
-48.41
-56.77
-63.84
-68.33
-69.20
-66.00
-59.09
-49.55
-38.96
-28.81
-20.12
-13.24
-8.01
-3.97
-0.60
2.48
5.52
8.58
11.64
14.52
17.01
18.92
20.21
20.97
21.41
21.76
22.06
22.23
22.08
21.39
20.08
18.21
15.91
13.31
10.50
7.50
4.36
1.17
-2.02
-5.23
-8.69
-12.73
-17.58
-23.10
-28.59
-32.91
-34.72
-33.06
-27.74
-19.49
-9.70
-0.00
8.35
14.76
19.34
22.66
25.33
27.65
29.59
30.95
31.68
31.99
32.28
32.93
34.08
35.49
36.70
37.25
36.97
36.07
35.00
34.25
34.05
34.21
34.18
33.30
31.13
27.64
23.32
18.78
14.54
10.66
6.77
2.30
-3.11
-9.44
-16.34
-23.28
-29.88
-35.85
-40.93
-44.73
-46.70
-46.35
-43.50
-38.43
-31.92
-24.92
-18.31
-12.59
-7.92
-4.15
-1.05
1.58
3.83
5.76
7.43
8.89
10.27
11.61
12.91
14.12
15.19
16.09
16.89
17.71
18.66
19.63
20.28
20.05
18.34
14.81
9.54
3.19
-3.36
-9.26
-14.11
-18.08
-21.82
-26.10
-31.45
-37.79
-44.39
-49.99
-53.22
-53.05
-49.13
-42.00
-32.88
-23.26
-14.36
-6.79
-0.50
4.94
9.90
14.39
18.08
20.56
21.70
21.87
21.74
22.04
23.11
24.78
26.53
27.84
28.47
28.56
28.44
28.26
27.86
26.77
24.56
21.15
16.88
12.41
8.37
4.99
2.08
-0.87
-4.47
-9.10
-14.79
-21.15
-27.43
-32.59
-35.59
-35.57
-32.15
-25.64
-16.90
-7.16
2.34
10.65
17.31
22.27
25.72
27.94
29.25
29.93
30.27
30.49
30.69
30.76
30.49
29.68
28.34
26.73
25.24
24.23
23.79
23.70
23.49
22.70
21.03
18.40
14.97
10.96
6.61
2.07
-2.51
-7.00
-11.28
-15.32
-19.33
-23.68
-28.77
-34.67
-40.92
-46.48
-49.97
-50.34
-47.16
-40.96
-32.89
-24.39
-16.53
-9.86
-4.37
0.23
4.21
7.71
10.78
13.41
15.70
17.82
19.96
22.20
24.48
26.53
28.01
28.64
28.22
26.71
24.18
20.79
16.72
12.16
7.30
2.34
-2.51
-7.06
-11.08
-14.34
-16.68
-18.14
-18.89
-19.38
-20.09
-21.43
-23.52
-26.18
-29.06
-31.83
-34.29
-36.31
-37.66
-37.92
-36.48
-32.84
-26.82
-18.86
-9.88
-0.99
6.87
13.24
18.17
22.04
25.19
27.83
29.89
31.24
31.81
31.66
31.09
30.40
29.89
29.63
29.52
29.37
29.04
28.53
27.93
27.33
26.68
25.80
24.41
22.32
19.54
16.26
12.76
9.24
5.81
2.50
-0.62
-3.50
-6.13
-8.64
-11.36
-14.67
-18.87
-23.92
-29.42
-34.59
-38.49
-40.27
-39.31
-35.51
-29.29
-21.59
-13.66
-6.69
-1.45
1.91
3.77
4.77
5.42
5.89
6.01
5.46
4.09
2.04
-0.28
-2.38
-3.96
-5.05
-5.92
-6.91
-8.25
-9.88
-11.58
-13.02
-14.02
-14.60
-14.98
-15.43
-16.10
-17.03
-18.17
-19.52
-21.24
-23.59
-26.73
-30.57
-34.52
-37.65
-38.88
-37.41
-32.99
-26.02
-17.48
-8.56
-0.32
6.62
12.16
16.54
20.12
23.02
25.14
26.19
25.98
24.61
22.52
20.35
18.61
17.54
17.01
16.70
16.28
15.61
14.71
13.59
12.25
10.58
8.53
6.17
3.67
1.24
-1.10
-3.53
-6.52
-10.53
-15.86
-22.34
-29.25
-35.43
-39.55
-40.52
-37.87
-31.91
-23.61
-14.33
-5.28
2.73
9.32
14.50
18.31
20.82
22.04
22.08
21.19
19.71
18.00
16.30
14.78
13.55
12.74
12.38
12.41
12.59
12.60
12.20
11.26
9.83
8.06
6.08
3.98
1.73
-0.74
-3.66
-7.30
-11.99
-17.89
-24.82
-32.10
-38.56
-42.86
-43.88
-41.14
-34.99
-26.47
-16.93
-7.60
0.71
7.71
13.42
18.03
21.64
24.37
26.31
27.69
28.72
29.53
30.06
30.09
29.42
28.03
26.17
24.17
22.27
20.48
18.56
16.26
13.42
10.18
6.77
3.44
0.31
-2.77
-6.05
-9.82
-14.27
-19.53
-25.53
-32.05
-38.60
-44.39
-48.52
-50.10
-48.53
-43.69
-36.05
-26.54
-16.31
-6.47
2.22
9.44
15.13
19.47
22.62
24.72
25.91
26.39
26.42
26.19
25.83
25.35
24.65
23.73
22.63
21.49
20.49
19.69
19.03
18.33
17.34
15.80
13.50
10.33
6.35
1.84
-2.77
-7.02
-10.62
-13.62
-16.41
-19.62
-23.85
-29.40
-36.08
-43.12
-49.29
-53.20
-53.67
-50.15
-42.88
-32.87
-21.55
-10.36
-0.33
8.13
15.06
20.75
25.44
29.23
32.05
33.89
34.87
35.28
35.47
35.69
36.05
36.47
36.78
36.90
36.96
37.24
38.06
39.51
41.29
42.69
42.89
41.30
37.78
32.68
26.53
19.84
12.83
5.55
-1.94
-9.35
-16.20
-21.99
-26.48
-29.87
-32.75
-35.85
-39.72
-44.58
-50.12
-55.62
-60.06
-62.36
-61.70
-57.73
-50.76
-41.59
-31.28
-20.82
-10.93
-2.02
5.70
12.03
16.79
19.89
21.41
21.73
21.41
21.02
20.92
21.19
21.64
21.98
21.94
21.44
20.60
19.60
18.62
17.69
16.68
15.38
13.59
11.28
8.54
5.62
2.72
0.03
-2.35
-4.36
-5.99
-7.34
-8.62
-10.28
-12.77
-16.38
-20.90
-25.55
-29.15
-30.49
-28.81
-24.03
-16.80
-8.17
0.77
9.17
16.56
22.71
27.57
31.09
33.28
34.22
34.11
33.31
32.24
31.29
30.64
30.24
29.83
29.06
27.66
25.65
23.35
21.31
19.99
19.52
19.60
19.54
18.67
16.57
13.33
9.38
5.22
1.21
-2.57
-6.21
-9.77
-13.21
-16.46
-19.58
-22.90
-26.90
-31.99
-38.06
-44.36
-49.59
-52.31
-51.49
-46.98
-39.45
-30.20
-20.59
-11.63
-3.78
2.89
8.45
12.88
16.06
18.04
19.11
19.82
20.74
22.07
23.60
24.82
25.20
24.60
23.27
21.74
20.49
19.73
19.37
19.16
18.80
18.07
16.85
15.07
12.76
9.99
6.94
3.78
0.68
-2.34
-5.29
-8.24
-11.25
-14.41
-17.86
-21.80
-26.33
-31.20
-35.73
-38.84
-39.38
-36.63
-30.63
-22.23
-12.79
-3.71
4.04
10.08
14.59
17.97
20.57
22.50
23.71
24.12
23.84
23.16
22.49
22.18
22.28
22.55
22.53
21.76
20.08
17.64
14.89
12.29
10.11
8.30
6.48
4.25
1.37
-2.13
-5.97
-9.77
-13.23
-16.25
-18.82
-21.02
-22.94
-24.71
-26.59
-28.96
-32.24
-36.66
-42.14
-48.06
-53.42
-57.04
-57.99
-55.88
-51.00
-44.18
-36.48
-28.80
-21.64
-15.06
-8.89
-3.04
2.33
6.82
9.97
11.57
11.78
11.08
10.03
9.01
8.17
7.41
6.65
5.99
5.69
6.13
7.49
9.63
12.03
14.01
14.93
14.44
12.54
9.54
5.98
2.33
-1.07
-4.19
-7.25
-10.65
-14.77
-19.84
-25.81
-32.35
-38.92
-44.79
-49.19
-51.31
-50.56
-46.64
-39.79
-30.83
-20.89
-11.21
-2.76
3.98
9.01
12.63
15.26
17.24
18.69
19.64
19.96
19.63
18.79
17.77
17.00
16.85
17.48
18.67
20.07
21.29
22.10
22.44
22.30
21.62
20.24
17.97
14.73
10.71
6.24
1.69
-2.71
-6.96
-11.30
-16.01
-21.24
-26.70
-31.65
-35.00
-35.63
-32.80
-26.52
-17.54
-7.12
3.37
12.90
20.91
27.26
32.01
35.28
37.14
37.58
36.68
34.63
31.68
28.26
24.81
21.81
19.57
18.17
17.40
16.84
16.03
14.65
12.59
9.91
6.79
3.38
-0.18
-3.80
-7.36
-10.81
-14.12
-17.42
-20.95
-24.99
-29.69
-34.87
-39.89
-43.75
-45.37
-43.97
-39.46
-32.42
-23.95
-15.26
-7.23
-0.27
5.68
10.84
15.35
19.08
21.79
23.32
23.78
23.61
23.30
23.17
23.21
23.12
22.67
21.83
20.86
20.10
19.72
19.42
18.63
16.71
13.38
8.85
3.76
-1.14
-5.41
-8.96
-12.10
-15.31
-19.02
-23.46
-28.56
-33.92
-38.82
-42.43
-43.92
-42.76
-38.86
-32.59
-24.69
-16.06
-7.56
0.15
6.68
11.90
15.81
18.49
20.08
20.75
20.77
20.43
20.02
19.71
19.52
19.33
18.96
18.29
17.33
16.25
15.25
14.49
13.95
13.47
12.80
11.69
9.99
7.64
4.74
1.44
-2.02
-5.48
-8.80
-12.05
-15.38
-19.05
-23.23
-27.89
-32.68
-36.91
-39.69
-40.19
-37.87
-32.71
-25.14
-15.99
-6.21
3.33
12.03
19.62
26.06
31.46
35.93
39.47
42.06
43.72
44.61
45.02
45.22
45.29
45.08
44.25
42.59
40.13
37.23
34.35
31.76
29.35
26.71
23.40
19.25
14.45
9.41
4.45
-0.38
-5.30
-10.56
-16.16
-21.83
-27.10
-31.62
-35.36
-38.61
-41.92
-45.76
-50.38
-55.62
-60.86
-65.15
-67.39
-66.67
-62.61
-55.51
-46.30
-36.25
-26.56
-18.00
-10.77
-4.75
0.32
4.54
7.83
10.10
11.35
11.93
12.28
12.91
14.04
15.57
17.09
18.17
18.57
18.41
18.05
17.91
18.19
18.72
19.12
18.91
17.81
15.77
13.03
9.95
6.84
3.90
1.23
-1.24
-3.73
-6.51
-9.85
-13.96
-18.78
-24.02
-29.06
-33.09
-35.23
-34.73
-31.27
-25.04
-16.85
-7.81
0.92
8.50
14.63
19.42
23.22
26.30
28.69
30.25
30.87
30.61
29.74
28.66
27.66
26.90
26.28
25.63
24.80
23.79
22.75
21.94
21.52
21.43
21.30
20.55
18.67
15.51
11.40
7.00
3.04
-0.12
-2.64
-5.08
-8.12
-12.20
-17.29
-22.93
-28.37
-32.73
-35.19
-35.13
-32.24
-26.71
-19.16
-10.58
-2.04
5.59
11.81
16.54
19.94
22.27
23.71
24.32
24.10
23.05
21.29
19.08
16.66
14.22
11.83
9.52
7.33
5.41
3.99
3.22
3.09
3.32
3.46
3.04
1.76
-0.43
-3.36
-6.74
-10.25
-13.65
-16.81
-19.76
-22.68
-25.93
-29.88
-34.71
-40.24
-45.76
-50.20
-52.34
-51.31
-46.90
-39.63
-30.58
-20.94
-11.71
-3.46
3.63
9.57
14.47
18.37
21.38
23.60
25.24
26.50
27.53
28.34
28.85
28.92
28.44
27.39
25.97
24.53
23.45
22.93
22.76
22.40
21.11
18.42
14.31
9.31
4.19
-0.39
-4.16
-7.25
-10.08
-13.11
-16.61
-20.76
-25.60
-31.10
-37.03
-42.87
-47.77
-50.67
-50.67
-47.31
-40.83
-32.11
-22.36
-12.80
-4.31
2.69
8.17
12.33
15.39
17.47
18.67
19.06
18.81
18.19
17.43
16.72
16.19
15.88
15.73
15.71
15.75
15.74
15.63
15.35
14.93
14.36
13.64
12.63
11.18
9.18
6.55
3.43
-0.02
-3.66
-7.44
-11.46
-15.91
-20.92
-26.44
-32.14
-37.43
-41.47
-43.41
-42.64
-39.05
-33.06
-25.62
-17.87
-10.81
-5.01
-0.61
2.65
5.11
7.01
8.47
9.51
10.11
10.27
10.03
9.40
8.45
7.34
6.28
5.52
5.26
5.54
6.20
6.97
7.49
7.44
6.61
4.94
2.60
-0.13
-2.95
-5.73
-8.56
-11.77
-15.72
-20.51
-25.94
-31.36
-35.90
-38.71
-39.12
-36.79
-31.75
-24.38
-15.40
-5.76
3.52
11.63
18.15
23.11
26.84
29.75
32.08
33.85
34.83
34.82
33.73
31.70
29.13
26.50
24.27
22.69
21.77
21.24
20.63
19.51
17.54
14.65
11.04
7.07
3.12
-0.53
-3.90
-7.30
-11.23
-16.11
-22.08
-28.83
-35.50
-41.01
-44.27
-44.55
-41.70
-36.09
-28.48
-19.76
-10.82
-2.40
4.91
10.80
15.18
18.22
20.33
21.88
23.19
24.33
25.20
25.59
25.40
24.75
23.94
23.33
23.15
23.42
23.85
24.00
23.41
21.76
19.00
15.24
10.75
5.79
0.65
-4.52
-9.66
-14.99
-20.94
-28.02
-36.51
-46.08
-55.68
-63.59
-68.03
-67.67
-62.14
-52.13
-39.11
-24.92
-11.14
1.11
11.35
19.59
26.07
31.10
34.83
37.39
38.80
39.22
38.91
38.09
36.87
35.19
32.96
30.21
27.24
24.48
22.37
20.92
19.71
18.05
15.25
11.07
5.83
0.22
-5.04
-9.53
-13.25
-16.60
-20.03
-23.97
-28.65
-34.10
-40.02
-45.77
-50.36
-52.64
-51.68
-47.10
-39.39
-29.71
-19.53
-10.04
-1.83
5.14
11.16
16.50
21.21
25.10
28.01
30.01
31.28
32.13
32.73
33.06
33.01
32.52
31.63
30.60
29.67
28.91
28.16
27.06
25.18
22.27
18.36
13.71
8.71
3.75
-0.90
-5.09
-8.77
-11.97
-14.89
-17.85
-21.34
-25.83
-31.61
-38.59
-46.15
-53.18
-58.32
-60.28
-58.31
-52.38
-43.34
-32.54
-21.47
-11.25
-2.43
5.02
11.39
16.96
21.81
25.84
28.93
31.17
32.88
34.46
36.22
38.19
40.04
41.32
41.67
41.00
39.57
37.89
36.47
35.56
35.05
34.52
33.46
31.52
28.64
25.09
21.27
17.60
14.31
11.41
8.85
6.51
4.33
2.13
-0.33
-3.49
-7.77
-13.23
-19.36
-25.00
-28.63
-28.96
-25.42
-18.45
-9.33
0.42
9.53
17.36
23.81
29.04
33.19
36.22
38.05
38.77
38.66
38.17
37.61
37.04
36.20
34.74
32.44
29.32
25.70
22.02
18.66
15.72
13.06
10.34
7.21
3.46
-0.88
-5.55
-10.17
-14.46
-18.31
-21.84
-25.27
-28.83
-32.61
-36.60
-40.78
-45.15
-49.59
-53.86
-57.29
-59.02
-58.14
-54.18
-47.32
-38.47
-28.97
-20.11
-12.79
-7.31
-3.47
-0.91
0.80
1.94
2.68
3.13
3.43
3.64
3.85
4.15
4.58
5.20
5.92
6.63
7.17
7.50
7.72
8.07
8.77
9.83
10.99
11.74
11.64
10.47
8.38
5.74
2.95
0.24
-2.41
-5.15
-8.14
-11.45
-15.12
-19.18
-23.65
-28.45
-33.26
-37.46
-40.25
-40.86
-38.87
-34.35
-27.86
-20.28
-12.53
-5.33
0.96
6.23
10.59
14.17
17.01
19.14
20.55
21.27
21.39
21.08
20.51
19.84
19.24
18.83
18.68
18.76
18.91
18.88
18.50
17.65
16.43
15.00
13.48
11.86
9.97
7.58
4.55
0.92
-3.00
-6.82
-10.13
-12.70
-14.58
-16.09
-17.68
-19.75
-22.54
-26.08
-30.18
-34.44
-38.23
-40.77
-41.17
-38.79
-33.49
-25.84
-16.98
-8.25
-0.72
5.15
9.56
13.03
16.05
18.80
21.19
23.03
24.28
25.06
25.63
26.19
26.85
27.52
27.98
28.01
27.44
26.28
24.68
22.92
21.26
19.79
18.44
17.01
15.29
13.23
10.96
8.73
6.74
5.06
3.54
1.93
-0.02
-2.34
-4.93
-7.48
-9.65
-11.27
-12.24
-12.68
-12.77
-12.67
-12.39
-11.91
-11.08
-9.79
-8.01
-5.75
-3.11
-0.25
2.67
5.43
7.84
9.77
11.16
12.05
12.56
12.76
12.76
12.61
12.38
12.13
11.85
11.44
10.75
9.59
7.85
5.66
3.32
1.22
-0.29
-1.12
-1.50
-1.84
-2.58
-3.97
-5.93
-8.14
-10.16
-11.65
-12.48
-12.77
-12.82
-13.00
-13.61
-14.83
-16.62
-18.74
-20.75
-22.18
-22.56
-21.63
-19.40
-16.18
-12.50
-8.94
-6.02
-4.00
-2.89
-2.44
-2.30
-2.10
-1.69
-1.14
-0.73
-0.74
-1.32
-2.36
-3.58
-4.67
-5.50
-6.13
-6.78
-7.64
-8.80
-10.18
-11.66
-13.18
-14.75
-16.42
-18.19
-19.97
-21.59
-22.93
-24.01
-25.03
-26.32
-28.17
-30.66
-33.51
-36.05
-37.42
-36.84
-33.90
-28.75
-22.04
-14.73
-7.80
-1.97
2.47
5.57
7.67
9.07
10.00
10.48
10.48
10.02
9.23
8.44
7.88
7.67
7.69
7.67
7.35
6.69
5.80
4.87
4.01
3.09
1.90
0.31
-1.65
-3.74
-5.72
-7.49
-9.25
-11.38
-14.28
-18.10
-22.64
-27.31
-31.27
-33.65
-33.79
-31.53
-27.12
-21.17
-14.40
-7.44
-0.66
5.70
11.46
16.36
20.04
22.30
23.17
23.01
22.39
21.82
21.55
21.47
21.29
20.74
19.75
18.46
17.13
15.97
14.99
14.01
12.74
11.03
8.91
6.60
4.37
2.35
0.48
-1.45
-3.71
-6.49
-9.88
-13.90
-18.43
-23.12
-27.40
-30.40
-31.25
-29.30
-24.44
-17.21
-8.60
0.19
8.18
14.80
19.90
23.66
26.35
28.28
29.64
30.55
31.04
31.11
30.80
30.18
29.41
28.62
27.93
27.39
27.04
26.88
26.91
27.04
27.10
26.78
25.76
23.86
21.13
17.93
14.72
11.87
9.45
7.19
4.63
1.28
-3.08
-8.37
-14.15
-19.71
-24.20
-26.82
-26.99
-24.51
-19.68
-13.18
-5.97
1.03
7.12
11.86
15.05
16.70
16.91
15.95
14.17
11.98
9.74
7.62
5.50
3.14
0.33
-2.95
-6.41
-9.68
-12.45
-14.66
-16.48
-18.20
-20.03
-21.95
-23.80
-25.37
-26.66
-27.86
-29.34
-31.45
-34.44
-38.27
-42.63
-46.94
-50.39
-52.12
-51.40
-47.91
-41.85
-33.93
-25.15
-16.49
-8.64
-1.90
3.74
8.38
12.11
14.88
16.59
17.22
16.90
15.95
14.79
13.76
13.04
12.53
11.97
11.07
9.69
7.84
5.67
3.37
1.00
-1.47
-4.14
-7.05
-10.14
-13.34
-16.61
-20.01
-23.70
-27.88
-32.65
-37.95
-43.43
-48.34
-51.70
-52.42
-49.71
-43.45
-34.28
-23.40
-12.13
-1.47
8.04
16.19
22.85
27.76
30.69
31.62
30.98
29.65
28.52
28.18
28.60
29.33
29.86
29.91
29.62
29.39
29.54
30.08
30.62
30.50
29.10
26.11
21.68
16.40
11.06
6.31
2.37
-1.06
-4.61
-8.98
-14.63
-21.54
-29.20
-36.73
-43.05
-47.14
-48.21
-45.82
-40.07
-31.50
-21.09
-9.93
0.87
10.53
18.61
25.07
30.15
34.23
37.73
40.94
43.91
46.49
48.41
49.49
49.67
49.08
47.95
46.51
44.93
43.38
41.96
40.70
39.56
38.29
36.55
33.99
30.48
26.12
21.24
16.25
11.40
6.76
2.14
-2.68
-7.95
-13.84
-20.41
-27.42
-34.31
-40.19
-43.98
-44.80
-42.27
-36.71
-29.03
-20.36
-11.71
-3.74
3.30
9.40
14.58
18.81
21.98
24.08
25.17
25.45
25.16
24.46
23.44
22.12
20.53
18.71
16.88
15.23
13.92
12.92
11.98
10.73
8.88
6.31
3.23
0.01
-2.88
-5.11
-6.55
-7.38
-7.95
-8.74
-10.14
-12.42
-15.52
-19.08
-22.48
-25.06
-26.38
-26.40
-25.50
-24.33
-23.44
-23.06
-23.08
-23.21
-23.23
-23.26
-23.60
-24.61
-26.33
-28.41
-30.20
-30.99
-30.35
-28.25
-25.11
-21.64
-18.52
-16.28
-15.10
-14.84
-15.15
-15.75
-16.53
-17.59
-19.20
-21.59
-24.84
-28.93
-33.74
-39.10
-44.62
-49.64
-53.13
-53.98
-51.34
-44.99
-35.50
-24.01
-11.89
-0.32
9.90
18.41
25.18
30.36
34.22
37.07
39.16
40.62
41.52
41.84
41.65
41.09
40.42
39.85
39.48
39.23
38.92
38.28
37.08
35.20
32.69
29.74
26.69
23.80
21.21
18.76
16.09
12.77
8.52
3.32
-2.68
-9.19
-15.95
-22.51
-28.21
-32.09
-33.21
-31.00
-25.61
-17.96
-9.34
-0.95
6.53
13.00
18.66
23.71
28.05
31.40
33.51
34.42
34.54
34.53
35.03
36.42
38.68
41.29
43.49
44.53
43.93
41.70
38.30
34.43
30.59
26.96
23.21
18.88
13.63
7.50
0.93
-5.53
-11.51
-17.00
-22.38
-28.21
-35.04
-43.10
-52.30
-62.09
-71.50
-79.30
-84.24
-85.33
-82.12
-74.89
-64.51
-52.30
-39.62
-27.66
-17.19
-8.47
-1.35
4.54
9.53
13.80
17.28
19.89
21.59
22.62
23.42
24.42
25.83
27.48
28.94
29.75
29.75
29.19
28.55
28.30
28.50
28.75
28.36
26.69
23.49
19.07
14.12
9.38
5.30
1.90
-1.19
-4.44
-8.19
-12.60
-17.61
-23.19
-29.27
-35.78
-42.42
-48.43
-52.77
-54.25
-51.96
-45.66
-35.98
-24.27
-12.13
-1.00
8.30
15.63
21.35
25.96
29.79
32.86
34.93
35.81
35.48
34.26
32.69
31.24
30.19
29.54
29.11
28.68
28.22
27.80
27.55
27.49
27.43
27.03
25.84
23.61
20.26
16.07
11.49
6.98
2.93
-0.59
-3.70
-6.70
-9.84
-13.31
-17.19
-21.50
-26.21
-31.12
-35.81
-39.48
-41.22
-40.19
-35.95
-28.75
-19.47
-9.35
0.37
8.84
15.76
21.20
25.36
28.38
30.20
30.69
29.84
27.92
25.42
22.98
21.12
20.07
19.78
19.93
20.12
20.01
19.47
18.56
17.49
16.42
15.37
14.10
12.25
9.50
5.78
1.35
-3.27
-7.57
-11.25
-14.38
-17.31
-20.59
-24.67
-29.74
-35.65
-41.82
-47.34
-51.16
-52.23
-49.84
-43.80
-34.59
-23.32
-11.46
-0.49
8.49
15.04
19.35
22.05
23.81
25.10
26.04
26.55
26.58
26.22
25.69
25.17
24.71
24.14
23.30
22.15
20.87
19.79
19.17
19.05
19.18
19.10
18.38
16.73
14.08
10.53
6.28
1.60
-3.16
-7.70
-11.71
-15.07
-17.96
-20.83
-24.28
-28.79
-34.43
-40.63
-46.21
-49.79
-50.19
-46.94
-40.41
-31.68
-22.04
-12.62
-4.10
3.30
9.54
14.59
18.34
20.75
21.98
22.44
22.62
22.88
23.29
23.66
23.73
23.35
22.63
21.86
21.32
21.18
21.31
21.44
21.26
20.56
19.32
17.66
15.70
13.43
10.67
7.27
3.21
-1.28
-5.71
-9.64
-12.92
-15.81
-18.85
-22.61
-27.32
-32.71
-38.03
-42.28
-44.54
-44.17
-40.95
-35.10
-27.21
-18.16
-8.91
-0.35
6.93
12.70
17.07
20.27
22.54
23.99
24.66
24.60
23.97
23.05
22.11
21.37
20.86
20.47
20.07
19.56
18.93
18.22
17.47
16.62
15.49
13.85
11.54
8.61
5.29
1.93
-1.14
-3.81
-6.18
-8.46
-10.90
-13.63
-16.72
-20.24
-24.30
-28.97
-34.12
-39.18
-43.12
-44.81
-43.42
-38.77
-31.53
-22.94
-14.36
-6.77
-0.58
4.30
8.18
11.28
13.57
14.88
15.08
14.27
12.84
11.37
10.39
10.13
10.54
11.28
11.90
12.10
11.78
11.03
10.01
8.78
7.34
5.61
3.60
1.38
-0.87
-3.03
-5.12
-7.30
-9.83
-12.98
-16.87
-21.42
-26.29
-30.89
-34.47
-36.23
-35.60
-32.40
-26.95
-20.02
-12.55
-5.43
0.81
5.95
10.03
13.20
15.46
16.77
17.08
16.50
15.30
13.88
12.58
11.55
10.76
10.07
9.42
8.91
8.68
8.81
9.06
9.00
8.11
6.10
3.05
-0.56
-4.15
-7.27
-9.80
-12.03
-14.41
-17.33
-21.02
-25.43
-30.33
-35.36
-40.02
-43.65
-45.56
-45.07
-41.85
-36.06
-28.42
-19.96
-11.74
-4.59
1.15
5.44
8.51
10.63
12.00
12.84
13.38
13.87
14.49
15.25
16.00
16.52
16.63
16.30
15.71
15.07
14.56
14.19
13.82
13.20
12.06
10.23
7.71
4.65
1.35
-1.83
-4.62
-6.89
-8.76
-10.54
-12.67
-15.58
-19.44
-24.05
-28.74
-32.53
-34.34
-33.41
-29.57
-23.32
-15.63
-7.59
0.00
6.81
12.83
18.22
22.99
27.01
30.06
32.04
33.08
33.51
33.67
33.77
33.84
33.73
33.33
32.63
31.75
30.86
30.02
29.26
28.48
27.63
26.60
25.32
23.71
21.70
19.30
16.56
13.62
10.62
7.70
4.93
2.37
-0.01
-2.27
-4.61
-7.25
-10.32
-13.68
-16.78
-18.79
-18.92
-16.80
-12.69
-7.42
-2.00
2.74
6.43
9.10
10.94
12.00
12.13
11.05
8.61
5.02
0.84
-3.25
-6.68
-9.14
-10.70
-11.57
-11.97
-11.95
-11.45
-10.36
-8.70
-6.69
-4.74
-3.31
-2.76
-3.23
-4.61
-6.57
-8.69
-10.61
-12.19
-13.55
-15.00
-16.97
-19.82
-23.68
-28.31
-33.20
-37.56
-40.58
-41.59
-40.25
-36.63
-31.17
-24.57
-17.63
-11.04
-5.26
-0.50
3.24
6.09
8.18
9.61
10.43
10.70
10.49
9.91
9.13
8.29
7.54
6.96
6.61
6.46
6.43
6.39
6.13
5.45
4.25
2.56
0.53
-1.65
-3.89
-6.23
-8.81
-11.84
-15.47
-19.70
-24.35
-29.08
-33.36
-36.55
-37.98
-37.07
-33.64
-27.93
-20.70
-12.97
-5.75
0.29
4.97
8.53
11.42
13.96
16.22
18.01
19.06
19.28
18.89
18.30
17.94
18.02
18.38
18.65
18.39
17.41
15.83
14.02
12.36
10.95
9.59
7.84
5.32
1.91
-2.11
-6.27
-10.14
-13.63
-17.05
-20.89
-25.61
-31.28
-37.46
-43.22
-47.42
-49.08
-47.67
-43.25
-36.40
-28.01
-19.00
-10.16
-2.09
4.89
10.59
15.03
18.39
20.92
22.91
24.48
25.61
26.20
26.17
25.66
24.99
24.52
24.51
24.97
25.69
26.37
26.74
26.71
26.29
25.53
24.42
22.89
20.79
18.00
14.53
10.52
6.29
2.18
-1.50
-4.65
-7.39
-10.08
-13.23
-17.27
-22.44
-28.50
-34.72
-40.05
-43.42
-44.02
-41.62
-36.51
-29.43
-21.28
-12.82
-4.66
2.83
9.41
14.87
19.11
22.14
24.13
25.41
26.37
27.32
28.37
29.45
30.33
30.80
30.73
30.20
29.44
28.69
28.15
27.85
27.60
27.11
26.14
24.60
22.64
20.51
18.46
16.48
14.40
11.86
8.62
4.67
0.30
-4.10
-8.10
-11.49
-14.29
-16.69
-19.00
-21.55
-24.65
-28.52
-33.26
-38.73
-44.33
-49.11
-51.89
-51.63
-47.77
-40.56
-30.95
-20.40
-10.31
-1.69
5.05
10.08
13.85
16.81
19.27
21.32
22.97
24.21
25.09
25.69
26.14
26.44
26.57
26.47
26.09
25.50
24.92
24.58
24.58
24.85
25.01
24.58
23.10
20.44
16.85
12.86
9.09
5.97
3.62
1.80
0.13
-1.74
-4.04
-6.79
-9.96
-13.59
-17.84
-22.88
-28.60
-34.45
-39.45
-42.43
-42.45
-39.22
-33.21
-25.51
-17.34
-9.64
-2.81
3.16
8.43
13.03
16.78
19.41
20.75
20.93
20.42
19.78
19.49
19.75
20.42
21.18
21.64
21.61
21.10
20.30
19.45
18.73
18.12
17.50
16.69
15.52
13.91
11.82
9.20
6.01
2.26
-1.94
-6.31
-10.56
-14.42
-17.89
-21.19
-24.75
-28.96
-33.91
-39.23
-44.03
-47.17
-47.59
-44.74
-38.77
-30.52
-21.24
-12.12
-3.98
2.91
8.66
13.45
17.39
20.35
22.15
22.74
22.36
21.45
20.55
19.97
19.76
19.72
19.60
19.27
18.84
18.50
18.39
18.39
18.24
17.60
16.33
14.48
12.28
9.87
7.23
4.21
0.69
-3.19
-7.07
-10.53
-13.32
-15.61
-17.87
-20.73
-24.62
-29.63
-35.35
-41.09
-45.88
-48.81
-49.18
-46.66
-41.42
-34.03
-25.35
-16.22
-7.36
0.76
7.81
13.60
18.00
20.97
22.63
23.25
23.26
23.05
22.93
23.00
23.14
23.18
22.98
22.51
21.90
21.31
20.85
20.51
20.15
19.55
18.52
16.91
14.69
11.91
8.70
5.19
1.58
-1.98
-5.42
-8.71
-11.90
-15.12
-18.54
-22.45
-27.04
-32.38
-38.10
-43.42
-47.16
-48.14
-45.63
-39.66
-31.07
-21.19
-11.41
-2.71
4.39
9.85
13.84
16.57
18.22
19.00
19.23
19.26
19.41
19.81
20.34
20.75
20.73
20.14
19.07
17.82
16.76
16.18
16.11
16.24
16.14
15.35
13.60
10.90
7.49
3.73
-0.08
-3.74
-7.23
-10.69
-14.26
-18.15
-22.52
-27.37
-32.49
-37.34
-41.12
-42.90
-41.92
-37.87
-30.99
-22.09
-12.33
-2.93
5.13
11.27
15.38
17.70
18.72
18.91
18.71
18.32
17.84
17.32
16.76
16.22
15.79
15.54
15.46
15.42
15.22
14.64
13.52
11.80
9.55
6.92
4.08
1.13
-1.90
-5.04
-8.29
-11.65
-15.16
-18.93
-23.18
-28.01
-33.28
-38.37
-42.25
-43.76
-42.06
-36.95
-29.03
-19.50
-9.74
-0.88
6.44
12.14
16.44
19.63
21.91
23.30
23.79
23.42
22.42
21.14
19.95
19.04
18.37
17.71
16.86
15.78
14.70
13.90
13.46
13.18
12.53
10.94
8.08
4.06
-0.58
-5.20
-9.23
-12.52
-15.27
-18.02
-21.36
-25.73
-31.22
-37.32
-43.06
-47.10
-48.24
-45.81
-39.90
-31.34
-21.40
-11.38
-2.29
5.29
11.19
15.51
18.50
20.53
21.96
23.12
24.15
25.07
25.70
25.85
25.37
24.29
22.76
21.08
19.57
18.45
17.79
17.43
17.09
16.47
15.30
13.41
10.72
7.29
3.28
-1.06
-5.41
-9.49
-13.23
-16.82
-20.62
-25.05
-30.25
-35.88
-41.10
-44.71
-45.55
-42.85
-36.64
-27.75
-17.63
-7.82
0.50
6.90
11.59
15.18
18.24
20.95
23.18
24.65
25.25
25.19
24.97
25.02
25.51
26.20
26.62
26.42
25.53
24.26
23.12
22.47
22.37
22.42
21.95
20.32
17.28
12.99
8.04
3.12
-1.28
-4.98
-8.13
-11.04
-14.03
-17.40
-21.33
-25.97
-31.33
-37.17
-42.92
-47.54
-49.92
-49.07
-44.59
-36.89
-27.10
-16.72
-7.14
0.75
6.75
11.12
14.35
16.78
18.57
19.72
20.23
20.25
19.98
19.61
19.20
18.74
18.19
17.64
17.25
17.18
17.44
17.75
17.75
17.04
15.43
12.91
9.69
6.04
2.25
-1.48
-5.08
-8.62
-12.37
-16.67
-21.75
-27.47
-33.14
-37.56
-39.38
-37.67
-32.26
-24.01
-14.42
-5.10
2.81
8.91
13.44
16.89
19.65
21.83
23.30
23.95
23.83
23.16
22.23
21.23
20.20
19.17
18.19
17.42
16.99
16.85
16.72
16.18
14.82
12.49
9.32
5.66
1.84
-1.93
-5.61
-9.32
-13.16
-17.28
-21.82
-26.95
-32.70
-38.80
-44.52
-48.78
-50.43
-48.62
-43.25
-34.93
-24.83
-14.32
-4.52
3.91
10.75
16.06
20.02
22.77
24.43
25.21
25.38
25.29
25.19
25.18
25.14
24.85
24.14
23.02
21.70
20.45
19.48
18.76
18.05
17.02
15.36
12.92
9.74
6.02
1.96
-2.17
-6.23
-10.10
-13.76
-17.36
-21.16
-25.52
-30.69
-36.63
-42.77
-48.06
-51.23
-51.20
-47.54
-40.62
-31.53
-21.62
-12.01
-3.36
4.20
10.78
16.56
21.50
25.46
28.22
29.72
30.07
29.62
28.83
28.14
27.80
27.82
27.97
27.88
27.31
26.23
24.91
23.69
22.75
21.92
20.76
18.74
15.60
11.54
7.08
2.86
-0.76
-3.80
-6.64
-9.74
-13.43
-17.73
-22.47
-27.41
-32.30
-36.94
-41.02
-43.99
-45.09
-43.61
-39.16
-31.97
-22.82
-12.96
-3.59
4.45
10.84
15.71
19.40
22.16
24.02
24.96
24.99
24.34
23.43
22.72
22.48
22.76
23.34
23.88
24.11
23.90
23.28
22.34
21.19
19.83
18.15
16.03
13.32
9.99
6.21
2.25
-1.55
-4.95
-7.93
-10.71
-13.67
-17.19
-21.49
-26.51
-31.88
-36.94
-40.88
-42.83
-42.14
-38.49
-32.11
-23.71
-14.36
-5.19
2.87
9.29
13.98
17.17
19.23
20.51
21.25
21.56
21.40
20.74
19.55
17.91
16.06
14.27
12.87
12.04
11.81
12.03
12.43
12.63
12.30
11.20
9.28
6.65
3.61
0.49
-2.46
-5.23
-7.99
-11.07
-14.81
-19.39
-24.78
-30.69
-36.52
-41.46
-44.50
-44.72
-41.53
-34.92
-25.68
-15.10
-4.70
4.25
11.04
15.64
18.48
20.12
21.04
21.47
21.52
21.27
20.93
20.73
20.84
21.19
21.47
21.34
20.62
19.46
18.26
17.47
17.28
17.46
17.45
16.58
14.43
10.95
6.50
1.64
-3.08
-7.32
-10.99
-14.30
-17.62
-21.47
-26.19
-31.87
-38.05
-43.78
-47.80
-48.92
-46.46
-40.52
-31.94
-21.98
-11.93
-2.76
5.04
11.34
16.21
19.79
22.21
23.65
24.32
24.44
24.20
23.72
23.13
22.54
22.09
21.87
21.83
21.83
21.65
21.18
20.44
19.53
18.52
17.27
15.58
13.23
10.23
6.79
3.22
-0.22
-3.48
-6.69
-10.05
-13.73
-17.77
-22.21
-27.07
-32.34
-37.80
-42.95
-46.94
-48.78
-47.67
-43.30
-36.05
-26.87
-16.98
-7.56
0.61
7.22
12.38
16.36
19.43
21.75
23.36
24.32
24.75
24.83
24.78
24.69
24.59
24.44
24.22
23.98
23.78
23.66
23.54
23.30
22.77
21.88
20.61
19.01
17.06
14.64
11.63
7.97
3.82
-0.48
-4.51
-7.98
-10.88
-13.51
-16.40
-19.99
-24.55
-29.92
-35.55
-40.61
-44.15
-45.37
-43.80
-39.39
-32.56
-24.12
-15.09
-6.48
0.91
6.70
10.86
13.70
15.58
16.73
17.27
17.22
16.70
15.95
15.32
15.01
15.02
15.11
14.99
14.57
13.99
13.51
13.24
13.09
12.72
11.79
10.17
7.98
5.47
2.80
-0.05
-3.18
-6.67
-10.41
-14.19
-17.85
-21.46
-25.20
-29.25
-33.41
-37.06
-39.20
-38.90
-35.63
-29.51
-21.44
-12.63
-4.33
2.61
7.90
11.69
14.38
16.35
17.78
18.61
18.73
18.07
16.77
15.14
13.50
12.15
11.15
10.44
9.85
9.26
8.62
7.92
7.21
6.41
5.42
4.02
2.09
-0.43
-3.43
-6.72
-10.15
-13.63
-17.30
-21.31
-25.79
-30.60
-35.18
-38.65
-40.00
-38.53
-34.08
-27.21
-18.89
-10.28
-2.32
4.46
9.87
13.99
16.94
18.87
19.94
20.32
20.20
19.70
18.93
17.92
16.82
15.69
14.70
13.91
13.33
12.90
12.49
11.98
11.17
9.93
8.10
5.63
2.58
-0.86
-4.44
-7.93
-11.20
-14.38
-17.75
-21.72
-26.62
-32.43
-38.67
-44.31
-48.05
-48.69
-45.63
-39.11
-30.17
-20.29
-10.87
-2.86
3.42
8.16
11.79
14.67
17.02
18.90
20.33
21.40
22.21
22.86
23.31
23.40
22.97
22.00
20.68
19.36
18.38
17.88
17.68
17.41
16.62
14.99
12.43
9.08
5.17
1.00
-3.14
-7.07
-10.73
-14.29
-18.09
-22.52
-27.82
-33.84
-39.97
-45.21
-48.42
-48.68
-45.56
-39.19
-30.35
-20.17
-9.92
-0.65
7.00
12.87
17.23
20.47
22.94
24.79
26.01
26.56
26.46
25.93
25.22
24.57
24.00
23.46
22.82
22.10
21.47
21.13
21.11
21.23
21.06
20.12
18.07
14.92
10.95
6.61
2.30
-1.71
-5.34
-8.60
-11.56
-14.33
-17.13
-20.23
-23.99
-28.61
-33.96
-39.43
-43.99
-46.43
-45.82
-41.81
-34.83
-25.90
-16.34
-7.29
0.52
6.88
11.94
16.02
19.36
22.03
23.96
25.08
25.41
25.16
24.65
24.23
24.06
24.07
24.01
23.64
22.83
21.76
20.73
19.99
19.60
19.29
18.61
17.21
14.93
11.92
8.54
5.11
1.79
-1.46
-4.82
-8.48
-12.51
-16.88
-21.50
-26.34
-31.36
-36.45
-41.28
-45.16
-47.17
-46.38
-42.30
-35.09
-25.69
-15.49
-5.95
1.94
7.83
11.97
14.89
17.03
18.59
19.52
19.75
19.32
18.49
17.54
16.66
15.91
15.16
14.30
13.34
12.44
11.83
11.63
11.70
11.66
11.01
9.37
6.72
3.41
-0.01
-3.04
-5.53
-7.73
-10.21
-13.55
-18.12
-23.79
-29.98
-35.74
-40.01
-41.88
-40.73
-36.46
-29.41
-20.38
-10.44
-0.73
7.75
14.39
18.97
21.76
23.26
24.06
24.53
24.79
24.73
24.18
23.06
21.52
19.85
18.33
17.14
16.34
15.87
15.61
15.42
15.09
14.44
13.25
11.43
8.96
5.95
2.52
-1.18
-4.99
-8.75
-12.32
-15.66
-18.94
-22.53
-26.84
-32.08
-37.97
-43.63
-47.80
-49.19
-46.96
-41.08
-32.32
-21.99
-11.53
-2.07
5.79
11.93
16.57
20.01
22.52
24.20
25.10
25.29
24.98
24.42
23.86
23.38
22.92
22.36
21.60
20.78
20.08
19.65
19.49
19.35
18.87
17.75
15.87
13.29
10.20
6.77
3.15
-0.56
-4.27
-7.94
-11.65
-15.56
-19.89
-24.87
-30.47
-36.37
-41.89
-46.11
-48.08
-47.08
-42.89
-35.89
-26.98
-17.30
-7.95
0.28
7.01
12.24
16.15
18.99
21.03
22.46
23.47
24.21
24.79
25.25
25.62
25.81
25.74
25.34
24.57
23.51
22.36
21.36
20.71
20.49
20.51
20.34
19.40
17.23
13.66
8.94
3.65
-1.57
-6.29
-10.38
-14.08
-17.71
-21.58
-25.82
-30.36
-34.94
-39.05
-42.02
-43.10
-41.72
-37.71
-31.45
-23.77
-15.74
-8.25
-1.83
3.40
7.55
10.75
13.13
14.78
15.84
16.51
16.96
17.28
17.44
17.32
16.88
16.19
15.45
14.83
14.48
14.25
13.95
13.28
12.00
10.01
7.35
4.10
0.43
-3.50
-7.50
-11.41
-15.19
-18.97
-23.01
-27.67
-33.15
-39.25
-45.34
-50.40
-53.31
-53.24
-49.98
-43.98
-36.18
-27.72
-19.49
-12.04
-5.57
-0.08
4.43
7.96
10.50
12.11
12.97
13.32
13.43
13.50
13.73
14.20
14.98
16.01
17.15
18.14
18.73
18.77
18.18
16.99
15.18
12.74
9.62
5.89
1.66
-2.90
-7.71
-12.89
-18.64
-24.98
-31.54
-37.48
-41.60
-42.79
-40.44
-34.66
-26.28
-16.51
-6.57
2.62
10.57
17.15
22.40
26.46
29.42
31.34
32.27
32.25
31.38
29.78
27.63
25.19
22.71
20.44
18.52
16.97
15.73
14.69
13.71
12.64
11.29
9.40
6.77
3.26
-1.04
-5.84
-10.84
-15.89
-21.12
-26.78
-33.01
-39.45
-45.15
-48.80
-49.14
-45.57
-38.37
-28.70
-18.06
-7.93
0.73
7.52
12.55
16.16
18.75
20.67
22.08
23.01
23.40
23.18
22.37
21.13
19.72
18.42
17.44
16.80
16.36
15.83
14.94
13.50
11.47
8.92
6.03
2.91
-0.44
-4.15
-8.50
-13.75
-20.01
-27.14
-34.62
-41.59
-47.00
-49.77
-49.08
-44.61
-36.67
-26.16
-14.39
-2.69
7.83
16.51
23.15
27.89
31.01
32.85
33.67
33.65
32.93
31.63
29.96
28.18
26.53
25.14
23.93
22.60
20.84
18.48
15.67
12.79
10.23
8.13
6.18
3.81
0.45
-4.23
-10.17
-17.00
-24.21
-31.30
-37.76
-42.91
-45.95
-46.05
-42.62
-35.57
-25.46
-13.46
-1.03
10.39
19.70
26.39
30.59
32.93
34.18
34.94
35.38
35.34
34.50
32.81
30.59
28.49
27.10
26.61
26.72
26.75
26.09
24.46
22.05
19.26
16.41
13.55
10.46
6.86
2.63
-2.07
-6.93
-11.75
-16.60
-21.82
-27.73
-34.30
-40.92
-46.36
-49.16
-48.13
-42.84
-33.83
-22.47
-10.42
0.83
10.42
18.11
24.05
28.51
31.57
33.23
33.49
32.57
30.93
29.12
27.59
26.48
25.66
24.78
23.62
22.16
20.60
19.26
18.28
17.50
16.52
14.89
12.38
9.11
5.52
2.06
-1.09
-4.06
-7.26
-11.16
-16.04
-21.96
-28.64
-35.44
-41.48
-45.62
-46.79
-44.26
-38.00
-28.75
-17.85
-6.83
3.10
11.21
17.34
21.66
24.44
25.93
26.33
25.85
24.74
23.22
21.53
19.85
18.34
17.15
16.44
16.34
16.82
17.59
18.20
18.08
16.83
14.34
10.93
7.09
3.31
-0.24
-3.71
-7.43
-11.72
-16.68
-22.16
-27.87
-33.38
-38.19
-41.65
-43.02
-41.67
-37.25
-30.00
-20.77
-10.73
-1.07
7.38
14.28
19.64
23.64
26.38
27.88
28.17
27.41
25.95
24.25
22.75
21.68
21.06
20.75
20.51
20.17
19.58
18.72
17.55
16.03
14.09
11.66
8.67
5.15
1.24
-2.88
-7.03
-11.12
-15.19
-19.39
-23.95
-29.03
-34.57
-40.18
-45.10
-48.34
-48.90
-46.13
-39.95
-30.98
-20.36
-9.41
0.70
9.25
15.95
20.84
24.08
25.87
26.46
26.20
25.57
25.02
24.86
25.12
25.56
25.79
25.48
24.54
23.13
21.56
20.13
19.00
18.08
17.10
15.74
13.75
11.00
7.61
3.82
-0.06
-3.74
-7.16
-10.43
-13.82
-17.64
-22.07
-27.06
-32.38
-37.60
-42.14
-45.34
-46.48
-44.96
-40.50
-33.33
-24.24
-14.37
-4.89
3.35
9.99
15.04
18.71
21.22
22.70
23.32
23.32
23.04
22.76
22.59
22.46
22.25
21.96
21.70
21.57
21.59
21.60
21.37
20.76
19.79
18.60
17.29
15.73
13.66
10.80
7.07
2.73
-1.69
-5.70
-9.04
-11.77
-14.24
-16.89
-20.09
-24.02
-28.61
-33.56
-38.32
-42.14
-44.15
-43.66
-40.34
-34.37
-26.49
-17.73
-9.13
-1.47
4.84
9.74
13.33
15.75
17.08
17.41
16.94
15.99
14.98
14.26
14.03
14.18
14.42
14.38
13.86
12.93
11.89
11.07
10.66
10.49
10.13
9.08
7.03
4.05
0.55
-2.91
-5.88
-8.22
-10.13
-12.02
-14.32
-17.31
-21.08
-25.42
-30.00
-34.21
-37.32
-38.57
-37.32
-33.37
-27.06
-19.24
-10.99
-3.34
3.08
8.07
11.74
14.30
15.94
16.78
16.87
16.35
15.37
14.21
13.08
12.11
11.36
10.76
10.23
9.71
9.22
8.79
8.45
8.15
7.71
6.93
5.63
3.73
1.33
-1.44
-4.48
-7.81
-11.51
-15.69
-20.38
-25.39
-30.41
-34.93
-38.36
-40.07
-39.55
-36.53
-31.16
-23.98
-15.84
-7.69
-0.28
5.98
10.99
14.82
17.53
19.06
19.32
18.36
16.46
14.16
12.02
10.49
9.67
9.37
9.25
9.03
8.59
7.99
7.38
6.78
6.06
5.02
3.44
1.30
-1.28
-4.04
-6.73
-9.24
-11.60
-14.08
-16.99
-20.63
-25.09
-30.20
-35.44
-40.05
-43.11
-43.87
-41.86
-37.14
-30.21
-21.92
-13.26
-5.07
2.02
7.70
11.95
14.95
17.00
18.38
19.34
20.03
20.46
20.55
20.20
19.42
18.29
16.99
15.73
14.63
13.73
13.01
12.43
11.99
11.67
11.37
10.85
9.72
7.59
4.25
-0.15
-5.10
-9.94
-14.04
-17.19
-19.61
-21.89
-24.72
-28.52
-33.15
-37.95
-41.83
-43.69
-42.75
-38.83
-32.40
-24.38
-15.82
-7.61
-0.32
5.84
10.87
14.82
17.73
19.63
20.63
20.93
20.78
20.42
20.06
19.82
19.78
19.96
20.29
20.59
20.59
20.08
19.00
17.54
16.03
14.71
13.59
12.39
10.66
8.06
4.55
0.45
-3.73
-7.54
-10.74
-13.37
-15.66
-18.04
-20.85
-24.36
-28.62
-33.34
-38.00
-41.79
-43.85
-43.48
-40.30
-34.43
-26.47
-17.40
-8.31
-0.17
6.35
11.02
13.98
15.58
16.23
16.30
16.03
15.63
15.30
15.18
15.33
15.68
16.05
16.25
16.18
15.86
15.41
14.88
14.19
13.13
11.51
9.27
6.54
3.64
0.87
-1.67
-4.08
-6.60
-9.43
-12.64
-16.19
-20.02
-24.13
-28.40
-32.47
-35.63
-36.91
-35.46
-30.94
-23.81
-15.24
-6.69
0.65
6.23
10.19
13.05
15.34
17.29
18.76
19.46
19.17
17.96
16.17
14.26
12.67
11.61
11.07
10.89
10.89
10.87
10.63
10.04
9.00
7.45
5.42
2.94
0.06
-3.15
-6.61
-10.17
-13.65
-17.02
-20.46
-24.33
-28.86
-33.87
-38.59
-41.82
-42.34
-39.53
-33.57
-25.46
-16.51
-7.86
-0.20
6.28
11.58
15.71
18.63
20.30
20.84
20.55
19.82
18.99
18.28
17.74
17.36
17.12
17.04
17.17
17.48
17.86
18.06
17.72
16.54
14.31
11.08
7.11
2.79
-1.50
-5.52
-9.19
-12.61
-15.98
-19.60
-23.77
-28.69
-34.33
-40.26
-45.63
-49.30
-50.13
-47.41
-41.06
-31.73
-20.68
-9.33
1.04
9.60
16.08
20.68
23.88
26.18
27.98
29.39
30.35
30.75
30.54
29.79
28.72
27.55
26.45
25.49
24.73
24.20
23.89
23.74
23.53
22.86
21.29
18.52
14.57
9.85
4.96
0.48
-3.35
-6.62
-9.78
-13.31
-17.67
-23.03
-29.27
-35.89
-42.00
-46.50
-48.30
-46.73
-41.73
-33.95
-24.45
-14.42
-4.83
3.75
11.10
17.24
22.30
26.41
29.64
32.01
33.53
34.17
34.05
33.39
32.56
31.88
31.51
31.43
31.42
31.29
30.86
30.11
29.07
27.77
26.15
24.08
21.40
17.98
13.86
9.24
4.52
0.15
-3.58
-6.57
-9.13
-11.74
-14.95
-19.12
-24.35
-30.36
-36.52
-41.98
-45.74
-46.96
-45.13
-40.27
-32.96
-24.21
-15.15
-6.73
0.46
6.22
10.59
13.73
15.79
16.95
17.42
17.45
17.29
17.09
16.89
16.66
16.36
16.04
15.76
15.64
15.68
15.76
15.61
14.99
13.71
11.80
9.43
6.87
4.30
1.75
-0.91
-3.86
-7.30
-11.32
-15.96
-21.12
-26.54
-31.70
-35.83
-38.01
-37.44
-33.71
-27.06
-18.38
-8.95
-0.06
7.37
12.99
16.92
19.54
21.24
22.29
22.79
22.82
22.44
21.75
20.90
20.05
19.30
18.70
18.26
17.95
17.71
17.45
17.08
16.43
15.33
13.55
10.90
7.28
2.83
-2.05
-6.83
-11.07
-14.68
-17.98
-21.59
-26.11
-31.79
-38.29
-44.71
-49.73
-52.02
-50.66
-45.45
-36.99
-26.51
-15.53
-5.37
3.15
9.84
14.94
18.87
21.94
24.24
25.75
26.45
26.47
26.04
25.41
24.76
24.13
23.58
23.20
23.11
23.41
24.07
24.79
25.13
24.61
22.91
20.01
16.13
11.66
6.98
2.39
-1.95
-6.00
-9.86
-13.68
-17.65
-22.00
-26.95
-32.61
-38.78
-44.93
-50.03
-52.89
-52.48
-48.39
-41.06
-31.64
-21.57
-12.05
-3.72
3.43
9.68
15.25
20.09
23.88
26.37
27.54
27.70
27.42
27.15
27.13
27.22
27.17
26.83
26.25
25.68
25.38
25.37
25.37
24.92
23.62
21.27
18.00
14.12
9.96
5.83
1.92
-1.66
-4.89
-7.88
-10.85
-14.13
-18.04
-22.81
-28.45
-34.74
-41.19
-47.03
-51.30
-53.00
-51.38
-46.27
-38.18
-28.26
-17.89
-8.24
0.00
6.74
12.19
16.63
20.21
22.91
24.76
25.83
26.31
26.41
26.25
25.86
25.22
24.42
23.63
23.04
22.74
22.66
22.64
22.47
21.97
20.95
19.21
16.61
13.11
8.86
4.29
-0.14
-4.06
-7.38
-10.35
-13.41
-16.97
-21.29
-26.39
-32.04
-37.77
-42.89
-46.47
-47.56
-45.46
-39.98
-31.66
-21.61
-11.19
-1.58
6.50
12.84
17.53
20.77
22.72
23.45
23.14
22.06
20.67
19.39
18.51
18.04
17.80
17.47
16.82
15.83
14.65
13.55
12.72
12.11
11.41
10.21
8.21
5.37
1.97
-1.57
-4.91
-8.02
-11.16
-14.80
-19.34
-24.88
-31.12
-37.36
-42.67
-46.05
-46.72
-44.27
-38.76
-30.71
-20.97
-10.58
-0.58
8.17
15.09
19.91
22.73
23.90
23.94
23.41
22.73
22.15
21.75
21.42
21.01
20.37
19.50
18.51
17.63
17.02
16.67
16.33
15.59
14.05
11.57
8.29
4.54
0.74
-2.83
-6.09
-9.13
-12.20
-15.57
-19.61
-24.57
-30.58
-37.38
-44.27
-50.15
-53.71
-53.91
-50.23
-43.00
-33.26
-22.48
-12.02
-2.78
4.92
11.25
16.52
20.86
24.19
26.30
27.10
26.77
25.79
24.67
23.81
23.30
23.01
22.76
22.38
21.86
21.22
20.57
19.88
19.10
18.08
16.57
14.33
11.20
7.29
2.91
-1.46
-5.43
-8.87
-12.02
-15.37
-19.45
-24.57
-30.62
-37.07
-43.07
-47.59
-49.69
-48.67
-44.30
-36.87
-27.22
-16.49
-5.92
3.48
11.10
16.79
20.78
23.52
25.53
27.19
28.62
29.70
30.20
29.95
29.03
27.79
26.66
26.01
25.86
25.94
25.89
25.45
24.64
23.66
22.68
21.62
20.12
17.72
14.15
9.54
4.48
-0.27
-4.10
-6.86
-8.97
-11.21
-14.33
-18.81
-24.59
-31.20
-37.87
-43.78
-48.16
-50.34
-49.83
-46.37
-40.10
-31.63
-21.94
-12.15
-3.24
4.18
9.96
14.25
17.32
19.38
20.56
21.03
21.03
20.89
20.93
21.25
21.72
22.00
21.81
21.04
19.89
18.74
17.91
17.48
17.21
16.64
15.35
13.14
10.08
6.46
2.58
-1.27
-4.91
-8.32
-11.57
-14.87
-18.56
-22.94
-28.01
-33.30
-37.81
-40.27
-39.62
-35.50
-28.36
-19.38
-9.89
-1.01
6.68
13.00
17.97
21.53
23.58
24.08
23.22
21.48
19.46
17.69
16.40
15.57
14.95
14.34
13.67
13.07
12.72
12.66
12.73
12.55
11.71
9.94
7.32
4.17
0.91
-2.18
-5.10
-8.04
-11.28
-15.04
-19.37
-24.22
-29.47
-34.86
-39.88
-43.74
-45.47
-44.19
-39.51
-31.80
-22.12
-11.94
-2.56
5.22
11.26
15.88
19.49
22.34
24.39
25.52
25.75
25.38
24.85
24.55
24.57
24.73
24.68
24.19
23.29
22.24
21.30
20.60
19.98
19.13
17.66
15.32
12.04
8.00
3.48
-1.15
-5.58
-9.59
-13.14
-16.42
-19.72
-23.44
-27.90
-33.14
-38.88
-44.38
-48.61
-50.46
-49.08
-44.23
-36.38
-26.67
-16.48
-7.12
0.61
6.53
10.92
14.30
17.10
19.52
21.52
22.96
23.82
24.24
24.51
24.84
25.30
25.69
25.75
25.32
24.47
23.45
22.50
21.71
20.92
19.84
18.25
16.09
13.47
10.51
7.31
3.93
0.42
-3.12
-6.52
-9.66
-12.59
-15.57
-18.99
-23.18
-28.27
-33.96
-39.62
-44.39
-47.31
-47.62
-44.88
-39.20
-31.15
-21.76
-12.22
-3.56
3.50
8.78
12.50
15.12
17.13
18.85
20.31
21.40
21.98
22.09
21.95
21.91
22.18
22.67
23.07
22.97
22.21
20.98
19.78
19.13
19.19
19.59
19.57
18.36
15.51
11.20
6.10
1.08
-3.17
-6.37
-8.75
-10.84
-13.21
-16.28
-20.15
-24.69
-29.61
-34.48
-38.81
-41.92
-43.13
-41.78
-37.61
-30.88
-22.42
-13.39
-4.87
2.35
8.00
12.14
15.02
16.88
17.89
18.22
18.02
17.51
16.82
16.08
15.29
14.48
13.69
12.97
12.41
12.04
11.83
11.70
11.52
11.10
10.25
8.77
6.57
3.69
0.33
-3.19
-6.57
-9.61
-12.40
-15.25
-18.56
-22.70
-27.71
-33.11
-37.97
-41.05
-41.28
-38.09
-31.75
-23.25
-13.92
-4.96
2.82
9.12
14.00
17.54
19.82
20.90
20.96
20.39
19.61
18.97
18.58
18.22
17.60
16.52
15.03
13.44
12.17
11.53
11.57
12.03
12.45
12.26
11.06
8.67
5.20
1.05
-3.24
-7.18
-10.43
-12.99
-15.24
-17.76
-21.21
-26.01
-32.12
-38.92
-45.22
-49.57
-50.73
-47.99
-41.53
-32.38
-22.05
-12.05
-3.47
3.27
8.31
12.07
14.93
17.05
18.43
19.05
19.04
18.72
18.43
18.45
18.78
19.20
19.40
19.09
18.28
17.21
16.24
15.64
15.38
15.06
14.13
12.08
8.79
4.57
0.07
-4.04
-7.34
-9.84
-11.93
-14.21
-17.27
-21.48
-26.88
-33.11
-39.36
-44.51
-47.34
-46.94
-43.01
-36.04
-27.14
-17.64
-8.70
-0.97
5.41
10.59
14.76
18.00
20.36
21.86
22.68
23.04
23.12
23.00
22.68
22.13
21.38
20.58
19.85
19.24
18.76
18.30
17.79
17.17
16.37
15.25
13.60
11.24
8.10
4.37
0.46
-3.25
-6.55
-9.54
-12.67
-16.46
-21.35
-27.37
-34.08
-40.57
-45.71
-48.41
-47.88
-43.87
-36.73
-27.35
-16.95
-6.84
1.88
8.56
13.06
15.69
17.04
17.71
18.12
18.49
18.80
18.97
18.90
18.61
18.15
17.67
17.27
17.03
16.93
16.89
16.70
16.19
15.23
13.75
11.78
9.37
6.53
3.28
-0.37
-4.36
-8.59
-12.92
-17.31
-21.76
-26.26
-30.66
-34.52
-37.17
-37.81
-35.84
-31.06
-23.82
-15.03
-5.88
2.47
9.19
14.03
17.16
19.11
20.34
21.11
21.45
21.21
20.31
18.92
17.38
16.11
15.41
15.31
15.55
15.78
15.68
15.07
13.93
12.29
10.14
7.42
4.08
0.19
-4.03
-8.21
-12.06
-15.51
-18.87
-22.63
-27.22
-32.67
-38.31
-42.98
-45.33
-44.38
-39.85
-32.32
-22.90
-12.90
-3.38
5.00
11.94
17.36
21.19
23.46
24.30
24.08
23.34
22.66
22.45
22.77
23.35
23.71
23.49
22.59
21.28
20.04
19.27
19.09
19.15
18.86
17.70
15.45
12.34
8.93
5.79
3.20
0.98
-1.42
-4.58
-8.93
-14.44
-20.74
-27.15
-32.97
-37.52
-40.22
-40.61
-38.46
-33.79
-27.03
-18.91
-10.41
-2.43
4.44
9.99
14.36
17.87
20.74
23.02
24.63
25.49
25.60
25.16
24.47
23.84
23.43
23.24
23.12
22.93
22.59
22.10
21.52
20.88
20.13
19.02
17.24
14.47
10.58
5.75
0.41
-4.79
-9.37
-13.11
-16.15
-18.97
-22.10
-25.98
-30.68
-35.85
-40.78
-44.56
-46.29
-45.33
-41.50
-35.14
-27.04
-18.12
-9.28
-1.12
6.00
11.99
16.85
20.65
23.48
25.40
26.50
26.83
26.49
25.70
24.79
24.10
23.88
24.16
24.72
25.19
25.27
24.82
23.94
22.81
21.54
20.07
18.22
15.76
12.61
8.87
4.78
0.73
-2.90
-5.88
-8.19
-10.16
-12.28
-15.12
-19.08
-24.21
-30.16
-36.22
-41.44
-44.91
-45.91
-44.02
-39.32
-32.29
-23.74
-14.64
-5.90
1.81
8.15
13.04
16.58
18.92
20.21
20.65
20.44
19.85
19.07
18.26
17.50
16.83
16.28
15.91
15.72
15.69
15.77
15.84
15.78
15.40
14.51
12.87
10.36
6.98
3.01
-1.05
-4.72
-7.65
-9.90
-11.89
-14.32
-17.84
-22.71
-28.67
-34.81
-39.89
-42.61
-42.17
-38.43
-32.04
-24.12
-15.89
-8.23
-1.53
4.22
9.25
13.64
17.33
20.11
21.80
22.40
22.10
21.30
20.44
19.94
20.03
20.77
21.96
23.26
24.23
24.53
24.04
22.85
21.20
19.28
17.19
14.89
12.25
9.21
5.79
2.10
-1.72
-5.49
-9.09
-12.41
-15.46
-18.33
-21.29
-24.66
-28.68
-33.40
-38.49
-43.31
-47.07
-48.94
-48.39
-45.23
-39.67
-32.23
-23.60
-14.53
-5.73
2.19
8.85
14.03
17.82
20.39
22.04
23.00
23.41
23.32
22.81
22.06
21.27
20.71
20.52
20.69
21.08
21.43
21.47
21.05
20.10
18.64
16.82
14.76
12.51
10.07
7.30
4.16
0.75
-2.72
-5.90
-8.56
-10.64
-12.32
-13.91
-15.77
-18.24
-21.53
-25.67
-30.38
-35.01
-38.57
-40.02
-38.62
-34.22
-27.37
-19.12
-10.66
-2.91
3.65
8.97
13.17
16.43
18.87
20.53
21.49
21.89
21.92
21.76
21.59
21.53
21.57
21.62
21.50
21.12
20.45
19.60
18.73
17.98
17.39
16.87
16.18
15.06
13.31
10.87
7.93
4.80
1.85
-0.64
-2.58
-4.10
-5.41
-6.86
-8.72
-11.29
-14.72
-18.97
-23.66
-28.02
-31.01
-31.69
-29.61
-25.01
-18.84
-12.26
-6.29
-1.45
2.26
5.10
7.35
9.10
10.30
10.87
10.82
10.26
9.39
8.41
7.46
6.67
6.11
5.82
5.77
5.93
6.21
6.51
6.68
6.56
5.99
4.87
3.21
1.11
-1.18
-3.51
-5.74
-7.92
-10.25
-12.95
-16.20
-19.99
-23.96
-27.46
-29.58
-29.51
-26.79
-21.51
-14.34
-6.21
1.97
9.53
16.11
21.57
25.87
29.00
31.04
32.16
32.64
32.77
32.77
32.67
32.42
31.92
31.08
29.92
28.52
27.02
25.55
24.18
22.88
21.49
19.77
17.44
14.34
10.50
6.09
1.43
-3.14
-7.41
-11.31
-14.97
-18.63
-22.65
-27.26
-32.49
-38.02
-43.12
-46.89
-48.40
-47.07
-42.88
-36.38
-28.50
-20.27
-12.48
-5.52
0.52
5.68
9.96
13.25
15.46
16.66
17.10
17.21
17.34
17.63
18.00
18.19
18.01
17.46
16.71
15.97
15.32
14.57
13.34
11.22
8.07
4.02
-0.47
-4.94
-9.01
-12.58
-15.81
-19.10
-22.84
-27.39
-32.85
-39.02
-45.29
-50.82
-54.58
-55.75
-53.83
-48.86
-41.38
-32.42
-23.19
-14.91
-8.48
-4.24
-1.91
-0.75
0.19
1.54
3.54
5.98
8.44
10.64
12.52
14.18
15.72
17.07
17.93
18.01
17.13
15.37
13.06
10.65
8.46
6.61
4.96
3.25
1.26
-1.12
-3.81
-6.65
-9.45
-12.21
-15.12
-18.48
-22.54
-27.33
-32.58
-37.78
-42.31
-45.59
-47.23
-46.92
-44.50
-39.97
-33.56
-25.78
-17.45
-9.44
-2.54
2.86
6.84
9.78
12.14
14.22
16.03
17.39
18.12
18.21
17.79
17.18
16.62
16.27
16.18
16.35
16.78
17.42
18.11
18.54
18.29
17.04
14.72
11.57
8.01
4.46
1.16
-1.93
-5.05
-8.50
-12.54
-17.31
-22.71
-28.36
-33.51
-37.17
-38.34
-36.42
-31.44
-24.16
-15.69
-7.17
0.66
7.53
13.49
18.70
23.12
26.59
28.83
29.76
29.53
28.51
27.12
25.71
24.43
23.25
22.11
20.95
19.87
18.98
18.29
17.68
16.81
15.28
12.79
9.33
5.21
0.97
-2.87
-6.05
-8.69
-11.25
-14.32
-18.38
-23.60
-29.78
-36.35
-42.51
-47.33
-49.97
-49.83
-46.70
-40.83
-32.94
-23.92
-14.72
-6.05
1.64
8.18
13.55
17.85
21.25
23.92
26.02
27.56
28.51
28.84
28.61
28.01
27.30
26.71
26.35
26.14
25.94
25.64
25.22
24.68
24.00
23.01
21.43
19.00
15.64
11.48
6.87
2.23
-2.13
-6.13
-9.90
-13.79
-18.19
-23.38
-29.42
-35.99
-42.39
-47.65
-50.70
-50.72
-47.40
-41.05
-32.52
-22.93
-13.31
-4.43
3.27
9.64
14.71
18.64
21.69
24.12
26.10
27.72
28.93
29.64
29.87
29.77
29.56
29.47
29.55
29.65
29.58
29.15
28.39
27.36
26.22
24.96
23.42
21.34
18.54
15.02
10.99
6.84
2.93
-0.55
-3.62
-6.56
-9.66
-13.14
-17.07
-21.39
-26.03
-31.00
-36.30
-41.73
-46.71
-50.28
-51.39
-49.26
-43.79
-35.68
-26.07
-16.25
-7.13
0.83
7.53
12.97
17.14
19.98
21.52
22.01
21.90
21.72
21.83
22.36
23.14
23.86
24.20
24.00
23.34
22.51
21.86
21.65
21.87
22.20
22.16
21.25
19.14
15.87
11.71
7.15
2.68
-1.42
-5.11
-8.59
-12.20
-16.26
-20.93
-26.17
-31.69
-36.93
-41.19
-43.68
-43.72
-40.98
-35.57
-28.09
-19.46
-10.64
-2.45
4.65
10.45
14.91
18.06
19.92
20.56
20.13
18.94
17.43
16.06
15.22
15.06
15.47
16.10
16.55
16.56
16.07
15.25
14.30
13.32
12.15
10.56
8.34
5.46
2.11
-1.46
-5.10
-8.87
-12.97
-17.73
-23.33
-29.61
-36.06
-41.75
-45.67
-46.89
-44.96
-40.07
-32.92
-24.57
-16.00
-7.91
-0.62
5.79
11.31
15.84
19.27
21.55
22.79
23.26
23.27
23.05
22.69
22.14
21.39
20.45
19.46
18.61
18.07
17.83
17.71
17.34
16.37
14.52
11.73
8.16
4.11
-0.05
-4.03
-7.67
-10.98
-14.21
-17.75
-22.11
-27.68
-34.36
-41.40
-47.46
-51.06
-51.08
-47.33
-40.55
-32.06
-23.13
-14.57
-6.65
0.71
7.51
13.48
18.24
21.53
23.42
24.33
24.80
25.17
25.54
25.79
25.76
25.44
24.91
24.29
23.70
23.19
22.71
22.23
21.65
20.82
19.51
17.49
14.62
10.93
6.67
2.16
-2.28
-6.49
-10.53
-14.64
-19.16
-24.35
-30.24
-36.50
-42.45
-47.12
-49.50
-48.85
-44.88
-37.91
-28.81
-18.73
-8.80
0.14
7.67
13.74
18.51
22.17
24.89
26.81
28.08
28.95
29.64
30.29
30.94
31.44
31.61
31.30
30.54
29.49
28.47
27.77
27.48
27.49
27.39
26.70
25.02
22.26
18.66
14.74
10.99
7.73
4.86
1.95
-1.55
-6.16
-12.11
-19.26
-27.09
-34.71
-41.06
-45.03
-45.81
-43.14
-37.39
-29.45
-20.43
-11.38
-3.02
4.15
9.90
14.11
16.78
18.13
18.50
18.32
17.92
17.41
16.69
15.62
14.21
12.64
11.24
10.24
9.67
9.34
8.96
8.31
7.28
5.81
3.90
1.49
-1.45
-4.86
-8.57
-12.42
-16.34
-20.43
-24.93
-30.01
-35.52
-40.94
-45.41
-47.97
-47.86
-44.75
-38.78
-30.58
-21.05
-11.16
-1.84
6.24
12.71
17.49
20.79
22.97
24.42
25.46
26.25
26.81
26.98
26.61
25.59
24.08
22.38
20.89
19.87
19.27
18.75
17.80
16.01
13.24
9.66
5.64
1.47
-2.73
-6.99
-11.43
-16.09
-20.88
-25.77
-30.77
-35.96
-41.28
-46.36
-50.30
-51.99
-50.41
-45.20
-36.81
-26.45
-15.65
-5.71
2.64
9.34
14.69
19.10
22.74
25.60
27.54
28.55
28.76
28.49
28.08
27.78
27.69
27.76
27.88
27.95
27.90
27.69
27.22
26.33
24.74
22.23
18.74
14.45
9.80
5.30
1.39
-1.89
-4.86
-8.15
-12.37
-17.77
-24.02
-30.22
-35.13
-37.61
-36.99
-33.22
-26.95
-19.19
-11.10
-3.61
2.71
7.73
11.59
14.54
16.84
18.56
19.72
20.23
20.04
19.19
17.82
16.14
14.40
12.86
11.74
11.10
10.84
10.65
10.12
8.96
7.06
4.59
1.85
-0.93
-3.68
-6.64
-10.14
-14.53
-19.92
-26.21
-32.98
-39.56
-45.02
-48.39
-48.83
-45.93
-39.95
-31.78
-22.66
-13.84
-6.13
0.25
5.56
10.17
14.32
17.90
20.62
22.17
22.49
21.84
20.70
19.60
18.83
18.46
18.29
18.09
17.74
17.29
16.85
16.44
15.83
14.61
12.43
9.16
5.05
0.61
-3.54
-7.00
-9.76
-12.18
-14.90
-18.56
-23.56
-29.87
-36.89
-43.56
-48.56
-50.70
-49.30
-44.40
-36.77
-27.59
-18.08
-9.16
-1.35
5.19
10.53
14.83
18.31
21.12
23.47
25.44
27.06
28.22
28.85
28.87
28.35
27.43
26.28
25.05
23.82
22.66
21.61
20.68
19.80
18.78
17.34
15.16
12.04
8.02
3.34
-1.52
-6.09
-10.00
-13.12
-15.57
-17.74
-20.11
-23.15
-27.18
-32.17
-37.76
-43.21
-47.52
-49.71
-49.01
-45.14
-38.40
-29.61
-19.83
-10.11
-1.14
6.68
13.29
18.73
23.07
26.38
28.69
30.12
30.82
30.95
30.68
30.17
29.67
29.42
29.66
30.42
31.49
32.43
32.82
32.39
31.11
29.21
26.92
24.46
21.84
19.02
15.95
12.59
9.06
5.46
1.95
-1.39
-4.53
-7.59
-10.72
-14.12
-17.90
-22.05
-26.51
-31.19
-36.02
-40.78
-45.04
-48.04
-48.78
-46.46
-40.76
-32.21
-22.01
-11.70
-2.62
4.57
9.82
13.65
16.55
18.82
20.44
21.33
21.49
21.20
20.90
20.95
21.43
22.05
22.43
22.25
21.55
20.63
19.90
19.52
19.36
18.99
17.96
16.04
13.30
10.01
6.53
3.07
-0.25
-3.45
-6.51
-9.52
-12.61
-16.05
-20.16
-25.11
-30.72
-36.29
-40.72
-42.86
-41.88
-37.60
-30.55
-21.78
-12.47
-3.61
4.26
10.91
16.35
20.60
23.63
25.41
25.99
25.56
24.46
23.05
21.66
20.50
19.65
19.01
18.46
17.82
17.05
16.21
15.48
14.99
14.72
14.43
13.74
12.28
9.93
6.81
3.26
-0.38
-3.92
-7.35
-10.75
-14.16
-17.59
-20.99
-24.49
-28.35
-32.87
-38.09
-43.59
-48.45
-51.46
-51.56
-48.30
-41.98
-33.50
-24.08
-14.78
-6.33
0.92
6.87
11.52
14.93
17.20
18.53
19.24
19.70
20.24
21.05
22.20
23.50
24.76
25.68
26.08
25.89
25.16
24.03
22.66
21.13
19.48
17.69
15.71
13.52
11.12
8.60
6.08
3.66
1.37
-0.86
-3.18
-5.72
-8.62
-11.94
-15.80
-20.36
-25.70
-31.67
-37.65
-42.56
-45.17
-44.46
-40.15
-32.88
-23.94
-14.78
-6.48
0.57
6.54
11.80
16.57
20.69
23.80
25.52
25.74
24.72
22.99
21.12
19.51
18.34
17.54
16.96
16.46
15.98
15.47
14.94
14.37
13.73
12.98
12.07
10.95
9.57
7.82
5.60
2.87
-0.28
-3.67
-7.10
-10.45
-13.72
-17.15
-21.07
-25.73
-31.19
-37.17
-43.02
-47.81
-50.63
-50.76
-47.93
-42.41
-34.83
-26.06
-16.91
-8.06
-0.02
6.79
12.09
15.73
17.78
18.57
18.55
18.21
17.85
17.62
17.48
17.35
17.21
17.08
16.95
16.80
16.56
16.16
15.54
14.70
13.60
12.14
10.22
7.76
4.83
1.59
-1.65
-4.67
-7.39
-9.99
-12.79
-16.15
-20.32
-25.28
-30.63
-35.62
-39.34
-40.88
-39.68
-35.65
-29.28
-21.44
-13.16
-5.34
1.44
6.90
11.05
14.06
16.07
17.24
17.67
17.47
16.77
15.75
14.55
13.37
12.32
11.51
11.00
10.80
10.79
10.85
10.75
10.26
9.20
7.47
5.14
2.44
-0.37
-3.07
-5.63
-8.23
-11.24
-15.05
-19.89
-25.68
-31.87
-37.59
-41.76
-43.35
-41.81
-37.10
-29.85
-21.12
-12.19
-4.08
2.61
7.82
11.82
15.00
17.55
19.39
20.30
20.12
18.99
17.31
15.66
14.50
13.97
13.87
13.76
13.31
12.37
11.04
9.52
7.90
6.18
4.20
1.86
-0.82
-3.71
-6.67
-9.68
-12.87
-16.54
-21.02
-26.47
-32.76
-39.29
-45.10
-48.96
-49.82
-47.09
-40.96
-32.31
-22.47
-12.74
-4.08
3.11
8.88
13.49
17.25
20.27
22.57
24.13
24.97
25.19
24.88
24.16
23.12
21.86
20.50
19.22
18.16
17.37
16.73
15.98
14.80
12.89
10.16
6.73
2.89
-1.03
-4.79
-8.36
-11.88
-15.67
-20.09
-25.37
-31.38
-37.56
-42.94
-46.38
-46.97
-44.31
-38.66
-30.78
-21.71
-12.39
-3.51
4.48
11.33
16.91
21.16
24.16
26.17
27.46
28.32
28.89
29.25
29.39
29.35
29.15
28.82
28.33
27.61
26.65
25.45
24.06
22.52
20.81
18.82
16.37
13.40
9.94
6.20
2.44
-1.17
-4.60
-8.05
-11.80
-16.19
-21.41
-27.45
-34.02
-40.50
-46.06
-49.72
-50.59
-48.16
-42.48
-34.16
-24.30
-14.08
-4.49
3.85
10.78
16.37
20.73
23.92
25.99
27.08
27.48
27.59
27.69
27.85
27.90
27.61
26.88
25.82
24.71
23.83
23.26
22.88
22.41
21.60
20.28
18.34
15.72
12.37
8.35
3.93
-0.46
-4.42
-7.76
-10.74
-13.97
-18.13
-23.51
-29.78
-35.85
-40.27
-41.73
-39.54
-33.91
-25.75
-16.28
-6.60
2.54
10.74
17.74
23.32
27.19
29.21
29.54
28.69
27.38
26.28
25.74
25.68
25.77
25.59
24.90
23.74
22.39
21.16
20.23
19.56
18.85
17.79
16.15
13.92
11.23
8.20
4.88
1.26
-2.67
-6.85
-11.14
-15.40
-19.58
-23.87
-28.51
-33.66
-39.14
-44.26
-47.99
-49.25
-47.29
-42.05
-34.14
-24.70
-14.94
-5.85
2.07
8.74
14.34
19.04
22.82
25.59
27.26
27.90
27.78
27.33
26.92
26.75
26.77
26.81
26.70
26.35
25.86
25.34
24.86
24.36
23.62
22.42
20.63
18.21
15.22
11.76
7.91
3.82
-0.27
-4.14
-7.58
-10.61
-13.47
-16.61
-20.50
-25.43
-31.32
-37.70
-43.67
-48.13
-50.05
-48.72
-44.09
-36.74
-27.74
-18.30
-9.41
-1.61
5.07
10.81
15.82
20.20
23.89
26.74
28.65
29.64
29.84
29.48
28.79
27.98
27.17
26.40
25.64
24.87
24.09
23.31
22.53
21.65
20.54
19.06
17.09
14.63
11.70
8.36
4.65
0.70
-3.33
-7.23
-10.80
-14.03
-17.15
-20.53
-24.60
-29.55
-35.22
-41.03
-46.14
-49.60
-50.64
-48.82
-44.23
-37.40
-29.16
-20.43
-11.96
-4.24
2.47
8.07
12.58
16.08
18.68
20.55
21.82
22.62
23.03
23.10
22.91
22.54
22.04
21.44
20.78
20.12
19.62
19.47
19.71
20.17
20.45
20.05
18.58
15.90
12.23
8.01
3.82
0.17
-2.67
-4.76
-6.49
-8.46
-11.29
-15.38
-20.67
-26.59
-32.09
-35.98
-37.25
-35.44
-30.78
-24.08
-16.44
-8.84
-1.86
4.33
9.87
14.81
19.02
22.14
23.81
23.93
22.77
20.90
18.97
17.49
16.64
16.35
16.37
16.40
16.27
15.89
15.29
14.54
13.69
12.73
11.65
10.33
8.65
6.47
3.74
0.49
-3.18
-7.13
-11.15
-15.10
-18.90
-22.63
-26.47
-30.63
-35.14
-39.64
-43.39
-45.42
-44.89
-41.47
-35.52
-27.96
-19.80
-11.89
-4.66
1.81
7.52
12.35
16.10
18.61
19.88
20.22
20.02
19.69
19.47
19.36
19.21
18.82
18.09
17.00
15.77
14.67
13.98
13.76
13.81
13.70
12.95
11.23
8.49
4.97
1.04
-2.97
-6.86
-10.59
-14.23
-17.92
-21.78
-25.99
-30.64
-35.70
-40.86
-45.47
-48.73
-49.81
-48.25
-44.02
-37.62
-29.78
-21.36
-13.04
-5.25
1.69
7.60
12.31
15.70
17.83
18.92
19.33
19.43
19.44
19.31
18.94
18.18
17.10
15.90
14.88
14.23
13.92
13.81
13.59
13.00
11.83
10.00
7.50
4.46
1.08
-2.35
-5.57
-8.47
-11.17
-14.02
-17.43
-21.71
-26.83
-32.33
-37.38
-40.94
-42.09
-40.26
-35.48
-28.40
-20.10
-11.76
-4.33
1.70
6.32
9.80
12.49
14.65
16.36
17.60
18.39
18.78
18.85
18.71
18.34
17.68
16.70
15.48
14.30
13.47
13.23
13.44
13.68
13.31
11.82
9.04
5.31
1.23
-2.61
-5.96
-8.95
-12.04
-15.73
-20.33
-25.82
-31.82
-37.71
-42.64
-45.78
-46.39
-44.06
-38.84
-31.30
-22.37
-13.11
-4.42
3.10
9.19
13.86
17.28
19.66
21.20
22.08
22.46
22.45
22.08
21.38
20.41
19.34
18.40
17.85
17.78
18.05
18.32
18.17
17.31
15.63
13.23
10.34
7.13
3.67
-0.07
-4.09
-8.32
-12.54
-16.64
-20.65
-24.84
-29.56
-34.94
-40.62
-45.71
-48.99
-49.37
-46.30
-40.07
-31.61
-22.14
-12.71
-3.97
3.86
10.73
16.61
21.36
24.82
26.92
27.83
27.90
27.60
27.25
27.08
27.01
26.85
26.33
25.36
24.01
22.49
21.12
20.09
19.42
18.89
18.07
16.56
14.09
10.66
6.50
2.04
-2.34
-6.34
-9.93
-13.32
-16.89
-21.06
-26.06
-31.82
-37.82
-43.20
-46.91
-48.04
-46.13
-41.32
-34.28
-25.91
-17.14
-8.62
-0.77
6.19
12.11
16.88
20.53
23.21
25.15
26.53
27.43
27.78
27.52
26.77
25.83
25.11
24.84
25.04
25.39
25.44
24.89
23.66
21.94
20.10
18.37
16.78
15.07
12.88
9.93
6.21
2.03
-2.10
-5.74
-8.72
-11.31
-13.99
-17.30
-21.54
-26.64
-32.19
-37.59
-42.16
-45.28
-46.38
-45.06
-41.16
-34.88
-26.78
-17.70
-8.59
-0.22
6.88
12.58
17.01
20.46
23.20
25.37
26.91
27.69
27.64
26.84
25.57
24.21
23.06
22.19
21.54
20.94
20.32
19.74
19.28
18.89
18.30
17.15
15.09
12.10
8.43
4.54
0.85
-2.47
-5.53
-8.64
-12.10
-16.09
-20.65
-25.63
-30.78
-35.68
-39.76
-42.30
-42.57
-40.05
-34.62
-26.73
-17.29
-7.54
1.39
8.76
14.34
18.35
21.21
23.24
24.57
25.17
25.02
24.30
23.36
22.60
22.21
22.10
21.97
21.49
20.46
19.04
17.50
16.22
15.34
14.78
14.14
12.92
10.72
7.42
3.30
-1.14
-5.34
-8.98
-12.11
-15.14
-18.57
-22.83
-28.02
-33.90
-39.92
-45.31
-49.26
-51.00
-49.97
-45.88
-38.96
-29.83
-19.46
-8.95
0.73
8.93
15.31
19.94
23.05
24.97
25.95
26.20
25.85
25.05
24.09
23.25
22.78
22.75
22.98
23.12
22.88
22.10
20.87
19.36
17.70
15.86
13.64
10.87
7.50
3.74
-0.10
-3.70
-6.97
-10.08
-13.36
-17.17
-21.66
-26.80
-32.37
-38.03
-43.31
-47.61
-50.20
-50.37
-47.65
-42.07
-34.19
-25.01
-15.60
-6.83
0.78
7.08
12.11
15.98
18.74
20.47
21.34
21.62
21.61
21.60
21.74
22.02
22.36
22.60
22.58
22.25
21.61
20.83
20.12
19.62
19.28
18.84
17.89
16.01
13.02
9.08
4.63
0.27
-3.55
-6.76
-9.64
-12.75
-16.62
-21.52
-27.26
-33.24
-38.52
-42.11
-43.17
-41.21
-36.22
-28.67
-19.39
-9.39
0.30
8.83
15.66
20.58
23.70
25.38
26.08
26.20
25.98
25.45
24.58
23.32
21.75
20.10
18.62
17.48
16.69
16.06
15.38
14.51
13.43
12.22
10.91
9.47
7.81
5.85
3.55
1.03
-1.60
-4.37
-7.44
-11.11
-15.70
-21.30
-27.65
-34.05
-39.46
-42.69
-42.76
-39.25
-32.46
-23.39
-13.44
-3.95
4.09
10.37
15.02
18.46
21.03
22.92
24.18
24.83
24.96
24.74
24.25
23.51
22.45
21.04
19.36
17.68
16.25
15.22
14.53
13.91
12.99
11.41
8.94
5.51
1.21
-3.69
-8.83
-13.84
-18.52
-23.00
-27.65
-32.91
-38.87
-45.10
-50.61
-54.13
-54.58
-51.48
-45.08
-36.28
-26.32
-16.36
-7.20
0.80
7.60
13.25
17.75
21.01
22.95
23.61
23.21
22.10
20.68
19.26
18.01
16.95
16.03
15.22
14.46
13.72
12.93
11.98
10.71
8.85
6.18
2.58
-1.78
-6.44
-10.81
-14.41
-17.18
-19.47
-21.98
-25.38
-30.02
-35.64
-41.46
-46.34
-49.13
-49.00
-45.72
-39.60
-31.42
-22.09
-12.49
-3.29
5.00
12.07
17.72
21.92
24.86
26.91
28.50
29.91
31.24
32.34
32.97
32.88
32.05
30.64
28.95
27.31
25.96
25.00
24.39
23.91
23.29
22.17
20.26
17.36
13.48
8.83
3.82
-1.02
-5.28
-8.80
-11.83
-14.94
-18.85
-24.00
-30.27
-36.79
-42.18
-44.91
-43.92
-38.99
-30.85
-20.90
-10.65
-1.26
6.70
13.22
18.52
22.83
26.19
28.55
29.89
30.34
30.20
29.78
29.36
28.99
28.61
28.11
27.38
26.46
25.42
24.39
23.51
22.83
22.29
21.69
20.72
19.10
16.62
13.29
9.26
4.75
-0.01
-4.89
-9.78
-14.56
-19.07
-23.20
-27.02
-30.84
-35.10
-40.09
-45.67
-51.09
-55.17
-56.70
-54.92
-49.86
-42.31
-33.48
-24.51
-16.12
-8.54
-1.66
4.56
9.98
14.30
17.25
18.84
19.37
19.25
18.82
18.19
17.35
16.25
15.03
13.92
13.14
12.74
12.55
12.25
11.58
10.40
8.71
6.65
4.35
1.97
-0.36
-2.56
-4.55
-6.42
-8.42
-10.91
-14.25
-18.53
-23.37
-27.95
-31.17
-31.95
-29.66
-24.25
-16.24
-6.55
3.76
13.73
22.63
30.00
35.65
39.58
41.97
43.08
43.18
42.48
41.15
39.31
36.95
34.03
30.39
25.94
20.70
14.96
9.18
3.89
-0.58
-4.21
-7.30
-10.25
-13.32
-16.52
-19.60
-22.29
-24.53
-26.49
-28.56
-31.12
-34.43
-38.52
-43.28
-48.43
-53.53
-57.96
-60.86
-61.32
-58.63
-52.58
-43.62
-32.78
-21.32
-10.34
-0.57
7.72
14.52
19.92
24.00
26.80
28.42
29.12
29.24
29.11
28.97
28.82
28.48
27.80
26.67
25.23
23.70
22.32
21.16
20.14
18.97
17.35
15.07
12.10
8.56
4.69
0.74
-3.16
-7.01
-10.92
-15.15
-19.93
-25.44
-31.53
-37.69
-43.01
-46.35
-46.75
-43.70
-37.44
-28.81
-19.03
-9.24
-0.17
7.91
15.02
21.27
26.58
30.77
33.64
35.17
35.58
35.30
34.72
34.05
33.32
32.40
31.18
29.68
28.08
26.55
25.25
24.14
23.05
21.69
19.79
17.22
13.98
10.29
6.43
2.70
-0.74
-3.83
-6.67
-9.44
-12.34
-15.66
-19.68
-24.66
-30.66
-37.31
-43.78
-48.92
-51.55
-50.89
-46.81
-39.82
-30.87
-20.96
-10.97
-1.52
6.92
13.98
19.38
22.96
24.81
25.21
24.61
23.54
22.41
21.54
21.00
20.72
20.50
20.16
19.61
18.90
18.19
17.65
17.33
17.12
16.70
15.78
14.10
11.61
8.43
4.83
1.09
-2.57
-6.15
-9.82
-13.94
-18.91
-24.90
-31.59
-38.11
-43.15
-45.35
-43.88
-38.71
-30.69
-21.19
-11.57
-2.70
5.05
11.68
17.24
21.60
24.52
25.87
25.80
24.75
23.31
21.90
20.69
19.57
18.33
16.88
15.29
13.75
12.41
11.32
10.31
9.15
7.68
5.86
3.78
1.60
-0.67
-3.18
-6.23
-10.07
-14.75
-20.09
-25.75
-31.26
-36.21
-40.14
-42.57
-42.95
-40.87
-36.16
-29.07
-20.23
-10.51
-0.84
8.07
15.72
21.83
26.31
29.16
30.47
30.40
29.26
27.35
24.97
22.45
20.04
17.91
16.21
14.96
14.11
13.47
12.77
11.72
10.10
7.82
4.96
1.69
-1.80
-5.45
-9.28
-13.33
-17.63
-22.11
-26.78
-31.72
-37.03
-42.57
-47.75
-51.51
-52.60
-50.02
-43.52
-33.82
-22.29
-10.54
0.16
9.14
16.31
21.92
26.19
29.27
31.15
31.87
31.52
30.27
28.29
25.78
22.94
20.03
17.38
15.26
13.81
12.96
12.41
11.82
10.85
9.33
7.20
4.50
1.29
-2.33
-6.22
-10.22
-14.24
-18.40
-22.96
-28.17
-34.00
-39.91
-44.94
-47.87
-47.71
-44.04
-37.14
-27.89
-17.51
-7.13
2.41
10.63
17.34
22.59
26.57
29.48
31.55
32.98
33.87
34.24
34.09
33.39
32.16
30.56
28.85
27.30
26.17
25.54
25.29
25.21
24.95
24.25
22.92
20.97
18.49
15.67
12.63
9.35
5.69
1.44
-3.57
-9.40
-15.85
-22.54
-28.87
-34.16
-37.79
-39.32
-38.53
-35.52
-30.63
-24.44
-17.58
-10.72
-4.36
1.21
5.93
9.83
12.97
15.33
16.87
17.58
17.50
16.80
15.70
14.41
13.11
12.03
11.41
11.44
12.13
13.18
14.07
14.22
13.21
11.01
7.90
4.29
0.50
-3.34
-7.31
-11.54
-16.07
-20.82
-25.62
-30.27
-34.57
-38.26
-40.99
-42.37
-41.99
-39.60
-35.24
-29.33
-22.59
-15.87
-9.82
-4.75
-0.62
2.87
5.89
8.38
9.99
10.36
9.36
7.32
4.97
3.10
2.25
2.46
3.34
4.34
5.03
5.20
4.88
4.12
2.92
1.24
-0.96
-3.56
-6.34
-9.07
-11.72
-14.48
-17.72
-21.85
-27.00
-32.97
-39.16
-44.62
-48.29
-49.22
-46.84
-41.22
-33.03
-23.36
-13.42
-4.20
3.76
10.33
15.58
19.63
22.52
24.23
24.82
24.47
23.49
22.19
20.80
19.40
17.96
16.43
14.86
13.39
12.22
11.39
10.80
10.16
9.22
7.82
6.00
3.92
1.66
-0.84
-3.82
-7.57
-12.24
-17.77
-23.90
-30.22
-36.16
-41.08
-44.20
-44.71
-42.00
-35.91
-26.92
-16.09
-4.71
6.01
15.21
22.52
27.97
31.84
34.44
36.07
36.91
37.14
36.99
36.72
36.63
36.79
36.96
36.67
35.42
33.03
29.81
26.49
23.80
22.09
21.09
20.09
18.42
15.76
12.29
8.44
4.55
0.63
-3.62
-8.65
-14.78
-22.16
-30.69
-40.06
-49.65
-58.45
-65.13
-68.37
-67.25
-61.69
-52.49
-41.13
-29.19
-17.99
-8.24
-0.14
6.46
11.83
16.14
19.49
21.88
23.33
23.97
24.00
23.76
23.57
23.67
24.16
24.99
26.07
27.25
28.38
29.30
29.82
29.74
28.89
27.25
24.86
21.87
18.46
14.82
11.12
7.44
3.73
-0.16
-4.44
-9.24
-14.38
-19.40
-23.58
-26.19
-26.70
-25.00
-21.36
-16.28
-10.41
-4.27
1.67
7.10
11.80
15.62
18.42
20.14
20.80
20.55
19.65
18.37
16.90
15.28
13.45
11.31
8.84
6.18
3.58
1.28
-0.57
-2.02
-3.22
-4.39
-5.66
-7.05
-8.52
-10.05
-11.67
-13.45
-15.46
-17.70
-20.15
-22.78
-25.71
-29.14
-33.18
-37.67
-41.91
-44.77
-45.09
-42.10
-35.86
-27.26
-17.70
-8.52
-0.56
6.01
11.46
16.14
20.17
23.39
25.51
26.40
26.18
25.16
23.71
22.06
20.30
18.45
16.68
15.23
14.40
14.34
14.92
15.74
16.27
16.04
14.80
12.62
9.77
6.63
3.48
0.47
-2.45
-5.44
-8.68
-12.33
-16.47
-21.12
-26.24
-31.58
-36.71
-40.88
-43.26
-43.09
-40.02
-34.28
-26.56
-17.83
-8.98
-0.58
7.08
13.89
19.84
24.78
28.53
30.86
31.64
30.99
29.27
27.05
24.90
23.17
21.89
20.83
19.72
18.37
16.90
15.54
14.50
13.74
12.99
11.86
10.12
7.76
4.98
2.05
-0.93
-4.02
-7.38
-11.08
-15.01
-18.90
-22.56
-26.05
-29.75
-34.11
-39.41
-45.33
-50.96
-54.97
-56.10
-53.73
-48.02
-39.87
-30.56
-21.27
-12.80
-5.50
0.56
5.47
9.28
12.03
13.79
14.70
14.99
14.89
14.56
14.08
13.41
12.62
11.86
11.44
11.76
13.03
15.24
18.01
20.67
22.47
22.83
21.51
18.68
14.82
10.50
6.20
2.22
-1.35
-4.60
-7.70
-10.95
-14.72
-19.39
-25.09
-31.55
-37.98
-43.21
-45.96
-45.34
-41.15
-33.92
-24.68
-14.69
-4.99
3.77
11.32
17.65
22.80
26.76
29.42
30.71
30.68
29.56
27.80
25.91
24.28
23.09
22.18
21.25
20.05
18.47
16.70
15.08
13.90
13.24
12.84
12.18
10.70
8.07
4.34
-0.02
-4.39
-8.24
-11.38
-14.04
-16.72
-19.95
-24.14
-29.35
-35.35
-41.58
-47.24
-51.33
-52.86
-51.14
-46.01
-37.94
-27.94
-17.24
-6.88
2.50
10.71
17.82
23.98
29.19
33.39
36.52
38.65
40.01
40.96
41.84
42.89
44.13
45.36
46.33
46.77
46.58
45.95
45.12
44.35
43.66
42.81
41.41
39.06
35.57
31.04
25.81
20.23
14.61
9.13
3.77
-1.54
-6.98
-12.80
-19.29
-26.58
-34.48
-42.33
-48.99
-53.20
-53.96
-51.00
-44.88
-36.82
-28.18
-19.98
-12.66
-6.14
-0.24
5.11
9.67
13.11
15.27
16.30
16.66
16.84
17.09
17.40
17.54
17.27
16.50
15.45
14.43
13.75
13.52
13.62
13.76
13.60
12.91
11.57
9.61
7.14
4.29
1.22
-1.95
-5.18
-8.51
-12.05
-16.00
-20.57
-25.88
-31.90
-38.35
-44.67
-50.06
-53.59
-54.40
-51.95
-46.17
-37.59
-27.22
-16.24
-5.75
3.51
11.22
17.45
22.39
26.29
29.24
31.20
32.13
32.03
31.08
29.62
28.06
26.71
25.70
24.94
24.26
23.53
22.75
22.01
21.34
20.61
19.51
17.72
15.11
11.80
8.11
4.37
0.75
-2.83
-6.62
-10.81
-15.49
-20.57
-25.87
-31.06
-35.74
-39.29
-41.00
-40.21
-36.52
-30.03
-21.35
-11.50
-1.54
7.60
15.31
21.35
25.77
28.82
30.80
31.99
32.50
32.31
31.32
29.55
27.22
24.72
22.52
20.94
20.01
19.54
19.20
18.79
18.26
17.75
17.29
16.80
15.94
14.33
11.75
8.23
4.09
-0.32
-4.75
-9.32
-14.30
-19.91
-26.04
-32.00
-36.77
-39.20
-38.60
-35.02
-29.22
-22.40
-15.67
-9.69
-4.60
-0.18
3.81
7.32
10.02
11.53
11.65
10.66
9.14
7.76
6.96
6.80
6.96
7.03
6.74
6.11
5.36
4.70
4.20
3.65
2.75
1.19
-1.14
-4.11
-7.54
-11.24
-15.24
-19.75
-24.96
-30.77
-36.55
-41.13
-43.14
-41.53
-36.01
-27.28
-16.76
-6.08
3.53
11.50
17.88
22.93
26.86
29.59
30.95
30.82
29.39
27.03
24.24
21.43
18.83
16.49
14.35
12.35
10.38
8.40
6.43
4.60
3.04
1.84
0.83
-0.38
-2.41
-5.86
-11.05
-17.88
-25.82
-34.10
-41.88
-48.45
-53.31
-56.01
-56.26
-53.85
-48.78
-41.37
-32.23
-22.18
-12.04
-2.55
5.75
12.54
17.67
21.10
22.95
23.49
23.08
22.12
20.90
19.62
18.36
17.12
15.92
14.70
13.39
11.83
9.96
7.77
5.37
2.87
0.28
-2.48
-5.62
-9.26
-13.39
-17.84
-22.37
-26.87
-31.31
-35.72
-39.89
-43.27
-45.00
-44.15
-40.21
-33.32
-24.31
-14.46
-5.01
3.22
10.02
15.58
20.27
24.23
27.37
29.42
30.19
29.74
28.34
26.41
24.26
22.13
20.13
18.38
16.99
16.02
15.40
14.88
14.13
12.79
10.70
7.90
4.59
1.06
-2.41
-5.71
-8.85
-12.03
-15.58
-19.89
-25.19
-31.37
-37.74
-43.12
-46.12
-45.68
-41.36
-33.62
-23.58
-12.64
-2.10
7.15
14.68
20.38
24.35
26.83
28.06
28.33
27.90
26.96
25.60
23.91
21.95
19.89
17.94
16.28
15.01
14.15
13.64
13.32
13.03
12.53
11.59
9.95
7.45
4.06
-0.00
-4.34
-8.45
-11.94
-14.74
-17.16
-19.76
-23.19
-27.77
-33.38
-39.33
-44.59
-48.00
-48.65
-46.06
-40.31
-32.03
-22.16
-11.79
-1.89
6.88
14.16
19.87
24.04
26.76
28.10
28.21
27.33
25.72
23.69
21.45
19.16
16.97
15.01
13.41
12.26
11.55
11.09
10.65
9.96
8.79
7.04
4.73
1.93
-1.19
-4.43
-7.68
-10.85
-14.00
-17.23
-20.72
-24.58
-28.89
-33.56
-38.25
-42.31
-44.82
-44.83
-41.67
-35.24
-26.19
-15.70
-5.15
4.31
12.06
17.97
22.21
25.06
26.67
27.14
26.53
25.01
22.85
20.43
18.07
16.05
14.49
13.38
12.60
11.97
11.29
10.44
9.37
8.09
6.62
4.86
2.72
0.09
-3.01
-6.48
-10.21
-14.20
-18.57
-23.45
-28.72
-33.85
-37.83
-39.51
-37.95
-32.86
-24.71
-14.59
-3.85
6.31
15.12
22.24
27.63
31.39
33.60
34.32
33.67
31.89
29.37
26.56
23.87
21.55
19.68
18.11
16.64
15.05
13.20
11.06
8.66
6.08
3.38
0.59
-2.31
-5.36
-8.61
-12.15
-16.04
-20.38
-25.28
-30.74
-36.57
-42.32
-47.20
-50.22
-50.43
-47.12
-40.22
-30.29
-18.53
-6.41
4.76
14.14
21.50
27.11
31.39
34.62
36.79
37.69
37.14
35.24
32.47
29.44
26.77
24.77
23.43
22.56
21.86
21.14
20.22
19.00
17.38
15.30
12.75
9.74
6.33
2.57
-1.54
-6.09
-11.19
-16.98
-23.57
-30.86
-38.41
-45.33
-50.40
-52.31
-50.16
-43.80
-33.95
-22.03
-9.69
1.71
11.26
18.66
24.00
27.55
29.61
30.48
30.46
29.86
28.97
28.00
27.03
25.97
24.71
23.15
21.27
19.26
17.36
15.68
14.19
12.58
10.44
7.44
3.57
-0.87
-5.35
-9.42
-12.89
-15.99
-19.30
-23.43
-28.83
-35.40
-42.54
-49.15
-53.96
-55.81
-53.95
-48.26
-39.24
-27.91
-15.57
-3.57
7.01
15.47
21.60
25.64
28.09
29.53
30.39
30.83
30.82
30.28
29.21
27.79
26.29
25.01
24.13
23.68
23.52
23.44
23.13
22.37
20.93
18.78
15.93
12.52
8.74
4.74
0.56
-3.83
-8.59
-13.87
-19.77
-26.21
-32.84
-38.94
-43.55
-45.61
-44.33
-39.45
-31.42
-21.23
-10.20
0.42
9.74
17.36
23.25
27.58
30.57
32.30
32.81
32.11
30.33
27.74
24.68
21.57
18.83
16.73
15.45
14.92
14.92
15.08
14.94
14.10
12.28
9.46
5.82
1.74
-2.41
-6.40
-10.24
-14.14
-18.42
-23.35
-29.05
-35.35
-41.80
-47.70
-52.13
-54.11
-52.82
-47.87
-39.47
-28.46
-16.16
-4.03
6.73
15.46
22.00
26.64
29.83
31.89
33.00
33.17
32.43
30.95
29.12
27.36
25.99
25.06
24.32
23.48
22.39
21.13
19.94
18.99
18.08
16.66
14.08
9.99
4.57
-1.42
-7.02
-11.51
-14.79
-17.38
-20.17
-23.97
-29.17
-35.57
-42.45
-48.72
-53.19
-54.79
-52.83
-47.13
-38.15
-26.87
-14.57
-2.52
8.31
17.36
24.43
29.56
32.88
34.54
34.75
33.86
32.34
30.65
29.22
28.27
27.84
27.82
28.03
28.31
28.51
28.54
28.31
27.71
26.61
24.82
22.19
18.59
14.11
9.01
3.71
-1.32
-5.76
-9.61
-13.20
-17.13
-22.00
-28.07
-35.07
-42.13
-48.01
-51.44
-51.54
-48.05
-41.39
-32.44
-22.30
-12.01
-2.42
5.84
12.38
17.05
19.97
21.47
22.09
22.38
22.70
23.17
23.64
23.84
23.58
22.90
21.93
20.95
20.16
19.66
19.42
19.30
19.01
18.16
16.36
13.28
8.94
3.68
-1.82
-6.79
-10.75
-13.67
-16.07
-18.79
-22.67
-28.24
-35.49
-43.73
-51.80
-58.23
-61.70
-61.33
-56.96
-49.19
-39.11
-28.04
-17.15
-7.29
1.11
7.93
13.31
17.49
20.72
23.23
25.22
26.87
28.33
29.64
30.75
31.46
31.57
30.98
29.87
28.63
27.74
27.50
27.81
28.15
27.89
26.49
23.84
20.32
16.55
13.14
10.40
8.28
6.44
4.43
1.86
-1.58
-5.95
-11.11
-16.57
-21.47
-24.69
-25.24
-22.58
-16.89
-9.13
-0.66
7.23
13.72
18.59
22.11
24.67
26.49
27.57
27.80
27.17
25.90
24.40
23.03
22.01
21.19
20.26
18.92
17.07
14.87
12.65
10.74
9.28
8.18
7.18
5.97
4.30
2.07
-0.74
-4.08
-7.82
-11.78
-15.80
-19.76
-23.68
-27.74
-32.22
-37.23
-42.60
-47.69
-51.50
-52.99
-51.41
-46.63
-39.18
-30.07
-20.40
-11.08
-2.67
4.61
10.64
15.30
18.43
19.90
19.76
18.29
15.96
13.35
10.93
9.00
7.67
6.88
6.47
6.31
6.25
6.21
6.15
5.97
5.57
4.74
3.28
1.10
-1.74
-5.03
-8.49
-11.91
-15.24
-18.57
-22.14
-26.20
-30.92
-36.21
-41.76
-46.96
-51.02
-53.14
-52.60
-49.00
-42.38
-33.26
-22.65
-11.74
-1.76
6.46
12.58
16.80
19.62
21.59
22.99
23.76
23.69
22.59
20.57
18.03
15.48
13.39
12.01
11.33
11.18
11.27
11.32
11.12
10.45
9.16
7.13
4.29
0.67
-3.54
-8.04
-12.50
-16.72
-20.76
-24.84
-29.21
-33.84
-38.20
-41.31
-42.04
-39.52
-33.54
-24.70
-14.23
-3.60
5.95
13.72
19.58
23.81
26.81
28.76
29.63
29.25
27.55
24.73
21.38
18.14
15.55
13.80
12.71
11.87
10.93
9.72
8.25
6.63
4.90
2.99
0.75
-1.96
-5.20
-8.94
-13.16
-17.86
-23.13
-29.05
-35.53
-42.13
-47.98
-51.97
-53.05
-50.63
-44.73
-36.03
-25.59
-14.57
-3.92
5.66
13.73
20.09
24.69
27.61
29.08
29.38
28.80
27.58
25.89
23.94
21.94
20.09
18.51
17.20
16.03
14.80
13.35
11.61
9.61
7.38
4.98
2.41
-0.40
-3.55
-7.17
-11.44
-16.51
-22.51
-29.32
-36.52
-43.23
-48.36
-50.83
-49.91
-45.41
-37.79
-27.98
-17.15
-6.42
3.35
11.65
18.33
23.44
27.16
29.68
31.12
31.58
31.14
29.86
27.93
25.59
23.16
20.99
19.37
18.43
18.00
17.67
16.92
15.35
12.87
9.70
6.16
2.50
-1.25
-5.25
-9.63
-14.46
-19.66
-25.15
-30.90
-36.92
-43.03
-48.72
-53.07
-54.98
-53.54
-48.36
-39.83
-28.94
-17.10
-5.63
4.46
12.65
18.92
23.50
26.72
28.84
30.00
30.29
29.87
28.97
27.88
26.81
25.82
24.87
23.87
22.83
21.83
20.95
20.13
19.18
17.81
15.78
13.01
9.61
5.79
1.84
-2.08
-5.90
-9.70
-13.76
-18.43
-23.95
-30.25
-36.68
-42.10
-45.15
-44.79
-40.65
-33.20
-23.49
-12.82
-2.33
7.14
15.13
21.39
25.91
28.87
30.59
31.44
31.70
31.49
30.80
29.58
27.89
25.94
23.97
22.14
20.54
19.12
17.78
16.48
15.11
13.56
11.67
9.30
6.41
3.06
-0.61
-4.44
-8.38
-12.48
-16.87
-21.75
-27.24
-33.32
-39.58
-45.27
-49.38
-50.92
-49.32
-44.55
-37.22
-28.26
-18.56
-8.84
0.49
9.11
16.70
22.85
27.26
29.85
30.88
30.93
30.63
30.43
30.54
30.88
31.23
31.38
31.19
30.60
29.63
28.35
26.82
25.12
23.31
21.36
19.17
16.59
13.45
9.70
5.42
0.82
-3.87
-8.45
-12.78
-16.90
-20.93
-25.09
-29.56
-34.44
-39.59
-44.56
-48.62
-50.88
-50.59
-47.30
-40.99
-32.16
-21.63
-10.44
0.41
10.07
18.01
24.05
28.27
30.96
32.45
33.05
33.07
32.71
32.15
31.47
30.66
29.61
28.22
26.44
24.43
22.45
20.77
19.39
18.12
16.56
14.31
11.25
7.53
3.51
-0.48
-4.25
-7.86
-11.50
-15.47
-19.98
-25.11
-30.68
-36.23
-41.05
-44.32
-45.32
-43.65
-39.38
-32.99
-25.23
-16.89
-8.56
-0.68
6.54
12.99
18.60
23.27
26.87
29.32
30.62
31.00
30.84
30.52
30.26
30.01
29.51
28.55
27.07
25.29
23.50
21.89
20.38
18.68
16.42
13.42
9.78
5.83
1.92
-1.72
-5.06
-8.26
-11.55
-15.18
-19.24
-23.56
-27.63
-30.67
-31.85
-30.59
-26.85
-21.12
-14.26
-7.21
-0.71
4.79
9.13
12.27
14.27
15.25
15.44
15.13
14.54
13.81
12.87
11.67
10.23
8.77
7.61
7.03
7.10
7.58
8.05
8.06
7.31
5.74
3.48
0.79
-2.04
-4.75
-7.18
-9.31
-11.26
-13.29
-15.75
-18.97
-23.15
-28.20
-33.67
-38.68
-42.16
-43.10
-40.88
-35.56
-27.90
-19.09
-10.42
-2.81
3.37
8.27
12.27
15.68
18.64
21.10
23.01
24.39
25.37
26.16
26.86
27.45
27.79
27.74
27.18
26.09
24.49
22.43
19.90
16.85
13.25
9.14
4.63
-0.12
-4.90
-9.55
-13.90
-17.84
-21.32
-24.40
-27.24
-30.08
-33.01
-35.82
-37.98
-38.80
-37.70
-34.47
-29.32
-22.81
-15.58
-8.07
-0.60
6.57
13.08
18.46
22.33
24.51
25.19
24.71
23.44
21.52
18.96
15.70
11.86
7.74
3.74
0.21
-2.68
-4.93
-6.60
-7.74
-8.38
-8.64
-8.78
-9.25
-10.45
-12.58
-15.49
-18.71
-21.66
-23.87
-25.23
-25.96
-26.59
-27.70
-29.73
-32.71
-36.29
-39.80
-42.39
-43.28
-41.97
-38.29
-32.44
-24.87
-16.21
-7.19
1.41
8.87
14.64
18.46
20.40
20.84
20.32
19.35
18.29
17.31
16.43
15.64
14.96
14.45
14.11
13.89
13.61
13.14
12.35
11.25
9.89
8.35
6.64
4.71
2.42
-0.33
-3.56
-7.17
-11.04
-15.11
-19.33
-23.64
-27.79
-31.30
-33.52
-33.72
-31.43
-26.63
-19.80
-11.84
-3.72
3.73
9.99
14.91
18.52
20.94
22.28
22.58
21.92
20.49
18.63
16.76
15.22
14.20
13.68
13.52
13.56
13.66
13.75
13.67
13.25
12.29
10.63
8.22
5.22
1.86
-1.64
-5.16
-8.78
-12.71
-17.19
-22.29
-27.76
-32.91
-36.76
-38.29
-36.85
-32.40
-25.58
-17.40
-8.96
-1.10
5.67
11.13
15.23
18.01
19.59
20.29
20.58
21.00
21.94
23.45
25.18
26.55
27.01
26.31
24.58
22.25
19.85
17.74
16.03
14.61
13.32
12.12
11.08
10.28
9.62
8.86
7.64
5.63
2.68
-1.17
-5.73
-10.66
-15.55
-19.84
-22.88
-23.99
-22.66
-18.81
-12.81
-5.51
1.99
8.67
13.82
17.21
19.08
19.95
20.44
20.93
21.53
22.03
22.07
21.40
19.99
18.08
16.08
14.40
13.23
12.49
11.92
11.22
10.19
8.78
6.99
4.85
2.36
-0.43
-3.41
-6.42
-9.39
-12.47
-16.03
-20.48
-26.09
-32.59
-39.15
-44.51
-47.41
-47.06
-43.36
-36.89
-28.71
-19.96
-11.64
-4.35
1.62
6.25
9.66
12.00
13.38
13.95
13.86
13.28
12.40
11.40
10.40
9.54
8.86
8.46
8.41
8.72
9.29
9.92
10.27
9.98
8.81
6.70
3.83
0.52
-2.85
-6.03
-8.99
-11.94
-15.21
-19.15
-23.98
-29.52
-35.27
-40.38
-43.87
-44.90
-43.03
-38.33
-31.34
-22.96
-14.15
-5.82
1.43
7.34
11.99
15.70
18.80
21.54
23.91
25.79
27.02
27.56
27.58
27.41
27.39
27.69
28.32
29.05
29.55
29.48
28.53
26.55
23.54
19.65
15.09
10.10
4.76
-0.97
-7.25
-14.20
-21.83
-30.01
-38.30
-46.13
-52.76
-57.41
-59.43
-58.47
-54.60
-48.30
-40.37
-31.71
-23.09
-15.03
-7.76
-1.36
4.17
8.75
12.25
14.55
15.63
15.69
15.09
14.23
13.46
12.95
12.66
12.45
12.15
11.62
10.79
9.63
8.17
6.39
4.38
2.15
-0.21
-2.73
-5.39
-8.21
-11.25
-14.60
-18.42
-22.91
-28.12
-33.80
-39.24
-43.41
-45.20
-43.82
-39.15
-31.79
-22.81
-13.43
-4.58
3.17
9.63
14.87
18.98
22.05
24.15
25.37
25.89
25.93
25.77
25.66
25.72
25.96
26.25
26.39
26.15
25.45
24.31
22.94
21.56
20.22
18.81
16.96
14.30
10.65
6.18
1.41
-3.07
-6.87
-10.00
-12.92
-16.27
-20.60
-26.06
-32.29
-38.45
-43.45
-46.23
-46.06
-42.69
-36.45
-28.08
-18.58
-8.96
0.05
7.99
14.73
20.31
24.79
28.22
30.59
31.94
32.33
32.00
31.19
30.16
29.12
28.15
27.27
26.45
25.65
24.82
23.97
23.11
22.23
21.30
20.18
18.67
16.50
13.45
9.52
4.95
0.21
-4.17
-7.86
-10.80
-13.24
-15.62
-18.38
-21.88
-26.26
-31.35
-36.64
-41.28
-44.25
-44.58
-41.71
-35.71
-27.31
-17.73
-8.22
0.25
7.20
12.59
16.64
19.60
21.59
22.70
23.02
22.71
22.03
21.29
20.72
20.38
20.28
20.36
20.61
20.99
21.47
21.94
22.16
21.85
20.74
18.66
15.64
11.82
7.48
2.98
-1.33
-5.20
-8.55
-11.52
-14.51
-18.03
-22.53
-28.11
-34.39
-40.41
-44.92
-46.64
-44.75
-39.17
-30.56
-20.09
-9.10
1.26
10.24
17.45
22.85
26.52
28.61
29.33
28.91
27.67
25.98
24.18
22.61
21.45
20.79
20.49
20.35
20.10
19.55
18.66
17.57
16.37
15.17
13.87
12.32
10.27
7.56
4.14
0.24
-3.79
-7.52
-10.71
-13.43
-16.07
-19.25
-23.53
-29.14
-35.83
-42.88
-49.26
-53.86
-55.80
-54.54
-50.00
-42.62
-33.13
-22.60
-12.07
-2.48
5.60
11.96
16.69
20.07
22.38
23.84
24.53
24.53
23.89
22.81
21.51
20.33
19.52
19.23
19.42
19.91
20.45
20.79
20.71
20.12
18.96
17.18
14.72
11.52
7.63
3.26
-1.25
-5.59
-9.62
-13.48
-17.51
-22.15
-27.70
-34.17
-41.15
-47.84
-53.19
-56.16
-55.98
-52.42
-45.83
-37.02
-27.09
-17.00
-7.47
1.10
8.54
14.74
19.58
22.98
24.99
25.84
25.90
25.61
25.26
25.00
24.81
24.62
24.32
23.87
23.30
22.67
22.05
21.46
20.86
20.10
18.97
17.21
14.62
11.20
7.11
2.70
-1.70
-5.87
-9.81
-13.70
-17.81
-22.39
-27.58
-33.41
-39.63
-45.67
-50.60
-53.35
-52.91
-48.76
-41.09
-30.78
-19.21
-7.81
2.30
10.48
16.64
20.99
23.89
25.66
26.51
26.53
25.80
24.51
22.87
21.19
19.73
18.60
17.75
17.08
16.48
15.88
15.30
14.69
13.91
12.74
10.92
8.30
4.98
1.14
-2.95
-7.08
-11.18
-15.30
-19.58
-24.17
-29.18
-34.50
-39.70
-44.08
-46.76
-46.91
-44.03
-38.13
-29.74
-19.77
-9.35
0.46
8.84
15.32
19.76
22.35
23.47
23.54
22.92
21.88
20.62
19.32
18.20
17.47
17.26
17.58
18.22
18.87
19.15
18.71
17.33
15.01
11.91
8.30
4.45
0.50
-3.50
-7.56
-11.74
-16.08
-20.74
-26.02
-32.20
-39.34
-46.92
-53.79
-58.44
-59.45
-56.09
-48.60
-38.11
-26.09
-13.95
-2.67
7.26
15.63
22.35
27.30
30.47
31.96
32.14
31.45
30.38
29.29
28.36
27.62
27.07
26.71
26.58
26.72
27.08
27.44
27.44
26.63
24.68
21.44
17.15
12.29
7.45
3.03
-0.84
-4.41
-8.13
-12.51
-17.96
-24.63
-32.36
-40.62
-48.46
-54.60
-57.64
-56.52
-50.81
-41.08
-28.71
-15.51
-3.19
7.17
15.18
21.12
25.47
28.69
31.01
32.50
33.25
33.50
33.59
33.87
34.43
35.07
35.37
34.95
33.68
31.86
30.04
28.67
27.87
27.27
26.21
24.05
20.53
15.87
10.68
5.60
1.10
-2.69
-5.92
-8.93
-12.07
-15.70
-20.13
-25.58
-32.00
-38.96
-45.51
-50.35
-52.16
-50.03
-43.82
-34.32
-22.98
-11.39
-0.89
7.81
14.62
19.84
23.80
26.75
28.78
29.99
30.57
30.78
30.88
30.93
30.84
30.35
29.29
27.69
25.86
24.23
23.14
22.67
22.56
22.38
21.64
20.00
17.36
13.86
9.79
5.50
1.28
-2.67
-6.33
-9.75
-13.23
-17.09
-21.67
-27.13
-33.22
-39.21
-44.00
-46.41
-45.54
-41.12
-33.65
-24.20
-14.12
-4.56
3.73
10.45
15.64
19.52
22.34
24.25
25.42
25.98
26.08
25.85
25.41
24.82
24.09
23.26
22.41
21.67
21.16
20.99
21.10
21.29
21.19
20.41
18.63
15.73
11.80
7.10
2.01
-3.02
-7.71
-11.93
-15.83
-19.77
-24.18
-29.34
-35.08
-40.73
-45.13
-47.06
-45.55
-40.39
-32.14
-21.99
-11.39
-1.58
6.66
13.13
17.96
21.49
24.01
25.69
26.57
26.76
26.40
25.70
24.86
24.03
23.29
22.61
21.95
21.25
20.49
19.72
18.95
18.19
17.34
16.17
14.38
11.69
8.04
3.63
-1.08
-5.56
-9.47
-12.75
-15.73
-18.91
-22.83
-27.84
-34.00
-40.95
-47.81
-53.38
-56.30
-55.55
-50.80
-42.63
-32.29
-21.29
-10.85
-1.62
6.26
12.95
18.60
23.17
26.53
28.54
29.25
28.88
27.81
26.43
25.11
24.10
23.52
23.36
23.48
23.66
23.65
23.29
22.55
21.52
20.25
18.76
16.89
14.43
11.21
7.25
2.75
-1.95
-6.50
-10.73
-14.60
-18.21
-21.76
-25.43
-29.45
-33.93
-38.82
-43.73
-47.94
-50.46
-50.36
-47.20
-41.09
-32.80
-23.36
-13.77
-4.73
3.39
10.41
16.20
20.63
23.67
25.46
26.33
26.65
26.72
26.67
26.53
26.29
26.01
25.82
25.80
25.83
25.66
25.01
23.73
21.87
19.68
17.43
15.26
13.10
10.69
7.80
4.30
0.30
-3.98
-8.18
-12.05
-15.47
-18.47
-21.33
-24.45
-28.27
-33.04
-38.69
-44.65
-49.98
-53.55
-54.35
-51.86
-46.15
-37.93
-28.25
-18.30
-9.04
-1.12
5.19
9.94
13.35
15.68
17.21
18.20
18.87
19.43
19.96
20.44
20.70
20.55
19.94
18.98
17.94
17.13
16.69
16.58
16.54
16.26
15.43
13.88
11.54
8.50
4.97
1.22
-2.49
-6.02
-9.37
-12.69
-16.13
-19.91
-24.08
-28.62
-33.19
-37.25
-40.03
-40.72
-38.73
-33.95
-26.80
-18.18
-9.20
-0.86
6.20
11.70
15.75
18.58
20.46
21.53
21.85
21.45
20.36
18.75
16.87
15.08
13.70
12.98
12.92
13.29
13.66
13.50
12.47
10.43
7.58
4.33
1.08
-1.89
-4.64
-7.37
-10.35
-13.77
-17.67
-22.03
-26.76
-31.71
-36.52
-40.63
-43.14
-43.23
-40.25
-34.17
-25.60
-15.71
-5.89
2.65
9.24
13.84
16.83
18.79
20.15
21.12
21.71
21.85
21.54
20.80
19.70
18.20
16.36
14.37
12.64
11.70
12.00
13.61
16.03
18.42
19.84
19.67
17.82
14.64
10.71
6.43
1.99
-2.74
-8.01
-14.02
-20.80
-28.13
-35.52
-42.20
-47.26
-49.76
-49.13
-45.30
-38.85
-30.86
-22.48
-14.61
-7.61
-1.44
4.10
9.13
13.49
16.83
18.83
19.33
18.45
16.55
14.11
11.61
9.43
7.78
6.62
5.72
4.79
3.57
1.98
0.08
-2.02
-4.29
-6.79
-9.65
-12.91
-16.45
-20.10
-23.80
-27.64
-31.92
-36.79
-42.04
-46.86
-50.02
-50.30
-46.98
-40.23
-31.03
-20.87
-11.14
-2.74
4.06
9.52
14.08
17.99
21.23
23.55
24.72
24.71
23.80
22.45
21.17
20.30
19.98
20.19
20.86
21.84
22.92
23.78
23.95
22.99
20.59
16.86
12.18
7.19
2.47
-1.74
-5.57
-9.52
-14.14
-19.74
-26.05
-32.29
-37.31
-40.05
-39.85
-36.64
-30.89
-23.38
-14.94
-6.30
1.88
9.08
14.92
19.21
22.02
23.65
24.45
24.69
24.47
23.73
22.42
20.61
18.56
16.71
15.51
15.21
15.77
16.78
17.62
17.68
16.61
14.35
11.17
7.40
3.28
-1.14
-5.99
-11.44
-17.56
-24.23
-31.03
-37.25
-41.97
-44.15
-42.99
-38.20
-30.28
-20.38
-10.03
-0.56
7.26
13.39
18.25
22.33
25.91
28.84
30.80
31.53
31.13
29.96
28.60
27.47
26.77
26.33
25.81
24.93
23.61
21.97
20.29
18.73
17.23
15.43
12.87
9.16
4.23
-1.71
-8.21
-14.91
-21.63
-28.36
-35.02
-41.21
-46.07
-48.46
-47.43
-42.64
-34.67
-24.81
-14.67
-5.55
1.90
7.71
12.33
16.12
19.20
21.34
22.29
22.02
20.94
19.71
19.02
19.21
20.18
21.49
22.55
22.91
22.43
21.19
19.34
16.98
14.12
10.75
6.97
2.94
-1.09
-5.04
-9.11
-13.73
-19.37
-26.15
-33.53
-40.35
-45.10
-46.42
-43.66
-37.10
-27.85
-17.43
-7.23
1.88
9.64
16.19
21.73
26.27
29.61
31.54
32.11
31.68
30.80
29.98
29.37
28.81
27.87
26.26
23.93
21.16
18.34
15.74
13.41
11.18
8.82
6.17
3.22
0.04
-3.48
-7.54
-12.51
-18.61
-25.65
-32.86
-38.96
-42.51
-42.43
-38.41
-31.07
-21.68
-11.69
-2.27
5.91
12.73
18.33
22.92
26.60
29.35
31.09
31.77
31.45
30.24
28.45
26.36
24.33
22.60
21.30
20.34
19.48
18.41
16.84
14.70
12.05
9.11
6.05
2.84
-0.69
-4.88
-9.99
-16.11
-23.10
-30.57
-37.96
-44.44
-49.06
-50.84
-49.08
-43.60
-34.87
-23.92
-12.04
-0.52
9.69
17.91
23.87
27.60
29.48
30.09
30.11
30.03
29.99
29.82
29.19
28.00
26.44
24.94
23.90
23.44
23.34
23.18
22.54
21.14
18.90
15.87
12.15
7.86
3.18
-1.63
-6.22
-10.33
-13.95
-17.43
-21.42
-26.66
-33.44
-41.39
-49.30
-55.49
-58.36
-56.88
-51.09
-41.90
-30.84
-19.41
-8.73
0.63
8.63
15.44
21.22
25.99
29.69
32.16
33.46
33.87
33.87
33.95
34.32
34.86
35.12
34.66
33.32
31.31
29.14
27.26
25.84
24.63
23.13
20.86
17.62
13.49
8.74
3.71
-1.36
-6.31
-11.10
-15.77
-20.37
-25.07
-30.04
-35.42
-41.18
-47.01
-52.18
-55.70
-56.55
-54.00
-47.98
-39.12
-28.55
-17.58
-7.23
1.96
9.87
16.62
22.22
26.53
29.32
30.52
30.35
29.41
28.43
27.99
28.23
28.89
29.39
29.22
28.21
26.54
24.68
23.07
21.84
20.80
19.49
17.49
14.64
11.12
7.34
3.71
0.44
-2.57
-5.57
-8.85
-12.57
-16.81
-21.56
-26.82
-32.53
-38.42
-43.99
-48.40
-50.76
-50.32
-46.83
-40.60
-32.41
-23.29
-14.20
-5.88
1.36
7.48
12.70
17.27
21.30
24.70
27.21
28.59
28.75
27.94
26.65
25.45
24.84
25.05
26.04
27.51
29.11
30.40
31.08
30.89
29.71
27.52
24.41
20.57
16.26
11.78
7.41
3.32
-0.54
-4.44
-8.80
-14.00
-20.15
-26.92
-33.50
-38.80
-41.74
-41.59
-38.22
-32.14
-24.33
-15.99
-8.08
-1.26
4.31
8.69
12.01
14.30
15.52
15.64
14.79
13.37
11.82
10.51
9.58
8.87
8.12
7.11
5.91
4.74
3.92
3.55
3.43
3.11
2.07
-0.03
-3.19
-7.09
-11.30
-15.34
-18.92
-21.94
-24.46
-26.67
-28.84
-31.30
-34.34
-38.14
-42.59
-47.14
-50.85
-52.52
-51.09
-46.06
-37.79
-27.43
-16.59
-6.78
1.10
6.83
10.82
13.65
15.77
17.34
18.32
18.74
18.73
18.59
18.60
18.94
19.57
20.29
20.84
21.03
20.78
20.18
19.44
18.75
18.21
17.69
16.86
15.36
12.89
9.43
5.24
0.75
-3.57
-7.46
-10.96
-14.42
-18.33
-23.12
-28.95
-35.46
-41.84
-46.94
-49.62
-49.07
-45.10
-38.26
-29.59
-20.28
-11.40
-3.53
3.16
8.80
13.54
17.42
20.31
22.05
22.64
22.30
21.46
20.63
20.05
19.74
19.43
18.85
17.92
16.80
15.78
15.10
14.73
14.37
13.61
12.10
9.72
6.60
2.99
-0.86
-4.80
-8.70
-12.48
-16.00
-19.18
-22.09
-24.97
-28.16
-31.88
-35.95
-39.69
-42.07
-42.01
-38.92
-32.95
-24.98
-16.32
-8.16
-1.24
4.26
8.52
11.78
14.16
15.67
16.32
16.25
15.71
14.93
14.07
13.14
12.12
11.08
10.18
9.59
9.38
9.46
9.49
9.15
8.12
6.34
3.92
1.15
-1.69
-4.38
-6.92
-9.50
-12.43
-15.98
-20.29
-25.18
-30.24
-34.80
-38.08
-39.34
-38.06
-34.12
-27.86
-20.02
-11.61
-3.58
3.32
8.73
12.66
15.35
17.06
17.97
18.08
17.35
15.81
13.70
11.42
9.50
8.27
7.83
7.89
7.99
7.68
6.77
5.31
3.54
1.66
-0.24
-2.23
-4.50
-7.16
-10.23
-13.69
-17.46
-21.52
-25.88
-30.42
-34.81
-38.47
-40.68
-40.71
-38.17
-33.16
-26.25
-18.34
-10.35
-3.06
3.13
8.09
11.88
14.62
16.43
17.39
17.62
17.28
16.54
15.56
14.45
13.32
12.29
11.44
10.83
10.43
10.17
9.92
9.51
8.81
7.69
6.07
3.93
1.32
-1.77
-5.36
-9.54
-14.43
-20.20
-26.77
-33.88
-40.88
-46.90
-50.90
-51.96
-49.55
-43.75
-35.30
-25.42
-15.49
-6.60
0.69
6.46
11.09
15.02
18.50
21.47
23.74
25.13
25.61
25.32
24.51
23.41
22.27
21.25
20.48
19.98
19.68
19.37
18.74
17.53
15.57
12.87
9.61
6.06
2.42
-1.24
-5.00
-9.04
-13.52
-18.49
-23.94
-29.75
-35.69
-41.33
-45.98
-48.69
-48.55
-45.00
-38.17
-28.92
-18.59
-8.48
0.45
7.87
13.85
18.71
22.65
25.78
28.05
29.48
30.14
30.22
29.99
29.65
29.37
29.18
29.09
28.99
28.81
28.52
28.16
27.79
27.35
26.61
25.17
22.68
19.00
14.34
9.22
4.22
-0.23
-4.05
-7.47
-10.90
-14.76
-19.42
-25.05
-31.52
-38.34
-44.58
-49.06
-50.63
-48.58
-42.96
-34.55
-24.59
-14.39
-4.93
3.28
10.07
15.47
19.54
22.34
23.99
24.73
24.88
24.76
24.63
24.64
24.78
25.05
25.40
25.86
26.46
27.14
27.69
27.79
27.14
25.55
23.06
19.87
16.27
12.44
8.50
4.43
0.23
-4.07
-8.47
-13.12
-18.24
-24.01
-30.32
-36.55
-41.59
-44.20
-43.37
-38.82
-31.14
-21.53
-11.35
-1.73
6.77
14.01
20.04
24.85
28.25
30.05
30.27
29.21
27.49
25.77
24.54
23.96
23.84
23.88
23.82
23.61
23.34
23.13
22.95
22.59
21.70
19.97
17.21
13.46
8.96
4.04
-0.91
-5.57
-9.73
-13.42
-16.89
-20.72
-25.54
-31.73
-39.03
-46.34
-51.95
-54.16
-51.91
-45.35
-35.66
-24.62
-13.78
-3.98
4.66
12.37
19.21
24.85
28.64
30.17
29.58
27.73
25.78
24.70
24.82
25.75
26.75
27.16
26.77
25.92
25.17
24.92
25.11
25.28
24.79
23.19
20.40
16.69
12.47
8.07
3.59
-0.96
-5.65
-10.48
-15.43
-20.57
-26.12
-32.35
-39.37
-46.84
-53.88
-59.10
-61.09
-58.88
-52.39
-42.46
-30.63
-18.52
-7.33
2.36
10.58
17.58
23.49
28.19
31.44
33.07
33.27
32.53
31.54
30.81
30.59
30.71
30.83
30.66
30.11
29.29
28.44
27.68
26.92
25.91
24.32
21.97
18.81
15.04
10.90
6.61
2.28
-2.03
-6.32
-10.60
-14.94
-19.49
-24.52
-30.25
-36.70
-43.41
-49.49
-53.76
-55.12
-52.93
-47.24
-38.81
-28.79
-18.43
-8.78
-0.45
6.34
11.63
15.64
18.64
20.81
22.23
22.97
23.05
22.57
21.73
20.75
19.93
19.46
19.44
19.84
20.51
21.20
21.65
21.59
20.77
19.07
16.47
13.14
9.38
5.49
1.69
-2.02
-5.79
-9.88
-14.53
-19.89
-25.87
-32.14
-38.04
-42.64
-44.95
-44.14
-39.97
-32.83
-23.74
-13.96
-4.62
3.63
10.53
16.10
20.41
23.49
25.36
26.14
26.06
25.40
24.43
23.32
22.16
21.05
20.09
19.39
18.99
18.88
18.98
19.13
19.06
18.44
16.89
14.10
10.09
5.23
0.22
-4.19
-7.57
-10.04
-12.24
-15.08
-19.33
-25.23
-32.37
-39.79
-46.19
-50.29
-51.19
-48.43
-42.21
-33.22
-22.50
-11.27
-0.71
8.27
15.10
19.61
21.99
22.68
22.36
21.66
21.15
21.14
21.69
22.58
23.51
24.09
24.07
23.38
22.15
20.65
19.22
18.05
17.07
15.95
14.13
11.11
6.70
1.17
-4.77
-10.21
-14.45
-17.26
-18.96
-20.27
-22.01
-24.86
-29.08
-34.48
-40.31
-45.41
-48.55
-48.67
-45.38
-38.98
-30.48
-21.11
-11.98
-3.73
3.48
9.76
15.26
19.93
23.63
26.19
27.64
28.20
28.14
27.81
27.33
26.79
26.13
25.39
24.61
23.94
23.50
23.36
23.46
23.61
23.49
22.75
21.06
18.22
14.28
9.52
4.42
-0.48
-4.81
-8.44
-11.50
-14.36
-17.40
-21.02
-25.41
-30.66
-36.42
-42.02
-46.38
-48.30
-46.89
-41.88
-33.85
-24.01
-13.89
-4.65
3.08
9.33
14.48
18.80
22.32
24.82
26.12
26.35
25.94
25.49
25.43
25.83
26.36
26.54
26.02
24.86
23.41
22.16
21.41
21.13
20.95
20.41
19.13
16.96
14.01
10.53
6.79
3.01
-0.74
-4.37
-7.82
-11.00
-13.90
-16.72
-19.77
-23.44
-27.89
-32.97
-38.02
-42.09
-44.18
-43.54
-39.95
-33.77
-25.87
-17.31
-9.09
-1.88
4.02
8.66
12.23
14.91
16.78
17.81
18.05
17.58
16.71
15.69
14.83
14.25
14.03
14.12
14.48
15.07
15.82
16.56
17.08
17.03
16.13
14.14
11.07
7.16
2.82
-1.47
-5.36
-8.71
-11.70
-14.72
-18.24
-22.55
-27.68
-33.15
-38.09
-41.41
-42.09
-39.58
-34.03
-26.25
-17.44
-8.82
-1.20
5.12
10.25
14.40
17.67
19.97
21.15
21.17
20.30
18.97
17.67
16.72
16.17
15.81
15.41
14.80
14.02
13.28
12.78
12.61
12.61
12.36
11.40
9.38
6.25
2.27
-2.05
-6.19
-9.83
-12.97
-15.83
-18.85
-22.38
-26.71
-31.83
-37.42
-42.77
-46.91
-48.83
-47.80
-43.63
-36.78
-28.19
-18.98
-10.14
-2.27
4.34
9.71
13.93
17.10
19.32
20.73
21.54
21.93
22.05
21.89
21.42
20.58
19.39
17.99
16.65
15.64
15.10
15.01
15.14
15.15
14.69
13.49
11.42
8.52
4.98
1.06
-2.97
-6.87
-10.55
-14.09
-17.74
-21.75
-26.37
-31.62
-37.28
-42.79
-47.32
-49.90
-49.75
-46.45
-40.23
-31.93
-22.73
-13.76
-5.79
0.93
6.52
11.23
15.20
18.40
20.65
21.89
22.20
21.86
21.23
20.63
20.27
20.13
20.09
19.96
19.61
19.04
18.37
17.73
17.21
16.71
15.93
14.55
12.34
9.37
5.87
2.18
-1.49
-5.10
-8.76
-12.61
-16.65
-20.90
-25.38
-30.10
-34.99
-39.70
-43.55
-45.64
-45.19
-41.83
-35.83
-27.95
-19.21
-10.56
-2.65
4.12
9.59
13.72
16.61
18.42
19.45
20.00
20.32
20.50
20.53
20.41
20.12
19.77
19.50
19.39
19.47
19.57
19.42
18.72
17.27
15.05
12.22
9.02
5.65
2.23
-1.27
-4.87
-8.64
-12.56
-16.61
-20.84
-25.31
-30.09
-35.01
-39.59
-42.94
-44.06
-42.15
-36.99
-29.08
-19.56
-9.84
-1.10
5.98
11.33
15.20
17.86
19.43
19.87
19.21
17.69
15.82
14.25
13.47
13.61
14.41
15.37
16.00
15.99
15.34
14.23
12.90
11.51
10.05
8.38
6.34
3.85
0.89
-2.50
-6.34
-10.71
-15.73
-21.40
-27.44
-33.27
-38.06
-40.97
-41.36
-38.96
-33.93
-26.82
-18.41
-9.60
-1.22
6.08
11.99
16.44
19.58
21.60
22.63
22.73
21.93
20.37
18.38
16.39
14.81
13.88
13.57
13.66
13.84
13.80
13.38
12.42
10.87
8.66
5.74
2.18
-1.83
-6.01
-10.12
-14.10
-18.16
-22.70
-28.15
-34.55
-41.40
-47.61
-51.77
-52.62
-49.55
-42.82
-33.49
-23.02
-12.75
-3.59
4.15
10.56
15.86
20.14
23.35
25.36
26.11
25.80
24.82
23.64
22.65
22.04
21.80
21.82
22.05
22.42
22.84
23.03
22.58
21.04
18.22
14.27
9.72
5.16
0.99
-2.82
-6.65
-11.01
-16.31
-22.55
-29.39
-36.11
-41.79
-45.54
-46.58
-44.46
-39.14
-31.06
-21.08
-10.31
0.18
9.45
16.93
22.46
26.21
28.53
29.79
30.30
30.26
29.81
29.10
28.30
27.60
27.14
26.96
26.99
27.11
27.13
26.88
26.14
24.75
22.56
19.56
15.81
11.54
7.03
2.53
-1.79
-5.93
-10.11
-14.69
-20.04
-26.24
-32.92
-39.19
-43.81
-45.59
-43.81
-38.51
-30.43
-20.78
-10.77
-1.34
6.97
13.96
19.58
23.83
26.70
28.25
28.61
27.97
26.63
24.92
23.23
21.91
21.21
21.21
21.77
22.55
23.13
23.12
22.28
20.53
17.93
14.60
10.67
6.27
1.60
-3.07
-7.47
-11.42
-15.05
-18.77
-23.00
-27.91
-33.11
-37.58
-40.07
-39.49
-35.46
-28.42
-19.46
-9.88
-0.74
7.29
13.93
19.19
23.12
25.84
27.49
28.22
28.17
27.49
26.31
24.77
23.05
21.36
19.91
18.85
18.28
18.14
18.28
18.44
18.23
17.30
15.36
12.30
8.27
3.66
-1.05
-5.44
-9.35
-12.93
-16.62
-20.92
-26.11
-32.01
-37.89
-42.60
-45.01
-44.33
-40.44
-33.88
-25.57
-16.48
-7.37
1.23
9.03
15.77
21.22
25.19
27.66
28.81
28.98
28.58
27.93
27.19
26.34
25.32
24.12
22.85
21.71
20.94
20.64
20.76
21.04
21.07
20.36
18.57
15.58
11.60
7.05
2.46
-1.76
-5.43
-8.65
-11.76
-15.18
-19.32
-24.41
-30.39
-36.82
-42.85
-47.37
-49.31
-48.01
-43.42
-36.17
-27.31
-17.93
-8.90
-0.72
6.43
12.49
17.47
21.39
24.26
26.13
27.12
27.37
27.02
26.30
25.46
24.74
24.31
24.16
24.12
24.01
23.71
23.22
22.65
22.08
21.41
20.38
18.55
15.57
11.39
6.31
0.92
-4.08
-8.24
-11.42
-13.94
-16.36
-19.27
-23.14
-28.03
-33.65
-39.32
-44.16
-47.24
-47.86
-45.71
-40.92
-34.10
-26.08
-17.72
-9.71
-2.52
3.58
8.52
12.32
15.10
16.97
18.07
18.52
18.54
18.37
18.26
18.39
18.74
19.12
19.25
18.93
18.19
17.31
16.69
16.57
16.82
16.93
16.15
13.97
10.35
5.77
1.06
-3.01
-6.12
-8.54
-10.90
-13.90
-17.90
-22.76
-27.87
-32.45
-35.81
-37.44
-37.10
-34.74
-30.47
-24.53
-17.38
-9.66
-2.10
4.60
9.98
13.84
16.28
17.61
18.17
18.24
18.01
17.61
17.13
16.66
16.29
16.04
15.86
15.66
15.35
14.88
14.28
13.57
12.77
11.78
10.43
8.56
6.06
2.97
-0.55
-4.27
-8.02
-11.69
-15.35
-19.16
-23.26
-27.67
-32.05
-35.81
-38.16
-38.34
-35.98
-31.19
-24.59
-17.09
-9.64
-2.91
2.81
7.58
11.53
14.74
17.13
18.50
18.79
18.15
16.93
15.55
14.33
13.35
12.59
11.96
11.46
11.11
10.91
10.69
10.19
9.17
7.53
5.40
3.04
0.62
-1.83
-4.39
-7.19
-10.22
-13.39
-16.60
-19.94
-23.75
-28.42
-34.02
-40.01
-45.23
-48.18
-47.71
-43.45
-36.04
-26.87
-17.50
-9.10
-2.16
3.37
7.84
11.51
14.49
16.70
18.09
18.70
18.75
18.52
18.28
18.20
18.28
18.40
18.39
18.13
17.64
17.01
16.36
15.78
15.10
14.06
12.27
9.53
5.93
1.91
-1.99
-5.30
-7.94
-10.19
-12.63
-15.83
-20.05
-25.15
-30.60
-35.68
-39.64
-41.89
-41.99
-39.72
-35.14
-28.65
-20.94
-12.89
-5.37
0.98
5.88
9.39
11.81
13.52
14.79
15.70
16.20
16.18
15.59
14.59
13.44
12.48
11.93
11.83
11.98
12.10
11.92
11.36
10.49
9.43
8.21
6.70
4.68
2.03
-1.23
-4.82
-8.44
-11.91
-15.34
-19.05
-23.37
-28.30
-33.33
-37.50
-39.72
-39.11
-35.41
-29.10
-21.18
-12.86
-5.19
1.19
6.16
9.91
12.79
15.01
16.60
17.43
17.35
16.35
14.65
12.58
10.57
8.98
8.04
7.90
8.51
9.65
10.90
11.72
11.65
10.40
8.05
4.92
1.45
-2.00
-5.26
-8.31
-11.27
-14.28
-17.61
-21.51
-26.10
-31.20
-36.08
-39.64
-40.66
-38.39
-32.87
-25.01
-16.21
-7.87
-0.93
4.36
8.28
11.35
13.97
16.23
17.98
18.98
19.05
18.22
16.81
15.23
13.89
13.02
12.67
12.69
12.92
13.18
13.25
12.87
11.74
9.60
6.40
2.41
-1.86
-5.82
-9.16
-11.97
-14.83
-18.52
-23.68
-30.40
-38.09
-45.59
-51.42
-54.35
-53.60
-49.12
-41.54
-31.95
-21.61
-11.61
-2.72
4.77
10.87
15.77
19.67
22.60
24.54
25.42
25.29
24.33
22.86
21.23
19.70
18.51
17.80
17.59
17.77
18.07
18.18
17.81
16.79
15.08
12.73
9.75
6.19
2.07
-2.50
-7.37
-12.44
-17.74
-23.42
-29.55
-35.89
-41.65
-45.76
-47.08
-44.96
-39.44
-31.26
-21.59
-11.64
-2.37
5.66
12.24
17.40
21.27
23.99
25.75
26.74
27.18
27.27
27.27
27.32
27.45
27.62
27.64
27.41
26.84
25.99
24.90
23.54
21.82
19.61
16.85
13.56
9.93
6.20
2.51
-1.12
-4.84
-8.87
-13.43
-18.65
-24.54
-30.87
-37.09
-42.35
-45.59
-45.89
-42.78
-36.47
-27.82
-18.15
-8.76
-0.56
6.06
11.21
15.27
18.56
21.19
23.09
24.06
24.05
23.25
22.07
21.04
20.62
20.96
21.90
23.05
24.01
24.54
24.57
24.12
23.12
21.36
18.66
14.97
10.55
5.81
1.15
-3.31
-7.77
-12.62
-18.19
-24.50
-31.15
-37.31
-41.95
-44.08
-43.04
-38.72
-31.54
-22.41
-12.47
-2.78
5.89
13.20
19.13
23.86
27.55
30.25
31.98
32.72
32.60
31.84
30.74
29.61
28.67
27.95
27.35
26.66
25.71
24.46
22.98
21.30
19.42
17.16
14.25
10.50
5.91
0.77
-4.40
-9.09
-13.09
-16.62
-20.33
-25.01
-31.11
-38.43
-45.97
-52.22
-55.62
-55.22
-50.87
-43.34
-33.86
-23.68
-13.64
-4.11
4.77
12.90
19.98
25.63
29.54
31.79
32.82
33.23
33.48
33.68
33.60
32.95
31.73
30.21
28.87
28.09
27.92
28.08
28.12
27.64
26.35
24.15
21.05
17.12
12.56
7.67
2.83
-1.62
-5.50
-8.94
-12.29
-16.09
-20.85
-26.82
-33.84
-41.17
-47.61
-51.84
-52.78
-50.02
-43.93
-35.46
-25.80
-16.01
-6.77
1.60
8.99
15.34
20.53
24.46
27.13
28.66
29.38
29.71
30.00
30.45
31.07
31.67
31.96
31.76
31.07
30.09
29.14
28.45
28.11
27.89
27.37
26.04
23.58
19.92
15.38
10.47
5.70
1.36
-2.59
-6.40
-10.40
-14.75
-19.53
-24.67
-30.14
-35.87
-41.62
-46.83
-50.65
-52.10
-50.43
-45.45
-37.67
-28.08
-17.87
-8.05
0.65
7.85
13.43
17.46
20.14
21.84
22.93
23.73
24.35
24.63
24.42
23.62
22.33
20.90
19.71
19.04
18.95
19.27
19.68
19.79
19.23
17.70
15.16
11.76
7.84
3.80
0.01
-3.44
-6.71
-10.20
-14.36
-19.50
-25.62
-32.25
-38.49
-43.18
-45.23
-43.94
-39.26
-31.78
-22.59
-12.89
-3.72
4.20
10.49
15.03
17.98
19.67
20.58
21.20
21.81
22.42
22.78
22.61
21.74
20.38
18.89
17.70
17.09
17.03
17.27
17.46
17.19
16.18
14.29
11.50
7.95
3.90
-0.31
-4.38
-8.12
-11.57
-15.06
-19.10
-24.17
-30.40
-37.38
-44.11
-49.22
-51.42
-50.00
-45.06
-37.45
-28.38
-18.99
-10.05
-1.92
5.31
11.53
16.54
20.12
22.20
23.00
22.96
22.62
22.32
22.19
22.01
21.52
20.52
19.06
17.40
15.83
14.55
13.56
12.75
11.96
11.07
10.00
8.60
6.61
3.77
-0.11
-4.97
-10.48
-16.18
-21.73
-27.04
-32.27
-37.51
-42.56
-46.72
-48.92
-48.20
-44.09
-36.97
-27.90
-18.29
-9.30
-1.59
4.78
10.05
14.40
17.80
20.06
21.11
21.18
20.81
20.58
20.84
21.59
22.48
23.09
23.15
22.68
21.88
20.96
20.04
19.11
18.13
16.97
15.50
13.50
10.79
7.28
3.09
-1.44
-5.95
-10.23
-14.29
-18.34
-22.69
-27.53
-32.79
-38.07
-42.66
-45.69
-46.33
-44.07
-38.91
-31.46
-22.70
-13.69
-5.26
2.12
8.27
13.16
16.78
19.07
20.11
20.14
19.60
18.89
18.27
17.78
17.33
16.86
16.43
16.25
16.49
17.18
18.15
19.04
19.40
18.86
17.24
14.56
11.04
7.01
2.88
-1.00
-4.41
-7.37
-10.09
-13.01
-16.56
-21.04
-26.45
-32.31
-37.70
-41.49
-42.68
-40.64
-35.46
-27.92
-19.17
-10.45
-2.68
3.68
8.59
12.27
14.94
16.74
17.68
17.80
17.16
16.02
14.72
13.57
12.75
12.23
11.84
11.43
11.02
10.78
10.92
11.41
11.93
11.94
10.93
8.70
5.48
1.79
-1.83
-5.12
-8.21
-11.47
-15.35
-20.01
-25.25
-30.48
-34.86
-37.58
-37.96
-35.66
-30.72
-23.59
-15.04
-6.03
2.40
9.46
14.68
18.04
19.91
20.85
21.26
21.34
21.01
20.12
18.65
16.80
14.97
13.52
12.70
12.50
12.74
13.24
13.73
13.90
13.40
11.90
9.24
5.58
1.37
-2.83
-6.58
-9.73
-12.56
-15.52
-19.16
-23.83
-29.56
-35.94
-42.14
-47.05
-49.52
-48.81
-44.73
-37.83
-29.12
-19.74
-10.61
-2.31
4.88
10.72
15.07
17.89
19.36
19.94
20.20
20.58
21.21
21.93
22.39
22.35
21.85
21.06
20.25
19.60
19.08
18.53
17.72
16.46
14.65
12.27
9.37
6.08
2.60
-0.88
-4.16
-7.17
-10.02
-13.01
-16.57
-21.07
-26.61
-32.83
-38.95
-43.85
-46.43
-45.87
-42.03
-35.38
-26.96
-17.98
-9.52
-2.23
3.73
8.59
12.67
16.19
19.18
21.47
22.93
23.61
23.80
23.83
24.01
24.36
24.73
24.83
24.50
23.77
22.83
21.96
21.31
20.80
20.12
18.86
16.72
13.63
9.75
5.39
0.88
-3.60
-7.89
-11.98
-15.90
-19.74
-23.70
-27.98
-32.67
-37.50
-41.81
-44.62
-44.97
-42.38
-37.04
-29.77
-21.66
-13.65
-6.23
0.54
6.72
12.29
16.90
20.11
21.63
21.55
20.43
19.03
18.01
17.64
17.75
17.92
17.79
17.23
16.48
15.91
15.80
16.16
16.70
16.98
16.53
15.11
12.70
9.54
5.93
2.19
-1.48
-5.03
-8.61
-12.51
-17.07
-22.49
-28.64
-34.91
-40.24
-43.40
-43.46
-40.13
-33.91
-25.85
-17.18
-8.86
-1.35
5.25
10.98
15.80
19.57
22.11
23.41
23.65
23.17
22.33
21.42
20.66
20.17
20.01
20.11
20.33
20.42
20.21
19.66
18.75
17.48
15.74
13.39
10.35
6.78
3.04
-0.47
-3.55
-6.31
-9.17
-12.62
-16.99
-22.32
-28.39
-34.72
-40.66
-45.40
-48.06
-47.82
-44.25
-37.50
-28.40
-18.19
-8.17
0.68
7.92
13.58
17.94
21.28
23.71
25.26
25.94
25.94
25.52
25.03
24.70
24.58
24.51
24.28
23.73
22.88
21.91
21.07
20.47
19.99
19.28
17.85
15.37
11.76
7.31
2.52
-2.11
-6.23
-9.81
-13.10
-16.53
-20.52
-25.32
-30.94
-37.02
-42.85
-47.51
-50.07
-49.82
-46.53
-40.56
-32.69
-23.89
-15.03
-6.68
0.87
7.51
13.16
17.69
20.92
22.86
23.69
23.81
23.69
23.71
24.01
24.51
25.00
25.27
25.27
25.08
24.88
24.78
24.75
24.59
24.00
22.69
20.46
17.29
13.33
8.81
4.05
-0.62
-4.98
-8.97
-12.74
-16.54
-20.72
-25.49
-30.86
-36.55
-41.98
-46.41
-49.00
-49.09
-46.32
-40.84
-33.22
-24.38
-15.29
-6.73
0.78
7.04
11.99
15.70
18.31
20.07
21.30
22.25
22.98
23.32
23.03
22.02
20.53
19.04
17.97
17.46
17.29
17.02
16.32
15.15
13.74
12.28
10.78
9.01
6.70
3.79
0.53
-2.73
-5.74
-8.64
-11.91
-16.08
-21.43
-27.70
-34.18
-39.77
-43.38
-44.16
-41.70
-36.11
-28.01
-18.37
-8.37
0.79
8.27
13.68
17.15
19.26
20.62
21.67
22.49
22.82
22.39
21.11
19.27
17.39
16.05
15.51
15.72
16.37
17.13
17.83
18.39
18.77
18.79
18.11
16.42
13.63
10.10
6.45
3.34
1.07
-0.59
-2.40
-5.18
-9.39
-14.80
-20.43
-24.93
-27.02
-25.94
-21.74
-15.11
-7.15
1.07
8.77
15.61
21.50
26.45
30.35
32.95
33.96
33.25
31.05
27.88
24.47
21.46
19.21
17.75
16.86
16.26
15.75
15.29
14.82
14.28
13.46
12.04
9.78
6.56
2.62
-1.63
-5.65
-9.18
-12.27
-15.32
-18.86
-23.27
-28.62
-34.65
-40.80
-46.25
-50.13
-51.68
-50.35
-46.06
-39.18
-30.51
-21.08
-11.88
-3.61
3.36
8.99
13.40
16.69
19.03
20.54
21.39
21.75
21.72
21.38
20.72
19.73
18.44
17.04
15.83
15.12
15.08
15.51
15.93
15.73
14.43
11.93
8.55
4.84
1.32
-1.79
-4.61
-7.52
-10.95
-15.15
-20.14
-25.66
-31.36
-36.70
-41.11
-43.92
-44.53
-42.59
-38.20
-31.93
-24.64
-17.22
-10.27
-4.07
1.43
6.24
10.30
13.43
15.52
16.67
17.27
17.82
18.70
19.99
21.44
22.61
23.10
22.74
21.66
20.08
18.33
16.61
14.98
13.38
11.69
9.80
7.64
5.24
2.70
0.18
-2.26
-4.67
-7.40
-10.93
-15.69
-21.77
-28.78
-35.82
-41.72
-45.38
-46.10
-43.71
-38.58
-31.54
-23.61
-15.86
-9.15
-4.00
-0.52
1.56
2.65
3.05
2.88
2.17
1.01
-0.22
-1.01
-0.95
0.04
1.60
3.21
4.50
5.46
6.37
7.51
8.82
9.84
9.95
8.71
6.19
2.88
-0.47
-3.33
-5.57
-7.55
-9.91
-13.29
-17.94
-23.50
-28.97
-32.97
-34.25
-32.15
-26.88
-19.40
-11.00
-2.77
4.60
10.92
16.16
20.27
23.08
24.39
24.18
22.77
20.70
18.50
16.62
15.17
14.07
13.20
12.50
12.01
11.81
11.86
11.97
11.79
11.01
9.46
7.22
4.47
1.44
-1.72
-4.98
-8.39
-12.05
-16.11
-20.70
-25.84
-31.29
-36.47
-40.49
-42.42
-41.55
-37.72
-31.39
-23.53
-15.16
-7.16
0.04
6.37
11.90
16.64
20.49
23.28
24.88
25.41
25.15
24.46
23.64
22.79
21.87
20.79
19.53
18.22
17.11
16.38
16.07
15.96
15.66
14.75
13.00
10.46
7.45
4.34
1.40
-1.38
-4.26
-7.57
-11.57
-16.37
-21.87
-27.78
-33.62
-38.74
-42.26
-43.35
-41.39
-36.28
-28.60
-19.49
-10.31
-2.19
4.27
9.14
12.85
15.93
18.68
21.05
22.78
23.62
23.56
22.89
22.08
21.63
21.78
22.51
23.52
24.37
24.75
24.58
23.98
23.20
22.40
21.52
20.31
18.46
15.80
12.42
8.53
4.42
0.31
-3.71
-7.61
-11.38
-14.98
-18.44
-21.89
-25.62
-29.85
-34.51
-39.07
-42.61
-44.08
-42.69
-38.29
-31.38
-22.94
-14.05
-5.60
1.90
8.20
13.21
16.92
19.39
20.78
21.36
21.47
21.43
21.48
21.78
22.41
23.32
24.36
25.28
25.82
25.82
25.24
24.25
23.06
21.84
20.56
19.09
17.18
14.65
11.47
7.76
3.85
0.11
-3.10
-5.59
-7.44
-8.97
-10.66
-12.98
-16.33
-20.81
-26.18
-31.79
-36.64
-39.70
-40.18
-37.86
-33.13
-26.80
-19.75
-12.64
-5.77
0.74
6.74
11.97
16.03
18.71
20.07
20.43
20.20
19.67
18.93
18.02
17.07
16.30
15.96
16.13
16.64
17.12
17.28
16.98
16.29
15.40
14.41
13.20
11.51
9.15
6.11
2.63
-0.90
-4.16
-7.13
-10.03
-13.28
-17.28
-22.16
-27.59
-32.85
-36.86
-38.64
-37.60
-33.77
-27.76
-20.51
-12.87
-5.44
1.49
7.79
13.23
17.47
20.17
21.22
20.93
19.87
18.68
17.81
17.36
17.18
17.00
16.67
16.14
15.55
15.05
14.73
14.61
14.56
14.34
13.62
12.14
9.75
6.54
2.77
-1.18
-4.95
-8.32
-11.27
-13.98
-16.78
-20.05
-24.05
-28.77
-33.87
-38.79
-42.80
-45.14
-45.25
-42.77
-37.74
-30.57
-22.08
-13.29
-5.18
1.64
7.03
11.30
14.82
17.73
19.84
20.79
20.46
19.14
17.55
16.45
16.19
16.55
16.94
16.78
15.90
14.65
13.62
13.25
13.51
13.89
13.66
12.30
9.73
6.25
2.37
-1.49
-5.10
-8.40
-11.42
-14.23
-16.97
-19.92
-23.42
-27.69
-32.64
-37.71
-41.91
-44.16
-43.60
-39.85
-33.23
-24.54
-14.92
-5.56
2.59
8.96
13.45
16.34
18.06
19.03
19.48
19.48
19.02
18.16
17.09
16.06
15.28
14.78
14.48
14.27
14.13
14.11
14.26
14.41
14.20
13.20
11.10
7.95
4.15
0.26
-3.35
-6.53
-9.47
-12.46
-15.78
-19.63
-24.04
-28.86
-33.67
-37.75
-40.12
-39.84
-36.39
-29.88
-21.17
-11.60
-2.52
5.04
10.70
14.62
17.25
19.05
20.30
21.01
21.10
20.52
19.47
18.29
17.35
16.87
16.74
16.75
16.66
16.39
16.02
15.65
15.23
14.52
13.19
10.97
7.88
4.17
0.25
-3.49
-6.87
-9.92
-12.87
-16.07
-19.80
-24.24
-29.31
-34.60
-39.44
-43.02
-44.54
-43.50
-39.80
-33.78
-26.15
-17.79
-9.48
-1.82
4.85
10.42
14.87
18.25
20.59
21.94
22.41
22.21
21.63
20.97
20.46
20.19
20.10
20.00
19.75
19.30
18.79
18.36
18.12
17.89
17.23
15.61
12.70
8.60
3.85
-0.78
-4.70
-7.66
-9.89
-11.92
-14.24
-17.22
-21.02
-25.63
-30.90
-36.44
-41.53
-45.22
-46.48
-44.60
-39.47
-31.65
-22.26
-12.55
-3.64
3.83
9.63
13.96
17.17
19.60
21.42
22.67
23.36
23.53
23.41
23.29
23.35
23.58
23.75
23.64
23.23
22.73
22.43
22.46
22.58
22.31
21.13
18.79
15.48
11.61
7.67
3.92
0.44
-2.89
-6.17
-9.44
-12.75
-16.16
-19.90
-24.22
-29.29
-34.92
-40.59
-45.39
-48.27
-48.37
-45.29
-39.28
-31.22
-22.31
-13.75
-6.37
-0.47
4.12
7.80
10.88
13.40
15.18
15.89
15.38
13.82
11.68
9.52
7.77
6.66
6.20
6.35
7.09
8.38
10.10
11.90
13.27
13.72
13.02
11.25
8.77
6.08
3.53
1.30
-0.75
-2.92
-5.57
-9.10
-13.71
-19.36
-25.61
-31.69
-36.50
-39.03
-38.57
-35.08
-29.16
-21.85
-14.24
-7.11
-0.80
4.65
9.31
13.06
15.69
16.99
17.05
16.35
15.57
15.37
16.06
17.45
19.12
20.60
21.67
22.44
23.12
23.85
24.51
24.73
24.13
22.52
20.15
17.48
15.07
13.30
12.27
11.87
11.87
12.04
12.18
12.04
11.37
9.99
8.04
5.99
4.64
4.80
7.02
11.31
17.07
23.31
29.01
33.45
36.37
38.00
38.84
39.34
39.81
40.30
40.79
41.31
41.98
42.92
44.20
45.68
47.08
48.12
48.61
48.61
48.27
47.80
47.30
46.73
45.88
44.52
42.51
39.83
36.64
33.22
29.86
26.78
24.05
21.60
19.34
17.18
15.11
13.13
11.23
9.29
7.11
4.48
1.21
-2.64
-6.77
-10.66
-13.75
-15.70
-16.55
-16.74
-16.89
-17.44
-18.45
-19.61
-20.45
-20.66
-20.30
-19.70
-19.31
-19.34
-19.80
-20.44
-21.00
-21.31
-21.35
-21.13
-20.77
-20.39
-20.15
-20.20
-20.60
-21.23
-21.81
-22.02
-21.56
-20.26
-18.13
-15.27
-11.86
-8.15
-4.45
-1.09
1.47
2.88
2.99
1.90
-0.04
-2.35
-4.71
-7.09
-9.68
-12.72
-16.24
-19.95
-23.35
-26.04
-27.94
-29.37
-30.84
-32.64
-34.65
-36.40
-37.39
-37.34
-36.46
-35.26
-34.29
-33.89
-34.10
-34.81
-35.91
-37.32
-38.93
-40.53
-41.82
-42.66
-43.15
-43.82
-45.41
-48.58
-53.45
-59.49
-65.48
-69.87
-71.30
-68.89
-62.59
-53.11
-41.72
-29.89
-18.90
-9.63
-2.44
2.70
6.10
8.17
9.33
9.90
10.10
10.03
9.71
9.14
8.37
7.50
6.65
5.87
5.16
4.41
3.56
2.57
1.45
0.25
-1.06
-2.57
-4.41
-6.64
-9.27
-12.18
-15.29
-18.61
-22.27
-26.44
-31.07
-35.82
-39.93
-42.52
-42.89
-40.83
-36.69
-31.16
-24.92
-18.39
-11.69
-4.88
1.87
8.10
13.30
17.09
19.48
20.80
21.57
22.23
23.03
23.96
24.89
25.64
26.07
26.09
25.72
25.07
24.35
23.71
23.19
22.57
21.48
19.57
16.75
13.21
9.37
5.63
2.23
-0.81
-3.69
-6.70
-10.13
-14.26
-19.20
-24.78
-30.40
-35.04
-37.64
-37.38
-34.11
-28.40
-21.24
-13.66
-6.31
0.58
7.01
12.90
18.00
21.94
24.46
25.60
25.68
25.19
24.60
24.25
24.32
24.81
25.60
26.41
26.95
26.99
26.44
25.44
24.16
22.77
21.23
19.33
16.85
13.71
10.04
6.17
2.47
-0.85
-3.79
-6.57
-9.51
-12.94
-17.07
-21.91
-27.21
-32.41
-36.81
-39.56
-40.03
-37.84
-33.06
-26.16
-17.92
-9.25
-0.99
6.20
11.95
16.17
18.94
20.48
20.96
20.58
19.56
18.22
16.88
15.79
15.01
14.38
13.64
12.66
11.64
11.03
11.24
12.33
13.79
14.72
14.25
12.02
8.30
3.87
-0.46
-4.19
-7.30
-10.17
-13.31
-17.13
-21.78
-27.07
-32.50
-37.26
-40.47
-41.29
-39.31
-34.59
-27.71
-19.46
-10.60
-1.74
6.72
14.42
20.99
26.04
29.31
30.79
30.81
29.90
28.68
27.58
26.84
26.47
26.40
26.55
26.81
27.09
27.26
27.17
26.74
25.94
24.78
23.19
21.07
18.30
14.91
11.16
7.43
4.02
0.99
-1.97
-5.42
-9.89
-15.63
-22.49
-29.86
-36.85
-42.36
-45.33
-45.02
-41.22
-34.34
-25.35
-15.41
-5.60
3.41
11.23
17.79
23.04
26.99
29.68
31.20
31.84
31.94
31.86
31.82
31.82
31.66
31.06
29.91
28.28
26.58
25.29
24.76
24.96
25.41
25.35
24.16
21.55
17.74
13.25
8.62
4.23
0.16
-3.68
-7.41
-11.10
-14.83
-18.76
-23.11
-28.04
-33.44
-38.66
-42.65
-44.24
-42.52
-37.31
-29.21
-19.34
-9.02
0.63
8.92
15.60
20.76
24.65
27.57
29.74
31.33
32.42
33.05
33.26
33.09
32.58
31.76
30.66
29.35
27.97
26.75
25.88
25.37
25.01
24.37
22.97
20.51
16.99
12.65
7.95
3.29
-1.10
-5.14
-8.98
-12.86
-17.05
-21.79
-27.15
-32.89
-38.49
-43.12
-45.87
-46.01
-43.16
-37.56
-29.87
-21.05
-12.04
-3.53
4.05
10.53
15.79
19.71
22.28
23.63
24.08
24.09
24.05
24.12
24.19
23.96
23.26
22.14
20.83
19.61
18.51
17.31
15.68
13.38
10.43
7.14
3.88
0.85
-2.00
-4.91
-8.18
-12.01
-16.39
-21.21
-26.29
-31.40
-36.21
-40.19
-42.64
-42.93
-40.63
-35.77
-28.87
-20.77
-12.43
-4.67
2.03
7.53
11.98
15.64
18.77
21.53
23.97
26.11
27.91
29.38
30.56
31.54
32.42
33.23
33.89
34.23
34.02
33.13
31.52
29.34
26.81
24.14
21.44
18.69
15.88
13.03
10.15
7.20
3.95
-0.04
-5.17
-11.49
-18.60
-25.57
-31.38
-35.16
-36.53
-35.61
-32.92
-29.07
-24.65
-20.07
-15.61
-11.46
-7.86
-4.97
-2.92
-1.72
-1.21
-1.09
-1.03
-0.75
-0.24
0.23
0.16
-0.92
-3.25
-6.67
-10.75
-15.04
-19.22
-23.22
-27.12
-31.02
-34.95
-38.88
-43.00
-47.85
-54.26
-62.95
-74.04
-86.54
-98.49
-107.49
-111.56
-109.93
-103.24
-93.13
-81.41
-69.37
-57.50
-45.74
-34.09
-22.83
-12.59
-3.87
3.25
9.19
14.64
20.10
25.72
31.26
36.34
40.66
44.18
47.02
49.42
51.61
53.76
55.99
58.27
60.38
61.94
62.47
61.61
59.22
55.48
50.75
45.43
39.79
33.98
28.23
22.90
18.54
15.70
14.72
15.58
17.92
21.25
25.10
29.16
33.08
36.42
38.55
38.88
37.16
33.54
28.63
23.15
17.69
12.61
8.05
4.15
1.18
-0.57
-0.97
-0.22
1.03
1.96
1.79
0.08
-3.22
-7.75
-13.01
-18.45
-23.65
-28.40
-32.74
-36.87
-41.12
-45.84
-51.11
-56.63
-61.52
-64.48
-64.21
-59.95
-51.84
-40.96
-28.89
-17.16
-6.71
2.21
9.90
16.72
22.78
27.91
31.83
34.47
36.07
37.18
38.32
39.75
41.33
42.62
43.12
42.54
40.91
38.52
35.75
32.85
29.90
26.74
23.20
19.15
14.63
9.73
4.54
-0.97
-6.93
-13.44
-20.51
-27.84
-34.86
-40.72
-44.49
-45.35
-42.82
-36.95
-28.21
-17.55
-6.11
4.96
14.76
22.84
29.24
34.43
39.00
43.36
47.57
51.22
53.70
54.55
53.77
51.83
49.51
47.43
45.80
44.23
42.08
38.87
34.64
30.07
26.09
23.46
22.22
21.65
20.50
17.52
11.99
3.91
-5.99
-16.63
-26.76
-35.36
-41.63
-45.11
-45.66
-43.41
-38.81
-32.31
-24.22
-14.32
-1.95
13.60
32.42
53.34
73.89
90.85
101.55
104.66
100.76
91.87
80.34
67.84
54.65
39.86
21.94
-0.38
-27.70
-59.18
-92.32
-123.08
-146.62
-158.87
-157.93
-145.07
-124.02
-100.14
-77.72
-59.00
-44.25
-32.86
-24.56
-19.80
-19.13
-21.52
-24.93
-25.53
-19.98
-7.51
9.08
24.07
30.88
24.49
4.04
-28.65
-67.40
-104.09
-130.65
-141.22
-133.66
-110.23
-76.87
-40.50
-9.47
11.53
21.22
21.39
15.55
7.48
0.34
-9.16
-11.98
-8.40
1.62
17.02
35.71
55.01
72.30
85.48
93.25
96.12
93.59
87.01
78.38
70.00
63.87
61.23
62.29
66.20
72.18
77.91
82.16
84.21
83.84
81.30
77.17
72.26
67.27
63.12
59.24
55.06
49.60
41.95
31.58
18.79
4.73
-8.77
-19.50
-26.00
-27.35
-23.42
-14.90
-2.91
11.10
25.46
38.32
47.81
52.22
50.63
43.47
32.55
20.66
10.72
4.67
2.87
4.11
6.31
7.58
7.12
5.48
4.12
4.56
7.53
12.55
18.24
22.88
25.24
24.98
22.64
19.10
15.16
11.14
6.97
2.48
-2.35
-7.23
-11.69
-15.40
-18.33
-20.75
-22.96
-25.09
-26.96
-28.35
-29.26
-30.09
-31.56
-34.35
-38.73
-44.46
-50.99
-57.73
-64.33
-70.60
-76.34
-81.08
-84.09
-84.67
-82.50
-77.91
-71.76
-65.12
-58.87
-53.44
-48.94
-45.33
-42.66
-41.11
-40.97
-42.36
-45.15
-48.93
-53.10
-56.92
-59.73
-60.96
-60.25
-57.54
-53.09
-47.50
-41.50
-35.60
-29.97
-24.32
-18.31
-11.84
-5.35
0.38
4.56
6.84
7.63
7.86
8.50
10.09
12.50
15.15
17.42
19.09
20.41
21.83
23.69
26.00
28.49
30.80
32.68
34.11
35.23
36.17
36.91
37.24
36.72
35.01
31.93
27.62
22.52
17.28
12.46
8.43
5.19
2.48
-0.03
-2.55
-4.98
-7.04
-8.40
-8.80
-8.14
-6.48
-3.98
-0.95
2.27
5.36
8.08
10.26
11.81
12.51
12.19
10.67
8.05
4.75
1.59
-0.55
-1.04
0.23
2.84
6.05
9.18
11.78
13.64
14.68
14.77
13.71
11.35
7.68
2.92
-2.49
-8.04
-13.29
-18.01
-22.11
-25.62
-28.60
-31.06
-32.95
-34.31
-35.21
-35.81
-36.34
-36.98
-37.80
-38.72
-39.53
-40.05
-40.24
-40.23
-40.25
-40.43
-40.68
-40.67
-39.93
-38.09
-34.93
-30.47
-24.81
-18.07
-10.37
-1.94
6.80
15.28
22.95
29.51
35.06
39.99
44.72
49.47
54.10
58.21
61.33
63.14
63.50
62.45
60.09
56.58
52.19
47.25
42.08
36.90
31.79
26.64
21.34
15.91
10.57
5.70
1.64
-1.47
-3.77
-5.66
-7.61
-10.10
-13.37
-17.42
-21.87
-25.98
-28.75
-29.13
-26.36
-20.15
-10.88
0.40
12.16
22.71
30.60
34.93
35.47
32.66
27.29
20.26
12.32
4.04
-4.04
-11.39
-17.45
-21.86
-24.63
-26.20
-27.20
-28.11
-29.02
-29.62
-29.49
-28.43
-26.65
-24.70
-23.18
-22.57
-23.06
-24.59
-27.05
-30.30
-34.11
-38.12
-41.77
-44.40
-45.39
-44.42
-41.52
-37.09
-31.71
-26.01
-20.53
-15.65
-11.60
-8.51
-6.46
-5.40
-5.23
-5.79
-6.79
-7.91
-8.80
-9.12
-8.63
-7.29
-5.30
-2.98
-0.80
0.89
1.87
2.11
1.77
1.10
0.36
-0.27
-0.74
-1.32
-2.51
-4.83
-8.57
-13.59
-19.24
-24.54
-28.54
-30.55
-30.32
-28.02
-24.07
-19.03
-13.46
-7.99
-3.11
0.83
3.75
5.90
7.68
9.50
11.42
13.29
14.71
15.35
15.16
14.44
13.80
13.88
15.10
17.38
20.32
23.25
25.50
26.51
25.90
23.46
19.12
13.09
5.93
-1.42
-7.90
-12.58
-15.05
-15.55
-14.94
-14.32
-14.53
-15.79
-17.58
-18.87
-18.57
-15.98
-11.20
-4.89
1.88
8.18
13.48
17.68
20.93
23.35
24.92
25.51
25.14
24.10
22.96
22.29
22.44
23.39
24.83
26.30
27.47
28.12
28.12
27.38
25.80
23.35
20.14
16.42
12.38
8.03
3.17
-2.47
-8.98
-16.03
-22.87
-28.48
-32.01
-32.97
-31.40
-27.76
-22.69
-16.87
-10.87
-5.18
-0.23
3.57
5.88
6.41
4.98
1.53
-3.75
-10.42
-17.71
-24.64
-30.35
-34.33
-36.65
-37.88
-38.79
-40.00
-41.64
-43.36
-44.52
-44.49
-42.88
-39.75
-35.44
-30.63
-26.22
-23.19
-22.34
-24.01
-27.76
-32.34
-35.99
-36.99
-34.28
-27.72
-18.06
-6.56
5.45
16.92
27.15
35.73
42.53
47.57
51.09
53.41
54.85
55.65
55.91
55.72
55.23
54.65
54.13
53.62
52.78
50.98
47.58
42.19
34.89
26.30
17.41
9.20
2.33
-3.17
-7.94
-13.02
-19.39
-27.45
-36.73
-45.90
-53.27
-57.27
-57.08
-52.81
-45.35
-35.99
-26.00
-16.28
-7.34
0.58
7.35
12.74
16.49
18.48
18.90
18.32
17.59
17.61
19.05
22.08
26.37
31.26
36.04
40.18
43.54
46.18
48.24
49.67
50.27
49.75
47.99
45.13
41.49
37.35
32.79
27.69
21.92
15.71
9.71
5.00
2.62
3.15
6.47
11.78
18.00
24.14
29.69
34.56
38.91
42.80
46.05
48.22
48.87
47.85
45.41
42.13
38.59
35.27
32.32
29.70
27.32
25.16
23.27
21.62
20.08
18.37
16.22
13.49
10.19
6.49
2.54
-1.44
-5.38
-9.29
-13.39
-18.01
-23.59
-30.41
-38.37
-46.93
-55.08
-61.60
-65.26
-65.15
-60.72
-51.87
-38.89
-22.37
-3.29
17.17
37.63
56.74
73.38
86.91
97.30
105.02
110.76
114.99
117.77
118.63
116.82
111.80
103.59
92.96
81.34
70.48
62.05
57.44
57.40
61.86
69.92
79.87
89.61
97.14
100.97
100.29
94.84
84.66
69.84
50.73
28.21
3.81
-20.58
-43.20
-62.94
-79.48
-93.09
-104.32
-113.61
-121.13
-126.82
-130.63
-132.66
-133.03
-131.78
-129.02
-125.04
-120.40
-115.52
-110.53
-105.13
-98.82
-91.07
-81.53
-70.22
-57.71
-44.92
-32.90
-22.71
-15.38
-11.84
-13.07
-18.61
-25.82
-31.10
-32.12
-28.77
-22.47
-15.10
-8.06
-1.98
3.26
7.91
11.92
14.92
16.72
17.50
17.80
18.16
19.00
20.46
22.24
23.76
24.39
23.90
22.45
20.41
17.95
14.94
10.99
5.47
-2.16
-12.21
-24.20
-37.17
-50.08
-62.35
-73.86
-84.91
-96.03
-107.55
-119.26
-130.35
-139.93
-147.38
-152.93
-157.31
-161.62
-167.17
-175.26
-187.13
-203.47
-223.86
-246.12
-266.29
-279.07
-279.66
-265.79
-238.74
-202.69
-162.82
-123.03
-84.13
-46.68
-10.56
25.08
60.86
97.03
133.75
171.52
211.08
252.54
294.45
333.84
366.56
388.18
395.62
388.06
367.41
337.44
302.71
267.12
233.51
203.27
176.48
152.38
129.85
107.80
85.34
61.94
37.47
12.61
-11.28
-32.30
-48.35
-57.52
-58.56
-51.25
-36.71
-17.36
3.49
22.24
35.67
41.80
40.24
32.35
20.65
7.87
-3.75
-12.99
-19.50
-23.39
-24.77
-23.61
-20.00
-14.55
-8.70
-4.43
-3.42
-6.13
-11.39
-16.75
-19.50
-18.05
-12.51
-4.58
3.42
9.59
13.12
14.18
13.49
11.74
9.35
6.54
3.54
0.66
-1.72
-3.29
-3.73
-2.76
-0.10
4.43
10.75
18.55
27.34
36.64
45.95
54.88
62.96
69.62
74.28
76.48
76.04
73.07
67.95
61.14
53.18
44.64
36.05
27.72
19.69
11.75
3.59
-4.90
-13.51
-21.73
-29.07
-35.37
-40.79
-45.83
-50.92
-56.24
-61.50
-66.04
-69.07
-70.00
-68.78
-66.02
-62.81
-60.37
-59.57
-60.49
-62.39
-63.90
-63.58
-60.46
-54.33
-45.80
-36.04
-26.45
-18.16
-11.79
-7.37
-4.39
-2.11
0.24
3.09
6.41
9.39
10.36
6.97
-3.07
-20.76
-44.69
-70.73
-93.00
-105.97
-106.56
-95.26
-75.66
-52.61
-30.18
-10.51
5.96
19.36
29.27
34.48
33.51
25.70
11.78
-6.32
-26.18
-45.83
-64.19
-80.90
-95.89
-108.81
-118.79
-124.70
-125.71
-121.68
-113.22
-101.39
-87.12
-71.04
-53.48
-34.79
-15.70
2.77
19.62
34.26
46.73
57.42
66.68
74.57
80.77
84.90
86.86
86.92
85.51
82.88
78.88
72.96
64.54
53.27
39.29
23.31
6.47
-10.08
-25.39
-38.95
-50.67
-60.62
-68.75
-74.75
-78.02
-77.98
-74.44
-67.92
-59.60
-51.00
-43.62
-38.55
-36.39
-37.07
-39.66
-42.03
-40.96
-33.29
-17.33
5.66
31.46
54.25
69.14
74.22
71.27
64.48
58.24
55.16
55.57
58.22
61.60
64.79
67.45
69.18
69.23
66.58
60.56
51.37
40.05
28.13
17.24
8.68
3.26
1.22
2.27
5.57
10.00
14.46
18.30
21.48
24.57
28.33
33.29
39.49
46.30
52.71
57.65
60.48
61.24
60.59
59.47
58.59
58.06
57.35
55.69
52.55
47.97
42.60
37.28
32.71
29.12
26.18
23.32
19.96
15.83
11.01
5.84
0.73
-3.98
-8.25
-12.20
-16.05
-19.96
-23.89
-27.73
-31.32
-34.60
-37.64
-40.58
-43.47
-46.22
-48.74
-50.98
-53.04
-55.08
-57.10
-58.71
-59.14
-57.51
-53.24
-46.39
-37.78
-28.71
-20.49
-14.06
-9.82
-7.75
-7.70
-9.55
-13.26
-18.64
-25.29
-32.53
-39.59
-45.82
-50.87
-54.61
-57.07
-58.21
-57.88
-55.78
-51.65
-45.33
-37.01
-27.25
-16.96
-7.08
1.72
9.38
16.62
24.67
34.71
47.36
62.16
77.46
90.80
99.66
102.46
99.28
91.93
83.40
76.62
73.40
73.81
76.44
79.30
80.77
80.19
77.66
73.59
68.08
60.77
51.13
38.70
23.28
4.67
-17.40
-43.14
-72.14
-102.76
-132.07
-156.23
-171.70
-176.28
-169.69
-153.32
-129.46
-100.57
-68.82
-36.35
-5.44
21.38
41.81
54.47
59.27
57.31
50.27
39.79
27.01
12.82
-1.90
-15.99
-28.23
-37.71
-44.20
-48.18
-50.52
-52.07
-53.40
-54.78
-56.43
-58.58
-61.53
-65.57
-70.83
-77.29
-84.62
-92.14
-98.72
-102.89
-103.11
-98.26
-88.13
-73.52
-56.14
-37.98
-20.81
-5.66
7.19
18.02
27.24
35.09
41.57
46.52
49.87
51.79
52.69
52.92
52.72
52.17
51.29
50.37
49.91
50.54
52.54
55.61
58.94
61.54
62.87
62.99
62.51
62.03
61.73
61.09
59.29
55.63
49.89
42.53
34.32
26.16
18.77
12.69
8.35
6.01
5.77
7.39
10.34
13.92
17.56
20.98
24.27
27.63
31.12
34.53
37.35
39.06
39.29
38.09
35.83
33.03
30.17
27.44
24.92
22.69
20.97
20.06
20.16
21.07
22.12
22.47
21.39
18.74
14.94
10.77
6.92
3.65
0.82
-1.94
-4.85
-7.93
-10.97
-13.88
-16.80
-20.11
-24.17
-28.97
-33.95
-38.05
-40.13
-39.40
-35.81
-29.91
-22.64
-14.89
-7.23
0.09
6.85
12.77
17.45
20.53
21.98
22.13
21.56
20.86
20.32
19.93
19.45
18.63
17.43
16.09
15.06
14.72
15.21
16.26
17.34
17.86
17.46
16.15
14.23
12.07
9.94
7.80
5.45
2.66
-0.63
-4.26
-7.99
-11.68
-15.30
-18.95
-22.65
-26.25
-29.32
-31.31
-31.72
-30.26
-26.89
-21.85
-15.56
-8.60
-1.60
4.76
9.85
13.31
15.12
15.61
15.31
14.69
13.98
13.20
12.26
11.09
9.79
8.58
7.62
6.93
6.35
5.69
4.82
3.79
2.68
1.62
0.57
-0.63
-2.22
-4.30
-6.83
-9.58
-12.35
-15.03
-17.64
-20.32
-23.15
-26.08
-29.03
-31.84
-34.46
-36.82
-38.81
-40.18
-40.56
-39.65
-37.22
-33.35
-28.43
-23.02
-17.80
-13.38
-10.11
-8.09
-7.12
-6.81
-6.65
-6.12
-4.81
-2.50
0.83
4.88
9.19
13.21
16.55
18.99
20.58
21.53
22.01
22.08
21.71
20.88
19.77
18.63
17.63
16.65
15.27
12.92
9.31
4.64
-0.35
-4.76
-7.95
-9.83
-10.96
-12.17
-14.11
-17.06
-20.87
-25.11
-29.33
-33.03
-35.60
-36.33
-34.61
-30.22
-23.54
-15.64
-7.85
-1.36
3.22
6.02
7.70
9.10
10.86
13.18
15.84
18.41
20.40
21.55
21.86
21.63
21.27
21.14
21.42
22.06
22.78
23.28
23.26
22.54
21.07
18.83
15.87
12.23
8.09
3.77
-0.25
-3.47
-5.62
-6.81
-7.54
-8.41
-9.85
-11.84
-13.97
-15.75
-16.96
-17.88
-19.13
-21.29
-24.50
-28.31
-31.85
-34.14
-34.50
-32.69
-28.99
-23.91
-18.05
-11.98
-6.12
-0.78
3.79
7.41
10.08
11.82
12.83
13.27
13.30
12.97
12.35
11.58
10.88
10.61
10.99
12.01
13.32
14.37
14.65
14.01
12.65
10.95
9.30
7.82
6.42
4.93
3.21
1.31
-0.64
-2.55
-4.39
-6.19
-7.97
-9.69
-11.33
-12.98
-14.90
-17.42
-20.72
-24.61
-28.44
-31.28
-32.27
-30.90
-27.30
-22.09
-16.21
-10.55
-5.67
-1.76
1.26
3.60
5.35
6.53
7.12
7.16
6.78
6.16
5.52
4.92
4.39
3.89
3.47
3.26
3.41
4.03
5.02
6.13
7.03
7.44
7.18
6.30
4.95
3.27
1.39
-0.68
-3.00
-5.59
-8.48
-11.69
-15.25
-19.20
-23.43
-27.57
-30.99
-32.86
-32.48
-29.49
-24.11
-17.12
-9.58
-2.60
3.10
7.28
10.07
11.90
13.12
13.97
14.40
14.31
13.57
12.23
10.44
8.44
6.44
4.53
2.72
0.91
-1.00
-3.12
-5.61
-8.58
-12.03
-15.81
-19.55
-22.80
-25.18
-26.54
-27.05
-27.09
-26.99
-27.02
-27.26
-27.76
-28.59
-29.87
-31.66
-33.81
-35.90
-37.22
-37.04
-34.80
-30.34
-23.94
-16.12
-7.55
1.23
9.83
17.86
24.88
30.31
33.58
34.25
32.37
28.44
23.39
18.26
13.95
10.98
9.52
9.36
10.01
10.95
11.68
11.92
11.62
10.85
9.66
7.97
5.62
2.61
-0.78
-4.07
-6.74
-8.58
-9.85
-11.25
-13.47
-16.97
-21.66
-27.00
-32.15
-36.18
-38.26
-37.82
-34.63
-28.93
-21.37
-12.87
-4.36
3.50
10.37
16.18
21.02
24.95
28.04
30.33
31.91
32.91
33.48
33.74
33.76
33.56
33.14
32.50
31.58
30.41
29.02
27.43
25.75
24.03
22.28
20.45
18.49
16.32
13.93
11.31
8.39
5.12
1.39
-2.88
-7.85
-13.50
-19.68
-25.88
-31.25
-34.78
-35.58
-33.31
-28.24
-21.28
-13.54
-6.05
0.65
6.40
11.38
15.69
19.25
21.83
23.19
23.24
22.16
20.28
17.98
15.57
13.27
11.22
9.50
8.18
7.24
6.57
5.95
5.18
4.07
2.57
0.74
-1.32
-3.54
-5.99
-8.90
-12.61
-17.43
-23.44
-30.37
-37.54
-43.98
-48.58
-50.30
-48.50
-43.05
-34.43
-23.65
-12.07
-1.02
8.42
15.72
20.91
24.39
26.71
28.26
29.20
29.52
29.21
28.33
27.11
25.81
24.59
23.53
22.49
21.33
19.94
18.35
16.67
14.97
13.13
10.77
7.50
3.06
-2.51
-8.75
-15.06
-20.96
-26.33
-31.45
-36.75
-42.40
-48.03
-52.69
-55.13
-54.30
-49.79
-41.94
-31.72
-20.35
-8.94
1.79
11.41
19.70
26.47
31.50
34.57
35.66
35.06
33.33
31.22
29.34
27.97
27.11
26.53
26.00
25.41
24.86
24.50
24.37
24.26
23.77
22.46
20.06
16.68
12.67
8.50
4.51
0.75
-3.04
-7.32
-12.59
-19.25
-27.37
-36.65
-46.26
-54.96
-61.29
-63.92
-62.09
-55.81
-45.93
-33.79
-20.87
-8.41
2.73
12.12
19.71
25.73
30.59
34.74
38.46
41.73
44.31
45.84
46.11
45.24
43.63
41.79
40.07
38.50
36.82
34.65
31.74
28.09
24.05
20.05
16.47
13.40
10.55
7.52
3.88
-0.49
-5.42
-10.56
-15.52
-19.94
-23.48
-25.82
-26.81
-26.66
-26.11
-26.16
-27.60
-30.50
-33.93
-36.25
-35.87
-31.92
-24.65
-15.18
-4.92
4.99
13.86
21.32
26.98
30.56
32.07
32.16
32.09
33.28
36.60
41.79
47.51
51.90
53.40
51.33
46.00
38.28
29.31
20.23
12.13
6.10
2.94
2.82
4.98
7.89
9.79
9.51
6.81
2.35
-2.87
-8.15
-13.41
-19.07
-25.64
-33.25
-41.54
-49.72
-56.79
-61.85
-64.23
-63.55
-59.76
-53.08
-43.97
-33.08
-21.20
-9.27
1.70
10.78
17.27
21.01
22.31
21.96
20.87
19.78
19.15
19.11
19.54
20.23
20.92
21.45
21.75
21.80
21.65
21.38
20.96
20.31
19.22
17.52
15.10
12.04
8.57
4.96
1.48
-1.85
-5.18
-8.87
-13.31
-18.82
-25.37
-32.45
-39.18
-44.39
-46.99
-46.22
-41.94
-34.60
-25.15
-14.83
-4.78
4.09
11.34
16.87
20.92
23.75
25.59
26.56
26.70
26.16
25.23
24.27
23.63
23.44
23.56
23.63
23.36
22.59
21.52
20.44
19.66
19.18
18.68
17.71
15.83
12.82
8.78
4.06
-0.89
-5.57
-9.72
-13.25
-16.28
-19.05
-21.84
-24.97
-28.69
-33.09
-37.94
-42.57
-45.98
-47.10
-45.15
-39.87
-31.69
-21.57
-10.73
-0.29
8.89
16.34
21.92
25.78
28.26
29.80
30.81
31.47
31.77
31.64
31.15
30.60
30.40
30.91
32.09
33.61
34.98
35.87
36.39
36.98
38.13
39.92
41.92
43.43
43.87
43.21
41.99
41.04
41.05
42.29
44.57
47.38
50.06
51.88
52.08
49.90
44.81
36.87
26.97
16.70
7.89
1.92
-0.94
-1.76
-2.61
-5.75
-12.83
-24.22
-38.82
-54.60
-69.16
-80.56
-87.76
-90.56
-89.42
-84.87
-77.32
-66.86
-53.56
-37.78
-20.51
-3.33
11.80
23.19
29.91
32.17
31.25
28.98
27.07
26.52
27.44
29.21
30.96
32.05
32.31
32.07
31.77
31.72
31.78
31.29
29.34
25.08
18.14
8.86
-1.72
-12.14
-20.96
-27.13
-30.25
-30.54
-28.70
-25.56
-21.95
-18.48
-15.60
-13.69
-13.13
-14.30
-17.47
-22.67
-29.61
-37.71
-46.21
-54.36
-61.58
-67.57
-72.27
-75.82
-78.48
-80.46
-81.88
-82.75
-83.01
-82.67
-81.77
-80.47
-78.81
-76.84
-74.55
-71.99
-69.33
-66.77
-64.55
-62.78
-61.40
-60.20
-58.86
-57.01
-54.27
-50.35
-45.03
-38.33
-30.59
-22.50
-14.93
-8.68
-4.23
-1.67
-0.78
-1.32
-3.14
-6.27
-10.62
-15.79
-20.85
-24.43
-25.11
-21.94
-14.78
-4.38
7.99
20.88
33.12
43.86
52.61
59.08
63.34
65.81
67.35
68.98
71.35
74.42
77.18
78.17
76.11
70.68
62.78
54.26
47.09
42.63
41.21
42.25
44.89
48.53
53.10
58.84
65.95
74.17
82.70
90.48
96.60
100.67
103.01
104.36
105.72
107.87
111.28
115.86
121.04
125.56
127.67
125.36
116.92
101.63
80.23
54.99
28.95
4.88
-15.87
-33.95
-51.49
-70.99
-93.95
-120.02
-147.11
-172.30
-193.06
-208.02
-216.82
-219.34
-214.83
-201.71
-178.46
-144.92
-103.49
-59.27
-18.70
12.44
31.13
37.92
36.42
31.46
27.14
25.65
27.16
30.73
35.27
40.11
44.88
49.13
52.10
52.96
51.46
48.36
45.36
44.45
46.90
52.71
60.55
68.46
74.65
78.18
79.01
77.76
75.10
71.45
67.07
62.24
57.50
53.54
50.75
48.63
45.63
39.51
28.18
10.78
-11.71
-36.63
-60.54
-80.32
-94.18
-101.94
-104.67
-104.07
-101.69
-98.65
-95.54
-92.65
-90.19
-88.32
-87.03
-86.06
-84.75
-82.30
-77.99
-71.56
-63.35
-54.16
-44.85
-36.01
-27.67
-19.41
-10.78
-1.83
6.67
13.19
15.78
12.76
3.23
-12.48
-32.68
-54.59
-74.81
-89.92
-97.16
-95.06
-83.71
-65.01
-42.37
-20.12
-2.42
7.85
9.94
5.40
-2.63
-10.60
-15.97
-17.91
-17.37
-16.35
-17.01
-20.99
-29.09
-41.14
-55.78
-70.40
-81.33
-84.75
-77.95
-60.57
-35.04
-5.93
21.71
43.93
58.90
66.96
69.83
69.60
68.19
67.09
67.35
69.65
74.02
79.81
85.67
89.94
91.09
88.26
81.39
71.22
59.04
46.27
34.23
23.91
15.93
10.48
7.47
6.59
7.40
9.50
12.50
16.13
20.15
24.35
28.46
32.08
34.74
36.05
35.87
34.38
32.12
29.72
27.69
26.28
25.45
25.14
25.37
26.35
28.22
30.85
33.60
35.46
35.40
32.84
27.91
21.34
14.21
7.40
1.37
-3.87
-8.59
-13.12
-17.78
-22.82
-28.41
-34.44
-40.56
-46.01
-49.89
-51.38
-50.05
-46.04
-39.87
-32.27
-23.95
-15.46
-7.21
0.46
7.30
13.11
17.77
21.20
23.46
24.64
24.94
24.61
23.95
23.21
22.55
21.99
21.50
21.08
20.82
20.80
21.08
21.45
21.50
20.78
18.94
15.98
12.21
8.17
4.35
0.99
-2.02
-5.02
-8.42
-12.49
-17.37
-23.04
-29.28
-35.65
-41.40
-45.52
-46.98
-45.14
-40.00
-32.33
-23.39
-14.42
-6.22
1.08
7.79
14.29
20.65
26.43
30.89
33.30
33.44
31.79
29.39
27.37
26.46
26.67
27.40
27.80
27.32
25.97
24.31
22.95
22.23
21.86
21.24
19.67
16.86
13.00
8.63
4.34
0.47
-2.95
-6.10
-9.14
-12.12
-15.00
-17.79
-20.79
-24.42
-29.05
-34.60
-40.27
-44.75
-46.61
-44.89
-39.47
-31.14
-21.30
-11.41
-2.54
4.83
10.68
15.21
18.56
20.77
21.92
22.21
22.08
22.02
22.39
23.15
23.95
24.19
23.40
21.57
19.14
16.88
15.48
15.32
16.20
17.52
18.45
18.27
16.62
13.59
9.61
5.30
1.13
-2.72
-6.42
-10.31
-14.68
-19.64
-25.00
-30.43
-35.45
-39.49
-41.89
-41.95
-39.14
-33.42
-25.40
-16.24
-7.24
0.65
7.10
12.34
16.68
20.28
22.92
24.26
24.23
23.14
21.60
20.20
19.24
18.63
18.13
17.54
16.86
16.27
16.00
16.10
16.47
16.78
16.63
15.52
13.12
9.29
4.27
-1.32
-6.65
-11.00
-14.06
-16.08
-17.75
-19.91
-23.23
-27.91
-33.61
-39.54
-44.62
-47.82
-48.26
-45.53
-39.75
-31.59
-22.11
-12.46
-3.60
3.92
9.98
14.72
18.40
21.21
23.25
24.56
25.11
24.92
24.08
22.75
21.15
19.56
18.20
17.24
16.74
16.63
16.78
16.97
16.96
16.51
15.42
13.59
11.04
7.87
4.25
0.39
-3.48
-7.13
-10.38
-13.19
-15.75
-18.46
-21.86
-26.31
-31.68
-37.26
-41.91
-44.48
-44.22
-41.09
-35.64
-28.62
-20.77
-12.60
-4.41
3.38
10.23
15.56
19.06
20.84
21.49
21.70
21.98
22.33
22.45
21.96
20.76
19.12
17.60
16.69
16.61
17.15
17.86
18.28
18.12
17.41
16.30
14.90
13.25
11.20
8.58
5.34
1.60
-2.38
-6.26
-9.78
-12.74
-15.14
-17.18
-19.24
-21.85
-25.37
-29.78
-34.51
-38.52
-40.63
-40.01
-36.45
-30.47
-23.06
-15.27
-7.91
-1.42
4.04
8.44
11.77
14.02
15.24
15.53
15.11
14.24
13.22
12.30
11.68
11.45
11.56
11.86
12.13
12.19
12.00
11.65
11.22
10.77
10.10
8.96
7.11
4.51
1.32
-2.12
-5.48
-8.58
-11.44
-14.26
-17.27
-20.63
-24.37
-28.26
-31.81
-34.33
-35.09
-33.57
-29.72
-23.96
-17.07
-9.94
-3.29
2.42
7.00
10.49
13.01
14.75
15.89
16.60
16.91
16.79
16.17
15.09
13.81
12.68
12.02
11.94
12.27
12.69
12.93
12.86
12.50
11.85
10.80
9.14
6.67
3.39
-0.47
-4.56
-8.48
-12.05
-15.27
-18.37
-21.67
-25.36
-29.46
-33.65
-37.35
-39.78
-40.24
-38.28
-33.90
-27.55
-19.99
-12.13
-4.79
1.41
6.15
9.41
11.41
12.52
13.07
13.30
13.23
12.83
12.00
10.78
9.25
7.57
5.80
3.92
1.91
-0.14
-1.96
-3.24
-3.91
-4.31
-5.15
-7.35
-11.50
-17.66
-25.23
-33.18
-40.61
-47.03
-52.72
-58.64
-66.03
-75.93
-88.69
-103.62
-118.93
-131.94
-139.55
-138.79
-127.52
-104.95
-72.00
-31.35
13.09
56.88
96.02
127.73
150.83
165.63
173.37
175.61
173.67
168.40
160.33
149.87
137.61
124.36
111.10
98.72
87.96
79.34
73.33
70.32
70.50
73.37
77.33
79.63
77.14
67.57
50.84
29.47
8.00
-8.76
-17.62
-18.24
-13.03
-5.86
-0.25
1.79
0.07
-4.55
-11.13
-19.27
-28.88
-39.54
-50.04
-58.47
-63.14
-63.57
-61.01
-58.02
-57.16
-59.80
-65.54
-72.54
-78.50
-81.77
-81.86
-79.27
-75.06
-70.27
-65.60
-61.40
-57.78
-54.68
-52.04
-49.76
-47.84
-46.48
-45.99
-46.74
-48.92
-52.37
-56.52
-60.49
-63.41
-64.68
-64.25
-62.69
-60.97
-60.18
-61.11
-64.00
-68.39
-73.25
-77.30
-79.34
-78.54
-74.61
-67.89
-59.18
-49.49
-39.83
-31.03
-23.67
-18.07
-14.35
-12.37
-11.73
-11.79
-11.71
-10.70
-8.17
-3.97
1.68
8.30
15.47
22.97
30.81
39.10
47.66
55.94
63.15
68.48
71.54
72.48
71.90
70.53
68.91
67.15
65.00
61.97
57.57
51.49
43.75
34.82
25.62
17.39
11.43
8.75
9.76
14.08
20.71
28.32
35.64
41.74
46.11
48.60
49.27
48.37
46.25
43.47
40.66
38.43
37.21
37.09
37.80
38.86
39.72
39.94
39.32
37.83
35.60
32.85
29.74
26.41
22.87
19.05
14.88
10.34
5.54
0.72
-3.85
-8.07
-12.14
-16.54
-21.85
-28.32
-35.50
-42.20
-46.82
-47.87
-44.63
-37.44
-27.56
-16.67
-6.23
2.92
10.56
16.84
21.97
26.10
29.35
31.89
34.06
36.20
38.40
40.42
41.69
41.63
39.93
36.74
32.68
28.49
24.71
21.48
18.54
15.43
11.79
7.57
3.02
-1.41
-5.29
-8.47
-11.06
-13.49
-16.38
-20.30
-25.63
-32.26
-39.47
-45.98
-50.22
-50.85
-47.15
-39.46
-29.04
-17.70
-7.24
1.11
6.96
10.69
13.11
14.98
16.72
18.22
19.05
18.80
17.36
15.06
12.52
10.31
8.75
7.76
7.06
6.28
5.34
4.33
3.40
2.61
1.87
0.96
-0.34
-2.12
-4.45
-7.44
-11.25
-15.99
-21.51
-27.30
-32.48
-35.97
-36.79
-34.46
-29.05
-21.33
-12.40
-3.44
4.60
11.22
16.31
20.06
22.71
24.34
24.86
24.08
22.05
19.13
16.01
13.46
11.92
11.32
11.17
10.76
9.65
7.76
5.42
3.09
1.00
-0.87
-2.81
-5.14
-8.04
-11.55
-15.59
-20.15
-25.20
-30.62
-35.97
-40.55
-43.40
-43.64
-40.71
-34.65
-26.10
-16.14
-6.06
3.06
10.52
16.11
20.03
22.71
24.50
25.54
25.81
25.20
23.79
21.82
19.70
17.84
16.38
15.22
14.11
12.82
11.26
9.52
7.76
6.10
4.49
2.85
1.09
-0.86
-3.11
-5.88
-9.59
-14.60
-20.99
-28.29
-35.44
-41.00
-43.64
-42.62
-37.99
-30.55
-21.43
-11.77
-2.46
5.93
13.02
18.64
22.73
25.38
26.87
27.47
27.44
26.94
26.04
24.83
23.43
22.02
20.70
19.44
18.08
16.44
14.45
12.23
9.93
7.82
5.99
4.35
2.67
0.60
-2.19
-5.85
-10.39
-15.67
-21.45
-27.39
-32.97
-37.45
-39.92
-39.53
-35.84
-29.06
-20.07
-10.19
-0.75
7.34
13.74
18.54
22.03
24.49
26.04
26.82
26.94
26.57
25.93
25.11
24.16
23.07
21.88
20.69
19.69
19.03
18.66
18.35
17.68
16.25
13.83
10.45
6.45
2.30
-1.62
-5.17
-8.54
-12.09
-16.22
-21.05
-26.39
-31.67
-36.17
-39.09
-39.84
-38.15
-34.10
-28.07
-20.66
-12.54
-4.34
3.40
10.24
15.91
20.29
23.44
25.56
26.90
27.64
27.77
27.16
25.78
23.76
21.49
19.47
18.09
17.49
17.51
17.79
17.93
17.66
16.86
15.53
13.74
11.48
8.76
5.60
2.08
-1.62
-5.29
-8.74
-11.91
-14.95
-18.18
-22.00
-26.57
-31.72
-36.89
-41.23
-43.88
-44.26
-42.13
-37.63
-31.17
-23.31
-14.68
-5.95
2.21
9.17
14.47
17.86
19.46
19.65
19.01
18.14
17.47
17.11
16.94
16.65
15.94
14.73
13.18
11.64
10.52
10.02
10.03
10.20
10.09
9.35
7.82
5.55
2.70
-0.50
-3.79
-6.93
-9.75
-12.28
-14.79
-17.68
-21.28
-25.58
-29.98
-33.57
-35.31
-34.55
-31.21
-25.79
-19.07
-11.88
-4.85
1.64
7.27
11.81
15.04
16.85
17.37
16.92
15.92
14.75
13.68
12.69
11.72
10.69
9.68
8.95
8.75
9.20
10.06
10.85
10.97
9.99
7.79
4.62
0.95
-2.72
-6.05
-8.95
-11.47
-13.80
-16.12
-18.62
-21.55
-25.11
-29.35
-34.02
-38.41
-41.58
-42.54
-40.66
-36.00
-29.20
-21.29
-13.21
-5.60
1.36
7.64
13.23
17.94
21.44
23.46
23.94
23.13
21.49
19.59
17.90
16.74
16.25
16.38
16.92
17.54
17.85
17.57
16.61
15.10
13.37
11.73
10.31
9.09
7.75
5.93
3.31
-0.21
-4.40
-8.84
-12.95
-16.37
-19.05
-21.37
-23.96
-27.37
-31.74
-36.51
-40.71
-43.19
-43.21
-40.66
-36.00
-29.87
-22.81
-15.15
-7.10
0.89
8.06
13.50
16.70
17.87
17.90
17.91
18.57
19.81
20.99
21.45
21.01
20.15
19.59
19.76
20.46
20.94
20.47
18.83
16.52
14.37
13.02
12.56
12.41
11.78
10.09
7.22
3.47
-0.61
-4.55
-8.11
-11.23
-14.07
-16.79
-19.56
-22.50
-25.66
-29.06
-32.63
-36.21
-39.44
-41.78
-42.50
-40.94
-36.76
-30.19
-22.00
-13.31
-5.19
1.65
7.00
11.03
14.03
16.22
17.70
18.48
18.67
18.46
18.11
17.81
17.64
17.54
17.33
16.87
16.08
15.04
14.02
13.32
13.14
13.43
13.96
14.36
14.26
13.38
11.56
8.75
5.03
0.69
-3.75
-7.73
-10.83
-13.09
-14.98
-17.28
-20.62
-25.18
-30.58
-35.98
-40.41
-43.02
-43.26
-40.86
-35.94
-28.91
-20.57
-11.91
-3.95
2.57
7.43
10.88
13.48
15.79
18.07
20.22
21.86
22.57
22.10
20.56
18.37
16.15
14.49
13.71
13.81
14.48
15.31
15.93
16.18
15.97
15.29
14.01
11.91
8.74
4.45
-0.69
-6.09
-10.99
-14.83
-17.47
-19.35
-21.32
-24.23
-28.56
-34.14
-40.12
-45.36
-48.80
-49.79
-48.20
-44.22
-38.22
-30.61
-21.94
-12.89
-4.34
2.93
8.50
12.40
15.09
17.13
18.87
20.29
21.14
21.21
20.61
19.73
19.02
18.70
18.61
18.35
17.56
16.24
14.77
13.69
13.36
13.64
13.85
13.14
10.87
6.95
1.84
-3.60
-8.53
-12.44
-15.29
-17.43
-19.46
-22.00
-25.48
-30.04
-35.37
-40.78
-45.19
-47.42
-46.59
-42.36
-35.17
-26.02
-16.17
-6.79
1.40
8.16
13.62
17.97
21.32
23.65
24.85
24.93
24.08
22.71
21.26
20.09
19.29
18.77
18.28
17.66
16.85
15.99
15.32
15.00
15.03
15.21
15.12
14.38
12.75
10.32
7.42
4.46
1.63
-1.20
-4.47
-8.70
-14.17
-20.85
-28.24
-35.57
-41.94
-46.48
-48.39
-47.03
-42.15
-34.06
-23.69
-12.45
-1.80
7.22
14.19
19.27
22.91
25.46
27.03
27.55
26.97
25.50
23.48
21.24
18.89
16.39
13.66
10.81
8.08
5.79
4.04
2.64
1.30
-0.33
-2.38
-4.81
-7.47
-10.22
-13.05
-16.06
-19.46
-23.51
-28.53
-34.69
-41.82
-49.13
-55.30
-58.77
-58.33
-53.59
-45.14
-34.28
-22.51
-10.96
-0.20
9.57
18.23
25.54
31.09
34.55
35.91
35.62
34.41
33.01
31.87
30.98
30.04
28.67
26.72
24.40
22.14
20.31
18.91
17.53
15.52
12.36
7.94
2.59
-3.06
-8.45
-13.39
-18.01
-22.73
-28.00
-34.15
-41.27
-49.13
-57.06
-63.91
-68.19
-68.40
-63.62
-53.90
-40.40
-25.05
-9.93
3.28
13.77
21.55
27.22
31.50
34.94
37.74
39.93
41.43
42.37
42.95
43.40
43.79
43.93
43.51
42.28
40.33
38.14
36.36
35.42
35.22
35.06
33.90
31.00
26.24
20.27
14.11
8.61
3.95
-0.40
-5.31
-11.51
-19.32
-28.45
-38.24
-47.74
-55.79
-61.14
-62.58
-59.32
-51.34
-39.60
-25.69
-11.41
1.81
13.21
22.61
30.09
35.75
39.65
41.86
42.62
42.34
41.45
40.34
39.26
38.28
37.44
36.71
36.11
35.68
35.51
35.67
36.11
36.60
36.66
35.70
33.20
28.98
23.31
16.85
10.39
4.57
-0.38
-4.70
-9.07
-14.34
-21.20
-29.89
-39.87
-49.85
-58.04
-62.62
-62.34
-56.91
-47.09
-34.41
-20.70
-7.51
4.12
13.79
21.47
27.28
31.36
33.72
34.40
33.52
31.44
28.69
25.90
23.60
22.09
21.39
21.27
21.39
21.40
21.08
20.28
18.95
17.07
14.67
11.74
8.34
4.49
0.14
-4.83
-10.65
-17.45
-25.18
-33.33
-40.95
-46.75
-49.47
-48.24
-42.88
-34.03
-22.92
-11.05
0.24
10.10
18.23
24.78
30.02
34.10
37.00
38.52
38.56
37.23
34.87
31.98
28.97
26.12
23.58
21.36
19.43
17.74
16.21
14.64
12.79
10.44
7.53
4.13
0.50
-3.14
-6.74
-10.50
-14.84
-20.18
-26.63
-33.76
-40.57
-45.83
-48.35
-47.45
-42.98
-35.30
-25.10
-13.22
-0.68
11.36
21.76
29.67
34.74
37.22
37.77
37.14
35.89
34.21
32.19
29.92
27.65
25.69
24.29
23.41
22.70
21.77
20.25
18.01
15.23
12.19
9.08
5.95
2.66
-0.93
-4.80
-8.78
-12.70
-16.61
-20.93
-26.16
-32.59
-39.84
-46.79
-51.88
-53.71
-51.54
-45.55
-36.62
-25.91
-14.53
-3.31
7.12
16.26
23.74
29.42
33.42
35.98
37.43
37.96
37.72
36.82
35.55
34.23
33.13
32.33
31.72
31.03
30.08
28.83
27.37
25.72
23.78
21.32
18.18
14.33
9.95
5.28
0.52
-4.28
-9.02
-13.55
-17.66
-21.19
-24.26
-27.33
-31.04
-35.91
-41.92
-48.36
-53.89
-57.00
-56.43
-51.64
-43.02
-31.75
-19.47
-7.76
2.30
10.23
16.14
20.41
23.42
25.49
26.84
27.75
28.46
29.12
29.62
29.71
29.13
27.85
26.24
24.91
24.38
24.86
25.98
27.09
27.55
26.96
25.32
22.88
20.00
16.89
13.59
10.03
6.11
1.86
-2.53
-6.79
-10.66
-14.08
-17.16
-20.20
-23.55
-27.49
-32.20
-37.72
-43.94
-50.43
-56.47
-61.01
-62.91
-61.23
-55.71
-46.84
-35.81
-24.11
-13.02
-3.29
4.87
11.63
17.22
21.70
24.97
26.87
27.40
26.80
25.57
24.24
23.25
22.80
22.79
23.01
23.27
23.50
23.81
24.22
24.61
24.60
23.67
21.40
17.65
12.60
6.63
0.14
-6.54
-13.10
-19.19
-24.53
-28.95
-32.62
-36.08
-40.02
-44.96
-51.08
-58.07
-65.31
-72.14
-77.95
-82.20
-84.49
-84.64
-82.70
-79.09
-74.38
-68.94
-62.86
-55.90
-47.82
-38.63
-28.73
-18.63
-8.66
1.31
11.81
23.47
36.68
51.43
67.44
84.26
101.27
117.58
131.92
142.69
148.32
147.83
141.11
129.16
113.71
96.82
80.43
65.98
54.36
45.69
39.44
34.53
29.74
24.22
17.94
11.77
6.99
4.78
5.37
8.12
11.69
14.79
16.68
17.31
17.00
15.88
13.62
9.44
2.67
-6.71
-17.83
-29.06
-38.63
-45.32
-48.92
-50.26
-50.76
-51.64
-53.46
-55.90
-58.13
-59.39
-59.45
-58.69
-57.74
-56.99
-56.24
-54.75
-51.72
-46.78
-40.35
-33.49
-27.49
-23.28
-21.11
-20.62
-21.16
-22.19
-23.46
-24.96
-26.71
-28.63
-30.55
-32.32
-33.87
-35.18
-36.08
-36.16
-34.88
-31.75
-26.66
-20.03
-12.63
-5.36
1.11
6.52
10.93
14.49
17.34
19.44
20.69
20.99
20.42
19.14
17.47
15.74
14.20
13.11
12.59
12.70
13.38
14.48
15.67
16.58
16.78
15.99
14.11
11.30
7.86
4.19
0.61
-2.70
-5.72
-8.51
-11.14
-13.64
-15.98
-18.18
-20.34
-22.64
-25.22
-28.03
-30.65
-32.34
-32.26
-29.84
-25.07
-18.56
-11.38
-4.60
1.09
5.54
9.01
11.88
14.30
16.11
16.97
16.64
15.23
13.24
11.27
9.86
9.18
9.05
9.13
9.12
8.93
8.65
8.46
8.44
8.44
8.21
7.46
6.00
3.87
1.22
-1.69
-4.68
-7.62
-10.46
-13.22
-15.99
-18.81
-21.75
-24.82
-27.88
-30.67
-32.73
-33.53
-32.59
-29.68
-24.94
-18.89
-12.26
-5.81
-0.08
4.68
8.41
11.07
12.64
13.16
12.86
12.14
11.50
11.19
11.13
10.96
10.24
8.84
7.09
5.54
4.66
4.54
4.84
5.05
4.80
4.08
3.06
1.89
0.53
-1.24
-3.66
-6.77
-10.40
-14.28
-18.14
-21.89
-25.50
-28.87
-31.73
-33.63
-34.07
-32.72
-29.47
-24.50
-18.19
-11.08
-3.84
2.91
8.55
12.69
15.32
16.73
17.40
17.76
18.04
18.18
17.95
17.13
15.66
13.74
11.68
9.85
8.49
7.73
7.51
7.66
7.88
7.79
6.98
5.17
2.33
-1.28
-5.18
-8.79
-11.77
-14.19
-16.54
-19.54
-23.76
-29.19
-35.13
-40.32
-43.37
-43.35
-40.11
-34.34
-27.14
-19.57
-12.24
-5.32
1.18
7.18
12.31
16.10
18.26
18.93
18.67
18.22
18.12
18.48
19.01
19.19
18.65
17.40
15.74
14.19
13.17
12.76
12.71
12.51
11.64
9.72
6.75
3.02
-0.97
-4.76
-8.08
-10.99
-13.80
-16.95
-20.84
-25.62
-31.14
-36.86
-41.95
-45.40
-46.30
-44.10
-38.86
-31.22
-22.23
-12.94
-4.18
3.61
10.26
15.68
19.81
22.60
24.15
24.73
24.78
24.64
24.51
24.35
23.94
23.10
21.83
20.28
18.76
17.54
16.80
16.56
16.72
17.06
17.28
17.05
16.12
14.36
11.74
8.45
4.69
0.66
-3.58
-8.06
-12.93
-18.34
-24.34
-30.83
-37.38
-43.31
-47.63
-49.27
-47.37
-41.73
-32.95
-22.33
-11.49
-1.80
6.03
11.89
16.16
19.27
21.55
23.18
24.24
24.81
24.96
24.70
24.02
22.97
21.67
20.35
19.24
18.50
18.16
18.16
18.33
18.45
18.23
17.34
15.55
12.84
9.47
5.84
2.41
-0.69
-3.61
-6.72
-10.47
-15.16
-20.75
-26.83
-32.65
-37.15
-39.26
-38.19
-33.79
-26.61
-17.73
-8.40
0.37
8.08
14.58
19.91
24.06
26.90
28.33
28.43
27.51
25.96
24.17
22.36
20.60
18.86
17.16
15.67
14.63
14.25
14.59
15.40
16.15
16.17
14.94
12.27
8.38
3.82
-0.84
-5.30
-9.60
-13.96
-18.57
-23.46
-28.50
-33.56
-38.54
-43.27
-47.30
-49.79
-49.69
-46.20
-39.16
-29.29
-17.99
-6.79
3.12
11.30
17.86
23.20
27.60
31.08
33.37
34.25
33.76
32.36
30.74
29.56
29.15
29.39
29.87
30.08
29.74
28.84
27.56
26.10
24.49
22.63
20.38
17.64
14.40
10.72
6.64
2.25
-2.32
-6.93
-11.44
-15.93
-20.78
-26.43
-33.20
-40.95
-48.86
-55.62
-59.77
-60.22
-56.59
-49.35
-39.56
-28.55
-17.49
-7.18
2.05
10.15
17.16
23.08
27.83
31.37
33.81
35.30
36.11
36.39
36.24
35.80
35.28
35.02
35.19
35.76
36.39
36.59
36.03
34.69
32.84
30.83
28.83
26.64
23.89
20.25
15.69
10.53
5.31
0.47
-3.74
-7.41
-10.80
-14.24
-18.00
-22.26
-27.11
-32.60
-38.68
-45.09
-51.16
-55.83
-57.85
-56.23
-50.59
-41.42
-30.03
-18.09
-7.11
2.03
9.10
14.48
18.77
22.49
25.94
29.13
31.92
34.15
35.72
36.59
36.81
36.48
35.76
34.95
34.34
34.21
34.68
35.59
36.54
37.05
36.63
35.02
32.20
28.45
24.20
19.93
15.95
12.32
8.90
5.38
1.52
-2.72
-7.15
-11.46
-15.38
-18.82
-21.89
-24.87
-28.08
-31.81
-36.24
-41.32
-46.60
-51.23
-54.11
-54.19
-50.82
-44.07
-34.69
-23.86
-12.83
-2.65
6.05
13.00
18.17
21.69
23.69
24.42
24.23
23.53
22.78
22.32
22.29
22.57
22.86
22.88
22.53
21.91
21.28
20.85
20.65
20.51
20.15
19.31
17.84
15.69
12.91
9.55
5.72
1.55
-2.86
-7.40
-12.02
-16.71
-21.56
-26.64
-31.99
-37.36
-42.18
-45.53
-46.36
-43.94
-38.14
-29.61
-19.63
-9.61
-0.61
6.96
13.21
18.51
23.03
26.65
29.04
29.94
29.40
27.82
25.82
24.01
22.79
22.22
22.10
22.11
21.91
21.37
20.47
19.32
18.05
16.69
15.24
13.57
11.45
8.65
5.01
0.54
-4.52
-9.77
-14.74
-19.15
-22.94
-26.37
-29.90
-33.98
-38.91
-44.57
-50.38
-55.40
-58.51
-58.70
-55.42
-48.69
-39.16
-27.93
-16.34
-5.57
3.54
10.62
15.70
19.15
21.50
23.17
24.51
25.61
26.49
27.09
27.34
27.19
26.62
25.66
24.44
23.15
22.02
21.20
20.73
20.51
20.36
19.95
18.97
17.07
13.99
9.67
4.38
-1.37
-6.89
-11.57
-15.19
-17.96
-20.48
-23.49
-27.59
-32.99
-39.44
-46.20
-52.18
-56.26
-57.43
-55.09
-49.19
-40.28
-29.38
-17.78
-6.72
2.85
10.46
16.11
20.20
23.16
25.37
26.95
27.85
27.96
27.33
26.18
24.91
23.92
23.39
23.25
23.21
23.01
22.52
21.82
21.07
20.37
19.50
18.08
15.69
12.16
7.73
2.93
-1.55
-5.27
-8.19
-10.70
-13.31
-16.44
-20.24
-24.64
-29.42
-34.50
-39.76
-45.01
-49.72
-52.96
-53.65
-50.92
-44.60
-35.28
-24.11
-12.54
-1.78
7.32
14.37
19.24
22.07
23.24
23.35
23.13
23.19
23.80
24.69
25.22
24.76
23.04
20.35
17.39
14.99
13.67
13.41
13.75
13.95
13.44
11.96
9.63
6.77
3.62
0.24
-3.46
-7.58
-12.04
-16.58
-20.95
-25.08
-29.20
-33.59
-38.23
-42.47
-45.09
-44.78
-40.68
-32.96
-22.74
-11.68
-1.32
7.43
14.40
19.89
24.24
27.63
29.94
31.05
31.00
30.06
28.70
27.31
26.05
24.76
23.12
20.91
18.17
15.32
12.93
11.61
11.73
13.29
15.91
18.82
21.10
21.92
20.84
18.00
14.21
10.70
8.64
8.73
10.97
14.69
18.88
22.64
25.32
26.70
26.84
25.97
24.40
22.43
20.47
18.94
18.29
18.84
20.71
23.62
27.01
30.17
32.52
33.85
34.45
34.95
36.05
38.14
41.11
44.31
46.85
47.92
47.08
44.34
39.98
34.42
27.90
20.51
12.23
3.10
-6.71
-16.82
-26.70
-35.83
-43.78
-50.26
-55.14
-58.38
-60.04
-60.22
-59.03
-56.66
-53.42
-49.66
-45.85
-42.39
-39.66
-37.96
-37.63
-39.07
-42.63
-48.32
-55.62
-63.44
-70.38
-75.32
-77.76
-78.04
-76.95
-75.29
-73.36
-70.92
-67.45
-62.54
-56.19
-48.79
-40.88
-32.92
-25.19
-17.83
-11.04
-5.11
-0.38
2.92
4.85
5.77
6.28
6.93
8.05
9.63
11.35
12.79
13.47
13.05
11.31
8.19
4.01
-0.53
-4.30
-6.11
-5.07
-0.95
5.71
13.85
22.36
30.32
37.25
42.98
47.41
50.57
52.52
53.46
53.79
53.88
53.98
54.10
54.07
53.61
52.56
50.86
48.62
45.93
42.83
39.26
35.08
30.12
24.24
17.40
9.69
1.31
-7.36
-15.94
-24.10
-31.64
-38.63
-45.35
-52.28
-59.80
-67.96
-76.22
-83.43
-88.02
-88.45
-83.87
-74.43
-61.45
-47.03
-33.38
-22.05
-13.56
-7.51
-3.11
0.25
2.62
3.57
2.71
0.15
-3.38
-6.66
-8.49
-8.18
-5.84
-2.21
1.59
4.50
5.80
5.26
3.14
0.01
-3.49
-6.84
-9.90
-12.90
-16.31
-20.53
-25.76
-31.96
-38.79
-45.71
-52.04
-56.81
-58.95
-57.38
-51.52
-41.55
-28.58
-14.42
-0.95
10.46
19.32
25.84
30.56
33.96
36.23
37.35
37.34
36.38
34.84
33.17
31.68
30.49
29.50
28.65
27.89
27.26
26.82
26.50
26.02
24.98
22.92
19.60
15.02
9.48
3.49
-2.49
-8.18
-13.58
-18.95
-24.71
-31.20
-38.51
-46.21
-53.32
-58.42
-60.04
-57.14
-49.55
-38.04
-24.18
-9.76
3.70
15.24
24.57
31.84
37.40
41.60
44.72
46.92
48.30
48.88
48.76
48.04
46.94
45.70
44.55
43.69
43.23
43.27
43.86
45.01
46.56
48.02
48.59
47.29
43.13
35.39
23.65
7.91
-11.48
-33.74
-57.79
-82.18
-105.40
-125.98
-142.78
-155.10
-162.69
-165.75
-164.86
-160.89
-154.89
-147.87
-140.43
-132.66
-124.11
-114.13
-102.18
-88.12
-72.06
-54.01
-33.68
-10.74
14.71
41.51
67.42
89.72
106.16
115.94
119.90
119.98
118.22
115.96
113.55
110.60
106.57
101.28
94.92
87.86
80.28
72.05
62.82
52.18
39.90
25.98
10.79
-4.97
-20.27
-33.87
-44.53
-51.38
-54.10
-53.03
-49.05
-43.29
-36.84
-30.64
-25.47
-21.93
-20.43
-21.05
-23.38
-26.57
-29.51
-31.19
-31.02
-29.04
-25.95
-22.93
-21.27
-21.90
-24.89
-29.18
-32.85
-33.61
-29.60
-20.16
-6.00
11.08
28.85
45.33
59.20
69.83
76.92
80.33
79.87
75.36
67.04
55.72
43.01
31.04
21.99
17.59
18.51
24.27
33.39
43.95
54.14
62.77
69.33
73.88
76.71
78.13
78.33
77.47
75.80
73.65
71.42
69.38
67.52
65.57
63.15
59.99
56.08
51.77
47.56
43.92
41.00
38.57
36.15
33.12
29.06
23.86
17.80
11.35
4.94
-1.27
-7.48
-14.04
-21.29
-29.24
-37.59
-45.78
-53.12
-58.82
-62.13
-62.33
-58.87
-51.61
-41.01
-28.10
-14.30
-1.00
10.77
20.52
28.15
33.81
37.62
39.77
40.47
40.10
39.27
38.60
38.50
39.04
39.87
40.34
39.88
38.30
35.87
33.18
30.85
29.12
27.70
25.92
23.07
18.77
13.26
7.20
1.39
-3.70
-8.13
-12.44
-17.33
-23.33
-30.52
-38.50
-46.53
-53.71
-59.08
-61.75
-60.95
-56.24
-47.75
-36.27
-23.22
-10.25
1.29
10.68
17.89
23.40
27.69
30.97
33.19
34.17
33.86
32.52
30.58
28.55
26.80
25.47
24.57
24.01
23.66
23.37
23.02
22.50
21.67
20.37
18.37
15.50
11.68
7.04
1.92
-3.23
-8.10
-12.62
-17.02
-21.64
-26.77
-32.47
-38.44
-44.01
-48.29
-50.29
-49.24
-44.72
-36.94
-26.68
-15.14
-3.63
6.75
15.29
21.75
26.20
28.91
30.15
30.20
29.28
27.61
25.42
22.96
20.54
18.43
16.82
15.77
15.21
14.97
14.90
14.73
14.25
13.19
11.35
8.71
5.42
1.80
-1.84
-5.31
-8.68
-12.18
-16.01
-20.32
-25.08
-30.25
-35.75
-41.40
-46.71
-50.78
-52.45
-50.69
-45.12
-36.33
-25.67
-14.79
-5.02
3.00
9.27
14.14
17.85
20.44
21.77
21.87
21.07
19.91
18.91
18.34
18.07
17.80
17.21
16.25
15.11
14.11
13.46
13.14
12.89
12.34
11.15
9.09
6.15
2.41
-1.91
-6.50
-11.00
-15.06
-18.47
-21.23
-23.63
-26.17
-29.44
-33.91
-39.65
-46.18
-52.46
-57.13
-58.86
-56.83
-51.01
-42.21
-31.85
-21.43
-12.08
-4.31
1.95
7.09
11.51
15.38
18.62
21.00
22.34
22.55
21.83
20.60
19.32
18.40
17.94
17.79
17.56
16.97
15.93
14.69
13.66
13.10
12.94
12.75
11.92
10.07
7.11
3.34
-0.73
-4.62
-8.11
-11.20
-14.13
-17.09
-20.20
-23.54
-27.15
-31.15
-35.57
-40.25
-44.60
-47.63
-48.24
-45.69
-39.91
-31.63
-22.05
-12.40
-3.52
4.27
10.99
16.69
21.31
24.67
26.75
27.75
28.09
28.33
28.93
30.10
31.79
33.74
35.60
37.12
38.23
39.13
40.24
41.93
44.37
47.28
50.04
51.87
52.16
50.77
48.06
44.75
41.56
38.80
36.15
32.59
26.75
17.31
3.63
-14.05
-34.61
-56.28
-77.04
-94.78
-107.63
-114.14
-113.65
-106.60
-94.66
-80.25
-65.74
-52.70
-41.54
-31.75
-22.63
-13.90
-5.93
0.69
5.61
9.18
12.26
15.84
20.44
25.80
30.99
34.83
36.48
35.79
33.41
30.47
28.11
26.93
26.73
26.72
25.96
24.00
21.06
17.97
15.67
14.67
14.85
15.56
15.95
15.32
13.33
9.97
5.31
-0.52
-7.47
-15.35
-23.64
-31.51
-37.82
-41.55
-42.11
-39.67
-35.10
-29.71
-24.77
-21.07
-18.80
-17.69
-17.39
-17.70
-18.64
-20.33
-22.64
-25.17
-27.29
-28.42
-28.29
-27.11
-25.36
-23.63
-22.32
-21.57
-21.25
-21.24
-21.51
-22.13
-23.30
-25.10
-27.43
-30.02
-32.60
-35.08
-37.68
-40.78
-44.55
-48.72
-52.46
-54.57
-54.02
-50.37
-43.97
-35.73
-26.72
-17.78
-9.40
-1.82
4.76
10.07
13.95
16.38
17.67
18.28
18.62
18.87
18.99
18.81
18.28
17.59
17.00
16.73
16.79
16.91
16.75
16.01
14.57
12.49
9.88
6.79
3.23
-0.77
-5.17
-9.78
-14.40
-18.92
-23.37
-28.04
-33.24
-39.17
-45.62
-51.82
-56.54
-58.44
-56.58
-50.79
-41.84
-31.14
-20.26
-10.43
-2.19
4.52
10.17
15.16
19.57
23.16
25.62
26.78
26.72
25.86
24.69
23.66
22.96
22.58
22.39
22.25
22.16
22.11
22.15
22.17
22.00
21.30
19.74
17.13
13.45
8.97
4.11
-0.64
-4.97
-8.89
-12.60
-16.50
-20.91
-26.08
-32.02
-38.56
-45.25
-51.34
-55.79
-57.43
-55.45
-49.53
-40.27
-28.84
-16.74
-5.31
4.55
12.43
18.38
22.67
25.71
27.90
29.62
31.10
32.44
33.58
34.42
34.92
35.12
35.20
35.31
35.51
35.70
35.68
35.24
34.28
32.85
31.13
29.22
27.13
24.68
21.66
17.96
13.67
9.15
4.82
0.99
-2.27
-5.24
-8.40
-12.21
-16.92
-22.47
-28.51
-34.59
-40.22
-44.90
-48.09
-49.13
-47.39
-42.48
-34.53
-24.25
-12.82
-1.55
8.49
16.80
23.26
28.00
31.13
32.68
32.66
31.32
29.22
27.17
25.90
25.79
26.65
27.89
28.82
29.07
28.68
28.02
27.50
27.30
27.17
26.58
24.93
21.91
17.60
12.49
7.23
2.39
-1.78
-5.35
-8.64
-12.11
-16.22
-21.24
-27.26
-33.97
-40.72
-46.42
-49.77
-49.61
-45.39
-37.45
-27.03
-15.78
-5.15
4.04
11.71
18.22
23.87
28.64
32.21
34.25
34.72
34.01
32.72
31.37
30.24
29.30
28.44
27.57
26.82
26.36
26.33
26.59
26.77
26.47
25.34
23.41
20.94
18.27
15.66
13.06
10.20
6.80
2.76
-1.76
-6.37
-10.73
-14.72
-18.54
-22.52
-27.00
-32.16
-37.91
-43.91
-49.53
-53.89
-55.99
-54.99
-50.49
-42.80
-32.85
-21.96
-11.42
-2.08
5.83
12.52
18.38
23.64
28.18
31.64
33.63
34.04
33.17
31.67
30.28
29.58
29.76
30.58
31.57
32.27
32.47
32.18
31.52
30.53
29.07
26.92
23.98
20.33
16.31
12.39
8.91
5.94
3.25
0.43
-2.90
-6.89
-11.32
-15.75
-19.68
-22.86
-25.40
-27.84
-30.92
-35.17
-40.67
-46.80
-52.42
-56.19
-56.97
-54.17
-47.84
-38.62
-27.53
-15.80
-4.60
5.14
12.87
18.52
22.35
24.85
26.49
27.69
28.65
29.47
30.10
30.46
30.44
29.98
29.11
27.97
26.77
25.72
24.93
24.38
23.90
23.26
22.25
20.76
18.75
16.34
13.65
10.76
7.67
4.38
0.87
-2.80
-6.50
-10.12
-13.64
-17.13
-20.71
-24.49
-28.49
-32.64
-36.79
-40.76
-44.24
-46.72
-47.64
-46.34
-42.46
-36.06
-27.71
-18.41
-9.21
-1.00
5.70
10.81
14.52
17.12
18.83
19.76
20.02
19.76
19.17
18.52
17.88
17.14
15.94
13.91
11.00
7.64
4.76
3.47
4.58
8.19
13.58
19.41
24.12
26.51
25.97
22.59
16.95
9.84
1.97
-6.20
-14.47
-22.84
-31.26
-39.43
-46.66
-51.94
-54.21
-52.83
-47.80
-39.91
-30.45
-20.82
-12.10
-4.78
1.17
6.03
10.08
13.42
15.89
17.35
17.72
17.14
15.93
14.47
13.06
11.84
10.83
9.99
9.35
9.01
9.14
9.84
11.07
12.55
13.75
14.05
12.94
10.21
6.12
1.28
-3.58
-7.93
-11.68
-15.11
-18.69
-22.86
-27.77
-33.34
-39.19
-44.85
-49.64
-52.78
-53.44
-50.98
-45.26
-36.76
-26.54
-15.79
-5.54
3.56
11.27
17.46
22.09
25.12
26.65
26.99
26.58
25.93
25.33
24.90
24.57
24.18
23.63
22.89
22.02
21.12
20.33
19.69
19.23
18.74
17.89
16.30
13.77
10.37
6.42
2.38
-1.45
-5.01
-8.43
-11.92
-15.66
-19.81
-24.53
-30.11
-36.63
-43.74
-50.48
-55.33
-56.77
-53.81
-46.56
-36.14
-24.34
-12.86
-2.85
5.31
11.88
17.30
21.81
25.30
27.50
28.24
27.66
26.30
24.79
23.67
23.01
22.59
21.98
20.97
19.68
18.53
18.02
18.40
19.50
20.71
21.31
20.64
18.38
14.67
10.00
5.05
0.43
-3.51
-6.83
-9.86
-13.16
-17.27
-22.60
-29.23
-36.74
-44.24
-50.43
-53.90
-53.57
-49.10
-41.00
-30.52
-19.19
-8.39
1.01
8.65
14.51
18.73
21.51
23.06
23.68
23.68
23.36
22.94
22.49
21.97
21.28
20.36
19.25
18.08
17.04
16.27
15.74
15.21
14.33
12.72
10.23
6.96
3.25
-0.45
-3.86
-6.96
-9.96
-13.27
-17.33
-22.48
-28.69
-35.54
-42.07
-46.94
-48.78
-46.62
-40.28
-30.47
-18.63
-6.41
4.74
13.93
20.89
25.74
28.86
30.62
31.36
31.35
30.91
30.29
29.77
29.55
29.71
30.15
30.69
31.06
31.13
30.99
30.92
31.18
31.79
32.45
32.53
31.39
28.63
24.20
18.34
11.38
3.52
-5.21
-14.83
-25.30
-36.44
-47.87
-58.94
-68.75
-76.06
-79.61
-78.37
-72.17
-61.88
-49.27
-36.52
-25.36
-16.66
-10.25
-5.28
-0.80
3.94
9.19
14.91
20.89
26.97
33.06
38.96
44.33
48.62
51.26
51.74
49.94
46.08
40.73
34.59
28.23
22.04
16.19
10.70
5.57
0.86
-3.34
-6.91
-9.76
-12.01
-13.86
-15.77
-18.27
-21.89
-26.95
-33.43
-40.87
-48.35
-54.68
-58.55
-58.91
-55.23
-47.70
-37.20
-25.09
-12.88
-1.78
7.47
14.71
20.12
23.94
26.36
27.48
27.50
26.88
26.25
26.22
27.10
28.76
30.69
32.30
33.14
33.20
32.73
32.08
31.46
30.73
29.52
27.40
24.11
19.71
14.56
9.19
4.06
-0.56
-4.74
-8.74
-12.96
-17.75
-23.28
-29.55
-36.35
-43.23
-49.50
-54.20
-56.31
-55.04
-50.08
-41.82
-31.28
-19.82
-8.77
0.98
9.06
15.54
20.69
24.70
27.60
29.33
29.84
29.26
27.92
26.22
24.58
23.20
22.15
21.30
20.46
19.43
18.02
16.07
13.43
10.05
5.96
1.26
-3.91
-9.37
-14.89
-20.25
-25.27
-29.94
-34.47
-39.22
-44.49
-50.18
-55.64
-59.66
-60.89
-58.32
-51.74
-41.85
-30.00
-17.65
-5.99
4.33
13.11
20.35
26.08
30.20
32.56
32.97
31.34
27.75
22.47
16.01
9.09
2.50
-3.03
-7.02
-9.40
-10.39
-10.44
-10.03
-9.59
-9.50
-10.05
-11.37
-13.39
-15.79
-18.12
-19.99
-21.33
-22.52
-24.27
-27.35
-32.19
-38.49
-45.17
-50.61
-53.15
-51.56
-45.50
-35.54
-22.94
-9.14
4.54
17.20
28.31
37.59
44.83
49.91
52.83
53.77
53.14
51.41
48.97
46.04
42.78
39.38
36.14
33.50
31.75
30.98
30.94
31.10
30.88
29.84
27.75
24.63
20.71
16.31
11.73
7.32
3.20
-0.74
-4.99
-10.23
-16.99
-25.28
-34.32
-42.65
-48.53
-50.56
-48.16
-41.75
-32.53
-22.06
-11.71
-2.43
5.33
11.56
16.45
20.31
23.42
26.03
28.24
30.01
31.31
32.05
32.23
31.90
31.21
30.30
29.33
28.39
27.50
26.68
25.79
24.66
23.04
20.70
17.54
13.71
9.58
5.57
2.05
-0.96
-3.74
-6.85
-10.89
-16.27
-23.00
-30.65
-38.46
-45.44
-50.57
-52.89
-51.75
-46.96
-38.91
-28.53
-17.18
-6.19
3.46
11.33
17.55
22.52
26.66
30.06
32.56
33.85
33.77
32.47
30.40
28.21
26.42
25.28
24.69
24.42
24.23
23.97
23.58
22.91
21.75
19.85
17.06
13.50
9.52
5.57
2.01
-1.14
-4.16
-7.57
-11.91
-17.46
-24.04
-30.90
-36.84
-40.47
-40.61
-36.71
-29.09
-18.92
-7.85
2.56
11.26
17.90
22.77
26.43
29.36
31.69
33.15
33.40
32.28
29.97
27.01
24.09
21.77
20.23
19.36
18.74
18.01
16.96
15.56
13.92
12.08
9.88
7.08
3.43
-1.09
-6.16
-11.29
-16.03
-20.24
-24.20
-28.48
-33.54
-39.29
-44.91
-49.02
-50.22
-47.66
-41.31
-32.02
-20.98
-9.38
1.99
12.63
22.24
30.42
36.77
41.01
43.14
43.56
42.85
41.47
39.59
37.17
34.10
30.46
26.59
22.96
19.99
17.79
16.16
14.67
12.88
10.55
7.62
4.15
0.23
-4.13
-8.94
-14.22
-19.88
-25.75
-31.71
-37.76
-43.97
-50.34
-56.41
-61.24
-63.54
-62.15
-56.69
-47.73
-36.65
-25.05
-14.16
-4.57
3.70
10.76
16.57
20.88
23.46
24.41
24.21
23.53
22.93
22.54
22.14
21.36
19.97
18.05
16.03
14.41
13.50
13.26
13.28
12.98
11.86
9.73
6.77
3.38
-0.03
-3.23
-6.31
-9.56
-13.33
-17.89
-23.29
-29.47
-36.15
-42.84
-48.79
-53.01
-54.51
-52.57
-46.99
-38.28
-27.43
-15.72
-4.30
6.00
14.73
21.69
26.81
30.06
31.47
31.20
29.69
27.57
25.57
24.20
23.66
23.72
23.83
23.52
22.57
21.17
19.74
18.66
18.01
17.50
16.60
14.81
11.86
7.86
3.18
-1.68
-6.29
-10.45
-14.19
-17.82
-21.80
-26.56
-32.39
-39.11
-46.07
-52.13
-55.93
-56.38
-53.01
-46.16
-36.86
-26.42
-16.02
-6.38
2.16
9.54
15.67
20.35
23.38
24.75
24.68
23.66
22.18
20.62
19.23
18.12
17.37
17.04
17.17
17.72
18.56
19.43
19.97
19.83
18.68
16.40
13.06
8.91
4.31
-0.42
-5.11
-9.76
-14.54
-19.69
-25.39
-31.54
-37.74
-43.26
-47.10
-48.30
-46.19
-40.69
-32.39
-22.40
-12.03
-2.45
5.62
11.92
16.61
20.04
22.51
24.18
25.05
25.09
24.40
23.20
21.80
20.52
19.55
18.97
18.76
18.88
19.20
19.47
19.33
18.31
16.11
12.75
8.54
3.94
-0.63
-5.09
-9.53
-14.20
-19.28
-24.85
-30.88
-37.23
-43.66
-49.63
-54.25
-56.44
-55.19
-50.00
-41.09
-29.53
-16.87
-4.72
5.72
13.92
19.99
24.41
27.69
30.12
31.70
32.31
31.96
30.85
29.40
27.99
26.77
25.64
24.35
22.75
20.93
19.19
17.79
16.74
15.70
14.13
11.59
7.96
3.51
-1.26
-5.85
-10.07
-14.04
-18.15
-22.86
-28.41
-34.80
-41.72
-48.55
-54.52
-58.72
-60.28
-58.53
-53.29
-44.92
-34.27
-22.54
-10.86
-0.05
9.42
17.41
23.88
28.82
32.22
34.18
34.88
34.73
34.17
33.69
33.54
33.78
34.22
34.57
34.54
33.92
32.71
31.08
29.28
27.55
25.93
24.25
22.13
19.16
15.16
10.29
4.96
-0.37
-5.32
-9.77
-13.89
-17.99
-22.40
-27.42
-33.20
-39.71
-46.61
-53.13
-58.15
-60.40
-58.92
-53.43
-44.50
-33.42
-21.72
-10.69
-1.07
7.05
13.96
20.03
25.42
30.01
33.47
35.49
35.99
35.22
33.67
31.92
30.46
29.53
29.11
29.01
29.00
28.93
28.73
28.44
27.99
27.22
25.78
23.34
19.73
15.04
9.65
4.07
-1.14
-5.66
-9.39
-12.51
-15.33
-18.27
-21.77
-26.18
-31.73
-38.35
-45.54
-52.28
-57.20
-58.89
-56.45
-49.82
-39.87
-28.17
-16.38
-5.81
2.96
9.92
15.30
19.34
22.04
23.42
23.61
22.94
21.92
20.97
20.26
19.67
19.04
18.26
17.43
16.82
16.70
17.16
18.02
18.84
19.06
18.21
16.04
12.65
8.39
3.81
-0.55
-4.36
-7.54
-10.36
-13.26
-16.74
-21.11
-26.41
-32.21
-37.74
-42.00
-43.97
-42.92
-38.62
-31.46
-22.33
-12.35
-2.63
6.02
13.21
18.87
23.13
26.20
28.18
29.14
29.05
28.01
26.17
23.92
21.71
19.92
18.72
18.01
17.52
16.98
16.24
15.30
14.23
13.04
11.60
9.67
7.08
3.79
-0.01
-4.05
-8.09
-12.00
-15.77
-19.55
-23.56
-28.15
-33.54
-39.67
-45.97
-51.37
-54.59
-54.50
-50.64
-43.29
-33.47
-22.52
-11.71
-1.93
6.40
13.17
18.46
22.34
24.89
26.16
26.28
25.54
24.31
22.98
21.83
20.99
20.37
19.79
19.12
18.33
17.48
16.65
15.84
14.96
13.86
12.36
10.33
7.71
4.49
0.74
-3.40
-7.71
-12.02
-16.20
-20.40
-24.92
-30.08
-36.05
-42.56
-48.82
-53.64
-55.80
-54.37
-49.19
-40.90
-30.74
-20.17
-10.33
-1.79
5.46
11.66
17.01
21.43
24.68
26.60
27.33
27.33
27.19
27.26
27.57
27.83
27.65
26.88
25.62
24.23
23.09
22.40
22.13
21.96
21.47
20.16
17.73
14.10
9.48
4.32
-0.89
-5.80
-10.29
-14.49
-18.74
-23.38
-28.66
-34.59
-40.86
-46.82
-51.52
-53.98
-53.50
-49.96
-43.75
-35.60
-26.33
-16.53
-6.68
2.77
11.25
18.17
23.07
25.89
26.95
26.82
26.03
24.86
23.40
21.66
19.77
18.07
17.01
16.85
17.62
18.98
20.31
20.99
20.58
18.98
16.45
13.41
10.26
7.13
3.96
0.52
-3.30
-7.45
-11.80
-16.29
-21.09
-26.42
-32.32
-38.35
-43.50
-46.42
-46.01
-41.86
-34.48
-25.08
-15.13
-5.77
2.40
9.30
15.12
19.91
23.63
26.17
27.56
28.02
27.91
27.50
26.85
25.88
24.47
22.66
20.73
19.07
17.98
17.46
17.20
16.70
15.51
13.50
10.75
7.56
4.18
0.71
-2.97
-7.06
-11.71
-16.93
-22.60
-28.51
-34.50
-40.43
-45.98
-50.55
-53.25
-53.15
-49.60
-42.70
-33.21
-22.42
-11.67
-1.87
6.54
13.60
19.44
24.12
27.57
29.66
30.43
30.13
29.22
28.16
27.32
26.79
26.47
26.15
25.61
24.84
23.96
23.07
22.20
21.12
19.52
17.06
13.65
9.43
4.77
0.01
-4.60
-8.96
-13.02
-16.78
-20.34
-23.97
-28.19
-33.45
-39.87
-46.83
-53.06
-56.93
-57.12
-53.20
-45.75
-36.07
-25.62
-15.42
-5.87
3.03
11.28
18.66
24.68
28.88
31.19
31.97
31.90
31.67
31.61
31.72
31.71
31.34
30.54
29.48
28.41
27.51
26.75
25.94
24.82
23.19
20.95
18.13
14.82
11.09
7.00
2.55
-2.20
-7.11
-12.01
-16.77
-21.40
-26.14
-31.34
-37.22
-43.61
-49.83
-54.79
-57.31
-56.49
-52.05
-44.36
-34.28
-22.96
-11.50
-0.94
7.89
14.34
18.09
19.26
18.52
17.02
16.16
17.17
20.72
26.63
33.92
41.09
46.73
49.94
50.59
49.24
46.76
43.97
41.37
39.03
36.75
34.18
31.04
27.22
22.75
17.84
12.71
7.55
2.45
-2.61
-7.61
-12.45
-16.96
-20.90
-24.09
-26.39
-27.66
-27.66
-26.06
-22.54
-17.04
-9.87
-1.78
6.19
13.05
18.04
20.80
21.44
20.36
18.14
15.31
12.24
9.12
6.06
3.15
0.59
-1.36
-2.49
-2.81
-2.57
-2.18
-2.09
-2.60
-3.89
-5.95
-8.69
-11.87
-15.14
-18.13
-20.60
-22.58
-24.43
-26.77
-30.14
-34.76
-40.33
-46.08
-50.88
-53.60
-53.31
-49.55
-42.41
-32.66
-21.54
-10.46
-0.68
6.97
12.28
15.47
17.08
17.71
17.87
17.92
18.07
18.36
18.70
18.94
18.87
18.40
17.56
16.48
15.35
14.27
13.32
12.51
11.78
11.00
9.91
8.17
5.49
1.76
-2.84
-7.90
-12.96
-17.70
-22.20
-26.77
-31.78
-37.24
-42.61
-46.84
-48.74
-47.46
-42.86
-35.56
-26.62
-17.14
-7.89
0.72
8.47
15.08
20.25
23.72
25.54
26.11
26.05
25.86
25.75
25.52
24.82
23.45
21.51
19.37
17.48
16.17
15.49
15.26
15.18
14.89
14.09
12.53
10.10
6.78
2.67
-2.03
-7.05
-12.08
-16.91
-21.53
-26.21
-31.29
-36.94
-42.89
-48.16
-51.37
-51.17
-46.91
-38.95
-28.62
-17.66
-7.52
0.99
7.77
13.07
17.07
19.74
20.96
20.79
19.64
18.17
16.97
16.33
16.06
15.68
14.66
12.73
9.98
6.77
3.62
1.02
-0.75
-1.69
-2.12
-2.58
-3.74
-6.20
-10.26
-15.83
-22.38
-29.03
-34.69
-38.46
-39.91
-39.31
-37.61
-36.04
-35.61
-36.53
-38.09
-38.84
-37.20
-32.18
-23.73
-12.66
-0.16
12.74
25.46
37.82
49.69
60.44
69.01
74.12
74.84
71.17
64.04
55.15
46.27
38.73
33.12
29.43
27.29
26.24
25.93
25.98
25.95
25.28
23.51
20.49
16.41
11.79
7.16
2.96
-0.57
-3.40
-5.58
-7.37
-9.19
-11.69
-15.56
-21.22
-28.48
-36.48
-43.82
-48.98
-50.90
-49.22
-44.34
-37.12
-28.56
-19.54
-10.73
-2.59
4.61
10.81
16.15
20.87
25.23
29.23
32.49
34.33
34.05
31.39
26.78
21.45
17.00
14.87
15.80
19.58
25.16
31.07
35.92
38.75
39.12
36.99
32.54
26.06
17.95
8.76
-0.82
-10.09
-18.51
-25.80
-31.85
-36.47
-39.20
-39.41
-36.64
-30.99
-23.35
-15.19
-7.97
-2.57
0.98
3.27
4.96
6.35
7.20
7.11
5.89
3.83
1.62
-0.05
-0.79
-0.70
-0.22
0.19
0.24
-0.06
-0.45
-0.58
-0.24
0.59
1.66
2.53
2.68
1.70
-0.51
-3.77
-7.69
-11.80
-15.68
-18.94
-21.14
-21.81
-20.47
-16.89
-11.16
-3.79
4.46
12.76
20.37
26.72
31.44
34.34
35.43
34.94
33.24
30.81
27.99
24.99
21.90
18.81
15.88
13.36
11.45
10.17
9.21
8.09
6.37
3.91
0.89
-2.20
-4.84
-6.89
-8.59
-10.61
-13.68
-18.24
-24.09
-30.44
-36.05
-39.64
-40.34
-37.90
-32.70
-25.59
-17.51
-9.33
-1.67
5.08
10.67
15.00
18.04
19.92
20.77
20.76
19.96
18.37
15.97
12.89
9.48
6.24
3.65
1.92
0.94
0.27
-0.48
-1.52
-2.80
-4.08
-5.26
-6.47
-8.02
-10.28
-13.43
-17.45
-22.14
-27.41
-33.09
-38.96
-44.35
-48.16
-49.05
-46.00
-38.90
-28.66
-17.05
-5.98
3.14
9.74
14.09
16.79
18.47
19.42
19.76
19.64
19.31
19.09
19.21
19.52
19.60
18.96
17.34
14.94
12.36
10.27
9.15
8.99
9.35
9.62
9.40
8.57
7.26
5.63
3.63
1.05
-2.32
-6.59
-11.54
-16.76
-21.66
-25.64
-28.12
-28.59
-26.70
-22.38
-16.04
-8.45
-0.66
6.30
11.77
15.48
17.63
18.61
18.90
18.91
18.88
18.92
19.03
19.22
19.49
19.84
20.18
20.33
19.97
18.80
16.61
13.44
9.54
5.26
0.96
-3.11
-6.81
-10.09
-12.92
-15.30
-17.26
-18.95
-20.62
-22.62
-25.31
-28.92
-33.36
-38.08
-42.13
-44.34
-43.72
-39.84
-32.98
-24.07
-14.43
-5.26
2.53
8.56
12.80
15.48
16.87
17.20
16.66
15.41
13.67
11.64
9.59
7.80
6.56
6.03
6.18
6.75
7.27
7.28
6.47
4.94
3.00
1.11
-0.38
-1.44
-2.31
-3.48
-5.40
-8.42
-12.68
-18.03
-24.08
-30.13
-35.30
-38.59
-39.17
-36.58
-30.91
-22.87
-13.55
-4.22
4.01
10.39
14.68
17.09
18.04
17.97
17.15
15.79
14.07
12.32
10.94
10.24
10.19
10.40
10.31
9.48
7.93
6.13
4.70
4.08
4.14
4.26
3.62
1.70
-1.50
-5.42
-9.28
-12.48
-14.92
-17.04
-19.58
-23.24
-28.22
-34.12
-39.82
-43.88
-44.98
-42.41
-36.29
-27.60
-17.77
-8.27
-0.12
6.31
11.13
14.69
17.31
19.16
20.23
20.52
20.08
19.11
17.87
16.63
15.52
14.54
13.60
12.55
11.37
10.13
8.93
7.83
6.71
5.35
3.51
1.08
-1.85
-4.95
-7.95
-10.77
-13.53
-16.58
-20.17
-24.37
-28.92
-33.24
-36.51
-37.93
-36.80
-32.81
-26.15
-17.46
-7.76
1.79
10.23
16.95
21.79
24.96
26.82
27.75
28.04
27.91
27.52
26.96
26.26
25.35
24.12
22.51
20.53
18.38
16.34
14.71
13.64
13.12
12.92
12.67
11.95
10.47
8.10
4.97
1.42
-2.16
-5.51
-8.65
-11.86
-15.58
-20.26
-26.02
-32.53
-38.93
-44.02
-46.58
-45.73
-41.20
-33.47
-23.58
-12.83
-2.47
6.55
13.70
18.82
21.98
23.51
23.86
23.59
23.14
22.83
22.66
22.44
21.96
21.14
20.09
19.03
18.16
17.50
16.96
16.33
15.45
14.21
12.59
10.54
8.01
4.99
1.61
-1.85
-5.04
-7.76
-10.12
-12.61
-15.89
-20.45
-26.18
-32.28
-37.30
-39.72
-38.44
-33.31
-25.15
-15.42
-5.70
2.88
9.77
15.00
18.91
21.85
24.01
25.43
26.09
26.03
25.36
24.24
22.75
20.97
18.93
16.76
14.69
13.01
11.88
11.23
10.73
9.88
8.28
5.81
2.70
-0.69
-4.03
-7.21
-10.27
-13.35
-16.55
-19.92
-23.60
-27.76
-32.47
-37.42
-41.73
-44.10
-43.24
-38.48
-30.13
-19.51
-8.42
1.52
9.37
15.03
18.96
21.74
23.67
24.77
24.94
24.21
22.84
21.26
19.84
18.77
18.00
17.37
16.77
16.19
15.76
15.57
15.53
15.37
14.71
13.22
10.79
7.59
3.99
0.33
-3.23
-6.72
-10.29
-14.15
-18.42
-23.17
-28.41
-33.98
-39.47
-44.07
-46.65
-46.09
-41.78
-33.94
-23.68
-12.63
-2.40
5.97
12.16
16.51
19.59
21.90
23.68
24.91
25.50
25.37
24.62
23.41
22.00
20.55
19.17
17.89
16.69
15.61
14.68
13.95
13.34
12.64
11.50
9.62
6.91
3.56
-0.05
-3.46
-6.39
-8.88
-11.26
-14.07
-17.82
-22.72
-28.54
-34.50
-39.48
-42.27
-41.95
-38.15
-31.19
-22.01
-11.91
-2.22
6.03
12.30
16.58
19.30
21.02
22.21
23.06
23.51
23.35
22.55
21.29
19.97
18.99
18.53
18.47
18.54
18.42
17.97
17.08
15.78
14.04
11.81
9.14
6.16
3.05
0.01
-2.90
-5.75
-8.69
-11.89
-15.44
-19.37
-23.63
-28.07
-32.34
-35.82
-37.65
-36.98
-33.23
-26.48
-17.54
-7.77
1.33
8.64
13.71
16.81
18.59
19.76
20.67
21.30
21.36
20.68
19.35
17.74
16.31
15.35
14.83
14.50
14.11
13.53
12.86
12.29
11.91
11.57
10.87
9.38
6.87
3.48
-0.32
-4.01
-7.31
-10.37
-13.72
-17.90
-23.04
-28.53
-33.12
-35.29
-33.99
-29.05
-21.29
-12.22
-3.36
4.18
10.01
14.21
17.10
18.88
19.56
19.05
17.38
14.79
11.78
8.92
6.68
5.30
4.75
4.76
5.03
5.22
5.18
4.86
4.23
3.32
2.03
0.22
-2.29
-5.49
-9.29
-13.50
-17.93
-22.54
-27.23
-31.82
-35.74
-38.16
-38.17
-35.22
-29.40
-21.55
-12.96
-4.90
1.84
7.06
11.08
14.35
17.13
19.43
21.00
21.59
21.07
19.56
17.42
15.11
13.08
11.60
10.65
9.99
9.26
8.23
6.84
5.17
3.39
1.51
-0.51
-2.83
-5.58
-8.79
-12.49
-16.81
-21.91
-27.83
-34.23
-40.20
-44.31
-45.16
-41.91
-34.74
-24.83
-13.94
-3.73
4.81
11.49
16.69
20.84
24.17
26.49
27.51
27.10
25.49
23.24
21.00
19.19
17.93
17.09
16.41
15.76
15.14
14.53
13.88
12.95
11.47
9.19
6.12
2.51
-1.25
-4.79
-8.06
-11.40
-15.42
-20.68
-27.28
-34.67
-41.63
-46.65
-48.39
-46.13
-39.97
-30.79
-19.95
-8.85
1.35
9.91
16.51
21.12
23.93
25.28
25.54
25.17
24.62
24.23
24.19
24.44
24.68
24.51
23.62
22.00
20.00
18.17
16.99
16.63
16.83
16.98
16.39
14.55
11.37
7.09
2.23
-2.68
-7.22
-11.20
-14.73
-18.10
-21.76
-26.05
-31.11
-36.68
-42.08
-46.32
-48.33
-47.23
-42.54
-34.48
-23.89
-12.15
-0.87
8.58
15.48
19.95
22.76
24.97
27.33
30.01
32.56
34.27
34.58
33.47
31.42
29.20
27.46
26.47
26.16
26.21
26.31
26.26
25.96
25.30
24.15
22.35
19.90
16.89
13.50
9.86
5.98
1.81
-2.63
-7.15
-11.43
-15.11
-18.08
-20.59
-23.18
-26.49
-30.90
-36.29
-41.94
-46.71
-49.36
-48.95
-45.17
-38.36
-29.40
-19.40
-9.32
0.11
8.44
15.33
20.52
23.84
25.40
25.56
24.92
24.07
23.38
22.89
22.37
21.65
20.68
19.64
18.83
18.44
18.52
18.91
19.40
19.78
19.80
19.15
17.49
14.54
10.20
4.76
-1.18
-6.83
-11.53
-14.93
-17.19
-18.93
-20.99
-24.15
-28.83
-34.71
-40.82
-45.70
-47.89
-46.47
-41.40
-33.50
-24.10
-14.40
-5.14
3.45
11.35
18.32
23.79
27.05
27.72
26.14
23.35
20.61
18.88
18.38
18.69
19.09
19.10
18.71
18.27
18.12
18.27
18.34
17.77
16.13
13.31
9.64
5.60
1.72
-1.72
-4.71
-7.42
-10.21
-13.39
-17.16
-21.55
-26.45
-31.68
-36.97
-41.97
-46.12
-48.65
-48.70
-45.57
-39.01
-29.55
-18.41
-7.14
2.81
10.52
15.71
18.51
19.24
18.20
15.64
11.94
7.76
3.93
1.26
0.26
0.90
2.65
4.71
6.37
7.17
7.07
6.27
5.05
3.65
2.10
0.30
-1.97
-4.88
-8.52
-12.80
-17.49
-22.33
-27.19
-32.08
-37.12
-42.44
-48.08
-53.84
-59.33
-63.94
-66.99
-67.78
-65.79
-60.75
-52.73
-42.29
-30.32
-17.97
-6.30
3.89
12.23
18.73
23.65
27.32
30.02
32.02
33.60
35.06
36.79
39.06
41.98
45.37
48.89
52.13
54.86
57.01
58.71
60.11
61.26
62.02
62.07
61.05
58.69
54.94
49.92
43.93
37.27
30.15
22.56
14.28
4.94
-5.82
-18.17
-31.87
-46.20
-59.91
-71.41
-79.13
-81.92
-79.41
-72.11
-61.34
-48.76
-35.95
-24.03
-13.48
-4.30
3.77
10.95
17.19
22.31
26.03
28.27
29.19
29.21
28.77
28.21
27.63
27.04
26.51
26.30
26.82
28.31
30.62
33.00
34.38
33.73
30.59
25.33
18.92
12.51
6.92
2.44
-1.15
-4.34
-7.59
-11.24
-15.52
-20.59
-26.47
-32.95
-39.35
-44.60
-47.51
-47.12
-43.13
-36.02
-26.85
-16.94
-7.41
1.06
8.31
14.45
19.59
23.63
26.33
27.45
27.06
25.56
23.51
21.45
19.72
18.39
17.42
16.71
16.26
16.04
15.85
15.40
14.32
12.35
9.62
6.47
3.35
0.52
-2.09
-4.81
-8.04
-12.02
-16.78
-22.14
-27.86
-33.66
-39.17
-43.79
-46.68
-46.88
-43.69
-36.98
-27.41
-16.22
-4.89
5.40
14.00
20.80
25.98
29.76
32.23
33.38
33.21
31.94
30.02
27.98
26.33
25.28
24.73
24.37
23.92
23.27
22.53
21.94
21.65
21.54
21.28
20.40
18.59
15.86
12.39
8.45
4.17
-0.51
-5.83
-12.03
-19.17
-27.14
-35.51
-43.50
-50.10
-54.13
-54.61
-51.04
-43.62
-33.28
-21.54
-9.94
0.24
8.40
14.56
19.10
22.47
24.87
26.26
26.48
25.60
24.02
22.39
21.32
21.00
21.16
21.19
20.55
19.08
17.11
15.21
13.77
12.84
11.98
10.65
8.42
5.12
0.97
-3.75
-8.72
-13.82
-19.09
-24.74
-30.97
-37.80
-44.87
-51.36
-56.15
-58.03
-56.15
-50.38
-41.34
-30.22
-18.43
-7.18
2.75
10.93
17.30
21.97
25.17
27.26
28.56
29.36
29.71
29.54
28.71
27.23
25.38
23.59
22.25
21.48
21.07
20.56
19.53
17.80
15.43
12.64
9.63
6.47
3.20
-0.23
-3.80
-7.61
-11.84
-16.80
-22.89
-30.23
-38.47
-46.71
-53.59
-57.70
-57.97
-53.99
-46.14
-35.44
-23.23
-10.84
0.62
10.44
18.32
24.20
28.23
30.63
31.65
31.59
30.76
29.50
28.07
26.63
25.21
23.79
22.38
21.07
19.96
19.10
18.36
17.44
15.96
13.66
10.41
6.36
1.78
-3.03
-7.74
-12.12
-16.09
-19.83
-23.74
-28.29
-33.67
-39.45
-44.53
-47.43
-46.87
-42.32
-34.26
-24.03
-13.21
-3.17
5.32
12.12
17.43
21.46
24.32
25.98
26.42
25.77
24.32
22.46
20.65
19.24
18.40
18.09
18.06
17.95
17.47
16.43
14.84
12.80
10.40
7.66
4.56
1.07
-2.77
-6.91
-11.36
-16.29
-21.94
-28.48
-35.70
-42.83
-48.59
-51.49
-50.28
-44.53
-34.79
-22.51
-9.62
2.08
11.49
18.33
23.08
26.48
29.03
30.88
31.80
31.55
30.20
28.14
25.91
24.00
22.57
21.57
20.83
20.24
19.72
19.14
18.28
16.80
14.43
11.15
7.22
2.98
-1.22
-5.32
-9.41
-13.76
-18.64
-24.21
-30.58
-37.57
-44.66
-50.90
-54.99
-55.63
-52.07
-44.35
-33.43
-20.86
-8.26
3.15
12.73
20.40
26.32
30.63
33.39
34.63
34.53
33.50
32.10
30.86
30.06
29.62
29.24
28.58
27.50
26.07
24.53
23.02
21.48
19.64
17.17
13.90
9.89
5.45
0.94
-3.36
-7.45
-11.55
-16.08
-21.52
-28.20
-36.08
-44.63
-52.69
-58.73
-61.19
-59.02
-52.09
-41.32
-28.38
-15.15
-3.15
6.78
14.51
20.36
24.76
28.03
30.34
31.78
32.41
32.37
31.82
30.93
29.86
28.70
27.49
26.22
24.89
23.55
22.39
21.63
21.36
21.32
20.91
19.38
16.20
11.39
5.51
-0.59
-6.15
-10.88
-14.94
-18.84
-23.12
-28.17
-34.12
-40.78
-47.60
-53.67
-57.81
-58.76
-55.68
-48.44
-37.81
-25.24
-12.47
-0.97
8.42
15.50
20.57
24.08
26.35
27.51
27.64
26.91
25.70
24.53
23.82
23.63
23.66
23.48
22.83
21.81
20.89
20.45
20.51
20.55
19.74
17.40
13.41
8.33
3.09
-1.52
-5.24
-8.36
-11.50
-15.19
-19.66
-24.85
-30.54
-36.36
-41.79
-46.03
-48.00
-46.70
-41.64
-33.18
-22.51
-11.24
-0.82
7.80
14.34
19.01
22.15
24.05
24.93
25.02
24.60
23.99
23.42
22.98
22.54
21.91
20.95
19.64
18.13
16.66
15.39
14.35
13.37
12.17
10.46
8.13
5.16
1.71
-2.08
-6.10
-10.29
-14.68
-19.35
-24.39
-29.94
-35.96
-42.16
-47.83
-51.86
-53.01
-50.35
-43.68
-33.69
-21.81
-9.76
1.05
9.79
16.39
21.24
24.83
27.52
29.37
30.36
30.42
29.71
28.51
27.12
25.74
24.38
22.95
21.41
19.84
18.44
17.43
16.87
16.56
16.03
14.74
12.29
8.57
3.80
-1.57
-7.04
-12.24
-16.99
-21.30
-25.37
-29.54
-34.26
-39.80
-46.07
-52.44
-57.72
-60.43
-59.37
-53.98
-44.64
-32.59
-19.42
-6.65
4.66
13.97
21.18
26.35
29.63
31.24
31.43
30.66
29.42
28.22
27.44
27.24
27.50
27.86
27.89
27.26
25.92
24.10
22.22
20.63
19.43
18.32
16.84
14.54
11.31
7.35
3.00
-1.45
-5.91
-10.47
-15.30
-20.54
-26.23
-32.40
-38.97
-45.66
-51.88
-56.62
-58.67
-56.95
-51.00
-41.28
-29.09
-16.22
-4.35
5.45
12.85
18.16
21.99
24.84
26.98
28.43
29.15
29.17
28.66
27.81
26.78
25.60
24.27
22.88
21.63
20.77
20.49
20.71
21.10
21.10
20.23
18.16
14.83
10.49
5.51
0.34
-4.64
-9.15
-13.07
-16.52
-19.79
-23.35
-27.63
-32.84
-38.79
-44.67
-49.33
-51.46
-50.09
-44.92
-36.53
-26.09
-15.06
-4.66
4.37
11.80
17.72
22.32
25.66
27.72
28.47
28.01
26.59
24.66
22.62
20.78
19.29
18.15
17.35
16.84
16.60
16.55
16.49
16.15
15.17
13.31
10.45
6.78
2.60
-1.72
-6.00
-10.22
-14.58
-19.39
-24.90
-31.15
-37.85
-44.25
-49.33
-51.96
-51.25
-46.85
-39.13
-28.98
-17.71
-6.59
3.36
11.60
17.94
22.47
25.37
26.80
26.92
25.95
24.23
22.20
20.30
18.76
17.59
16.56
15.41
14.08
12.79
11.89
11.60
11.81
12.00
11.49
9.77
6.77
2.81
-1.54
-5.80
-9.80
-13.62
-17.54
-21.77
-26.47
-31.61
-37.07
-42.45
-47.07
-49.91
-49.88
-46.30
-39.11
-29.16
-17.88
-6.79
2.99
11.01
17.40
22.72
27.43
31.87
36.17
40.32
44.27
47.95
51.20
53.80
55.48
56.07
55.59
54.25
52.33
50.14
47.83
45.44
42.84
39.94
36.56
32.61
28.00
22.80
17.20
11.59
6.41
1.91
-1.98
-5.84
-10.48
-16.75
-25.08
-35.26
-46.33
-56.76
-64.75
-68.72
-67.79
-62.08
-52.80
-41.87
-31.34
-22.75
-16.74
-12.99
-10.71
-9.04
-7.52
-6.11
-5.09
-4.65
-4.73
-4.95
-4.78
-3.81
-1.92
0.69
3.64
6.51
8.99
10.88
12.04
12.34
11.63
9.79
6.85
2.98
-1.53
-6.45
-11.72
-17.44
-23.77
-30.64
-37.54
-43.53
-47.42
-48.11
-45.06
-38.44
-29.13
-18.46
-7.74
1.94
10.00
16.22
20.63
23.32
24.34
23.76
21.77
18.78
15.38
12.24
10.01
9.07
9.47
10.82
12.47
13.70
13.97
13.04
11.06
8.43
5.58
2.78
0.02
-3.00
-6.66
-11.26
-16.81
-23.08
-29.53
-35.45
-39.96
-42.23
-41.55
-37.61
-30.65
-21.47
-11.27
-1.33
7.31
14.13
19.07
22.31
24.10
24.57
23.81
22.01
19.54
16.92
14.66
13.05
12.14
11.76
11.68
11.69
11.71
11.66
11.39
10.71
9.44
7.49
4.94
2.00
-1.06
-4.08
-7.10
-10.38
-14.37
-19.48
-25.81
-32.91
-39.74
-44.81
-46.57
-44.02
-37.03
-26.52
-14.21
-2.00
8.49
16.44
21.76
24.96
26.66
27.33
27.13
26.00
23.94
21.12
18.00
15.13
13.00
11.79
11.38
11.52
11.87
12.19
12.27
11.95
11.00
9.27
6.76
3.67
0.31
-3.10
-6.49
-10.07
-14.21
-19.24
-25.39
-32.60
-40.43
-48.00
-54.04
-57.06
-55.86
-49.99
-40.02
-27.46
-14.30
-2.36
7.26
14.36
19.35
22.90
25.52
27.51
28.89
29.57
29.48
28.64
27.13
25.11
22.80
20.46
18.39
16.85
16.03
15.91
16.28
16.67
16.52
15.34
12.90
9.26
4.76
-0.17
-5.08
-9.67
-13.87
-17.78
-21.71
-26.09
-31.36
-37.67
-44.70
-51.48
-56.60
-58.54
-56.24
-49.42
-38.72
-25.51
-11.39
2.10
13.90
23.41
30.47
35.25
38.06
39.35
39.53
39.05
38.27
37.49
36.89
36.53
36.31
35.99
35.34
34.22
32.72
31.14
29.79
28.90
28.29
27.51
25.93
23.12
19.05
14.13
9.04
4.40
0.41
-3.12
-6.63
-10.60
-15.23
-20.53
-26.31
-32.32
-38.23
-43.49
-47.22
-48.36
-45.93
-39.52
-29.55
-17.27
-4.34
7.62
17.52
24.86
29.73
32.56
33.94
34.49
34.70
34.89
35.16
35.41
35.48
35.28
34.83
34.27
33.73
33.25
32.69
31.89
30.72
29.21
27.46
25.55
23.47
21.01
17.97
14.22
9.84
5.07
0.25
-4.35
-8.57
-12.40
-15.89
-19.15
-22.31
-25.60
-29.32
-33.74
-38.82
-44.05
-48.39
-50.55
-49.44
-44.60
-36.48
-26.28
-15.54
-5.61
2.74
9.36
14.57
18.75
22.17
24.84
26.72
27.77
28.15
28.14
28.11
28.33
28.81
29.38
29.69
29.49
28.77
27.82
27.01
26.59
26.42
25.97
24.66
22.08
18.26
13.67
8.95
4.57
0.69
-2.79
-6.10
-9.37
-12.56
-15.49
-17.99
-19.98
-21.58
-23.11
-25.00
-27.71
-31.43
-35.92
-40.42
-43.84
-45.14
-43.64
-39.38
-32.99
-25.45
-17.75
-10.58
-4.32
0.88
4.97
7.91
9.82
10.93
11.60
12.10
12.52
12.72
12.47
11.67
10.48
9.30
8.56
8.56
9.24
10.27
11.21
11.67
11.53
10.83
9.74
8.49
7.27
6.12
4.94
3.57
1.88
-0.14
-2.34
-4.59
-6.80
-8.92
-10.98
-12.96
-14.85
-16.73
-18.79
-21.28
-24.40
-28.01
-31.55
-34.17
-35.02
-33.53
-29.74
-24.20
-17.71
-11.13
-5.06
0.13
4.38
7.78
10.48
12.55
13.95
14.47
13.96
12.43
10.19
7.80
5.87
4.84
4.80
5.46
6.35
6.98
7.12
6.78
6.13
5.38
4.64
3.86
2.91
1.70
0.14
-1.69
-3.65
-5.60
-7.43
-9.07
-10.55
-11.98
-13.50
-15.20
-17.11
-19.21
-21.34
-23.36
-25.11
-26.45
-27.17
-27.04
-25.83
-23.41
-19.91
-15.72
-11.37
-7.33
-3.80
-0.71
2.13
4.76
7.03
8.60
9.17
8.66
7.28
5.40
3.49
1.95
1.08
1.04
1.81
3.15
4.69
5.93
6.51
6.23
5.19
3.65
1.90
0.19
-1.36
-2.81
-4.24
-5.80
-7.54
-9.39
-11.14
-12.52
-13.32
-13.54
-13.43
-13.38
-13.85
-15.15
-17.34
-20.21
-23.31
-26.08
-27.82
-27.92
-26.01
-22.11
-16.65
-10.46
-4.41
0.83
4.96
8.02
10.20
11.67
12.42
12.32
11.32
9.58
7.55
5.82
4.80
4.62
5.08
5.75
6.29
6.58
6.75
7.07
7.72
8.62
9.45
9.77
9.23
7.77
5.60
3.07
0.52
-1.84
-3.94
-5.79
-7.38
-8.70
-9.77
-10.70
-11.72
-13.08
-14.98
-17.47
-20.45
-23.66
-26.74
-29.19
-30.44
-29.94
-27.31
-22.58
-16.24
-9.19
-2.52
2.86
6.48
8.37
8.94
8.77
8.31
7.85
7.39
6.89
6.30
5.71
5.30
5.23
5.56
6.14
6.77
7.28
7.64
7.93
8.18
8.31
8.05
7.11
5.33
2.90
0.26
-2.06
-3.72
-4.76
-5.49
-6.34
-7.63
-9.46
-11.73
-14.27
-16.94
-19.64
-22.31
-24.80
-26.90
-28.26
-28.51
-27.32
-24.59
-20.51
-15.48
-10.03
-4.67
0.22
4.43
7.87
10.46
12.15
12.99
13.09
12.73
12.26
11.99
12.04
12.32
12.63
12.77
12.63
12.25
11.75
11.24
10.77
10.31
9.78
9.16
8.45
7.67
6.79
5.68
4.15
2.13
-0.34
-3.05
-5.74
-8.19
-10.28
-12.05
-13.61
-15.13
-16.88
-19.09
-21.88
-25.11
-28.23
-30.39
-30.74
-28.70
-24.29
-18.12
-11.19
-4.45
1.39
6.02
9.45
11.86
13.47
14.47
14.93
14.97
14.70
14.26
13.79
13.43
13.28
13.37
13.66
14.04
14.37
14.59
14.63
14.48
14.07
13.36
12.34
11.10
9.72
8.32
6.84
5.14
3.05
0.51
-2.37
-5.35
-8.14
-10.61
-12.83
-15.00
-17.43
-20.34
-23.83
-27.75
-31.68
-34.91
-36.65
-36.20
-33.26
-28.10
-21.39
-14.04
-6.79
-0.08
5.91
11.06
15.15
17.88
19.08
18.89
17.83
16.65
16.04
16.37
17.47
18.89
20.09
20.66
20.57
20.00
19.18
18.34
17.54
16.79
16.11
15.52
15.00
14.41
13.40
11.59
8.71
4.81
0.31
-4.13
-7.95
-10.93
-13.26
-15.46
-18.21
-22.02
-27.00
-32.74
-38.34
-42.61
-44.47
-43.24
-38.91
-32.08
-23.73
-14.89
-6.35
1.37
8.02
13.49
17.75
20.88
23.06
24.43
25.09
25.07
24.45
23.50
22.58
22.12
22.27
22.89
23.62
24.10
24.17
23.90
23.45
22.85
21.99
20.58
18.41
15.43
11.76
7.63
3.24
-1.23
-5.60
-9.69
-13.35
-16.62
-19.70
-22.97
-26.81
-31.42
-36.51
-41.36
-44.88
-45.97
-43.87
-38.51
-30.47
-20.75
-10.54
-0.77
7.90
15.18
20.97
25.25
28.00
29.28
29.29
28.38
27.12
26.07
25.60
25.80
26.40
26.92
26.91
26.20
25.00
23.81
23.13
23.13
23.48
23.47
22.33
19.64
15.52
10.61
5.78
1.73
-1.37
-3.85
-6.35
-9.55
-13.88
-19.44
-26.01
-33.14
-40.19
-46.30
-50.40
-51.46
-48.70
-42.04
-32.20
-20.58
-8.82
1.71
10.26
16.79
21.68
25.33
27.95
29.50
29.87
29.22
27.97
26.78
26.14
26.19
26.61
26.84
26.46
25.37
23.90
22.51
21.52
20.91
20.32
19.28
17.45
14.79
11.45
7.75
3.96
0.27
-3.27
-6.80
-10.58
-14.97
-20.28
-26.58
-33.42
-39.86
-44.55
-46.17
-43.85
-37.51
-27.95
-16.48
-4.61
6.44
15.91
23.41
28.81
32.07
33.22
32.46
30.26
27.38
24.60
22.53
21.39
20.99
20.97
21.04
21.20
21.58
22.31
23.22
23.94
23.99
23.01
21.04
18.38
15.46
12.60
9.86
7.10
4.02
0.37
-4.04
-9.29
-15.40
-22.14
-29.02
-35.11
-39.19
-40.07
-37.04
-30.20
-20.56
-9.80
0.36
8.63
14.49
18.21
20.46
21.90
22.84
23.29
23.07
22.16
20.77
19.29
18.12
17.43
17.21
17.25
17.37
17.53
17.91
18.76
20.20
22.15
24.15
25.64
26.09
25.23
23.05
19.68
15.31
10.00
3.76
-3.37
-11.28
-19.70
-28.25
-36.34
-43.15
-47.62
-48.59
-45.24
-37.47
-26.23
-13.36
-1.18
8.29
13.88
15.55
14.20
11.13
7.51
3.94
0.52
-2.97
-6.72
-10.59
-14.22
-17.17
-19.16
-20.20
-20.61
-20.71
-20.73
-20.70
-20.53
-20.24
-20.05
-20.35
-21.50
-23.70
-26.87
-30.74
-35.11
-39.87
-45.13
-50.94
-57.08
-62.86
-67.16
-68.62
-66.09
-59.03
-47.79
-33.61
-18.26
-3.58
8.98
18.78
25.84
30.72
34.03
36.18
37.35
37.50
36.58
34.71
32.18
29.43
26.94
25.11
24.16
24.07
24.57
25.24
25.58
25.21
23.86
21.46
18.03
13.74
8.80
3.49
-1.88
-7.12
-12.24
-17.56
-23.42
-29.97
-36.74
-42.61
-46.03
-45.55
-40.50
-31.40
-19.83
-7.89
2.54
10.42
15.64
18.79
20.57
21.42
21.42
20.46
18.57
16.10
13.72
12.12
11.74
12.62
14.40
16.57
18.61
20.12
20.88
20.74
19.64
17.56
14.61
11.03
7.13
3.16
-0.83
-5.01
-9.73
-15.32
-21.91
-29.18
-36.47
-42.72
-46.73
-47.37
-43.94
-36.45
-25.64
-12.91
0.07
11.79
21.34
28.41
33.21
36.19
37.78
38.32
38.09
37.33
36.24
34.94
33.48
31.85
30.24
28.87
27.98
27.59
27.39
26.93
25.82
23.90
21.28
18.18
14.71
10.78
6.20
0.92
-4.91
-11.01
-17.19
-23.60
-30.46
-37.78
-44.93
-50.60
-53.13
-51.21
-44.49
-33.79
-20.86
-7.71
4.00
13.36
20.20
24.83
27.73
29.36
30.10
30.28
30.18
30.03
29.86
29.57
28.93
27.71
25.88
23.66
21.41
19.51
18.10
16.99
15.76
13.99
11.47
8.30
4.81
1.32
-2.07
-5.52
-9.42
-14.15
-20.04
-27.20
-35.41
-43.98
-51.75
-57.22
-58.86
-55.73
-47.79
-36.08
-22.36
-8.61
3.57
13.25
20.26
24.96
27.94
29.77
30.80
31.13
30.78
29.77
28.25
26.53
24.93
23.61
22.45
21.27
19.97
18.65
17.61
17.17
17.27
17.54
17.26
15.83
12.98
8.81
3.76
-1.70
-7.16
-12.47
-17.60
-22.77
-28.23
-34.23
-40.77
-47.40
-53.15
-56.74
-56.89
-52.86
-44.76
-33.56
-20.77
-7.99
3.55
13.24
20.91
26.72
30.84
33.37
34.40
34.11
32.80
31.02
29.28
27.97
27.26
26.94
26.67
26.11
25.16
24.01
23.00
22.40
22.06
21.51
20.08
17.35
13.38
8.73
4.21
0.39
-2.68
-5.43
-8.51
-12.48
-17.57
-23.65
-30.34
-37.09
-43.20
-47.76
-49.80
-48.38
-43.10
-34.23
-22.85
-10.65
0.67
9.82
16.31
20.44
22.99
24.74
26.09
27.01
27.18
26.42
24.85
23.00
21.46
20.63
20.46
20.53
20.35
19.68
18.67
17.65
16.83
16.09
14.96
12.94
9.75
5.63
1.09
-3.29
-7.24
-10.95
-14.90
-19.64
-25.44
-32.07
-38.76
-44.38
-47.67
-47.54
-43.40
-35.42
-24.57
-12.43
-0.73
9.14
16.41
21.03
23.46
24.36
24.27
23.57
22.44
21.06
19.65
18.45
17.60
17.11
16.79
16.42
15.83
14.98
13.94
12.79
11.54
10.07
8.18
5.66
2.55
-0.96
-4.54
-7.91
-11.04
-14.19
-17.82
-22.37
-28.05
-34.65
-41.51
-47.59
-51.74
-52.93
-50.59
-44.73
-35.96
-25.38
-14.30
-3.92
4.92
11.81
16.77
20.10
22.19
23.36
23.79
23.54
22.61
21.05
19.06
16.93
15.00
13.55
12.69
12.36
12.42
12.68
12.93
12.93
12.39
10.99
8.48
4.86
0.44
-4.19
-8.42
-11.90
-14.69
-17.35
-20.65
-25.22
-31.16
-37.86
-44.01
-48.08
-48.77
-45.46
-38.39
-28.56
-17.31
-5.99
4.31
12.85
19.20
23.26
25.29
25.79
25.44
24.87
24.44
24.12
23.65
22.78
21.43
19.80
18.18
16.79
15.63
14.49
13.10
11.31
9.17
6.86
4.57
2.37
0.12
-2.47
-5.68
-9.66
-14.34
-19.46
-24.82
-30.35
-36.04
-41.72
-46.78
-50.10
-50.35
-46.53
-38.45
-27.09
-14.23
-1.91
8.29
15.64
20.31
23.03
24.55
25.35
25.54
25.04
23.84
22.17
20.38
18.78
17.50
16.45
15.43
14.34
13.29
12.45
11.86
11.33
10.40
8.53
5.48
1.40
-3.16
-7.55
-11.34
-14.52
-17.44
-20.71
-24.78
-29.82
-35.50
-41.00
-45.15
-46.76
-44.97
-39.55
-31.06
-20.77
-10.15
-0.52
7.32
13.22
17.39
20.20
21.81
22.22
21.39
19.49
16.93
14.33
12.28
11.04
10.59
10.64
10.92
11.25
11.60
11.92
12.02
11.56
10.18
7.71
4.27
0.26
-3.92
-8.08
-12.37
-17.13
-22.65
-28.85
-35.09
-40.26
-43.11
-42.64
-38.56
-31.29
-21.89
-11.66
-1.82
6.81
13.83
19.21
23.05
25.48
26.61
26.50
25.24
23.04
20.19
17.03
14.00
11.47
9.70
8.76
8.46
8.44
8.28
7.65
6.36
4.39
1.89
-1.00
-4.15
-7.48
-11.06
-15.04
-19.66
-25.15
-31.56
-38.50
-45.05
-49.84
-51.43
-48.84
-42.01
-31.97
-20.41
-9.13
0.57
8.21
14.06
18.67
22.46
25.48
27.48
28.10
27.20
24.98
21.97
18.86
16.31
14.72
14.16
14.31
14.64
14.62
13.89
12.39
10.27
7.76
5.02
1.96
-1.61
-5.87
-10.85
-16.42
-22.38
-28.60
-35.02
-41.42
-47.28
-51.56
-52.96
-50.38
-43.42
-32.75
-19.93
-6.96
4.40
13.18
19.31
23.39
26.14
28.02
29.15
29.34
28.48
26.66
24.32
21.98
20.04
18.60
17.51
16.45
15.18
13.67
12.02
10.40
8.87
7.31
5.48
3.12
-0.02
-4.08
-9.09
-14.96
-21.53
-28.55
-35.60
-41.97
-46.71
-48.78
-47.30
-42.00
-33.34
-22.54
-11.15
-0.55
8.41
15.54
21.12
25.47
28.75
30.88
31.76
31.41
30.13
28.32
26.41
24.64
23.12
21.84
20.79
19.99
19.41
18.92
18.21
16.91
14.75
11.71
8.01
3.97
-0.20
-4.46
-8.99
-13.98
-19.55
-25.67
-32.12
-38.51
-44.24
-48.46
-50.15
-48.44
-42.87
-33.77
-22.24
-9.90
1.62
11.19
18.33
23.16
26.07
27.47
27.64
26.80
25.19
23.18
21.24
19.80
19.20
19.53
20.60
21.95
23.01
23.25
22.40
20.53
17.93
14.93
11.72
8.31
4.54
0.27
-4.52
-9.71
-15.16
-20.73
-26.30
-31.68
-36.40
-39.68
-40.55
-38.22
-32.38
-23.43
-12.46
-0.96
9.57
18.08
24.12
27.86
29.76
30.36
30.01
28.83
26.90
24.30
21.35
18.52
16.28
14.94
14.46
14.50
14.50
14.01
12.78
10.93
8.68
6.24
3.60
0.54
-3.24
-7.85
-13.16
-18.88
-24.78
-30.87
-37.32
-44.20
-51.13
-57.16
-60.92
-61.14
-57.15
-49.24
-38.56
-26.77
-15.43
-5.67
2.09
7.95
12.26
15.43
17.70
19.19
20.00
20.38
20.71
21.45
22.96
25.32
28.33
31.63
34.87
37.85
40.45
42.52
43.81
43.95
42.65
39.90
36.04
31.67
27.37
23.59
20.35
17.34
13.95
9.53
3.60
-3.87
-12.31
-20.54
-27.05
-30.47
-30.05
-26.00
-19.33
-11.51
-3.94
2.44
7.29
10.67
12.83
13.96
14.19
13.61
12.45
11.04
9.76
8.92
8.59
8.72
9.19
9.86
10.60
11.22
11.40
10.84
9.36
7.00
4.06
0.92
-2.14
-5.04
-7.92
-11.05
-14.65
-19.00
-24.38
-30.97
-38.56
-46.35
-52.87
-56.38
-55.59
-50.13
-40.88
-29.55
-18.08
-7.97
0.09
6.06
10.35
13.37
15.49
16.91
17.81
18.35
18.59
18.56
18.32
17.90
17.42
16.96
16.55
16.07
15.35
14.20
12.53
10.38
7.94
5.41
2.91
0.45
-2.15
-5.15
-8.87
-13.59
-19.35
-25.92
-32.66
-38.51
-42.25
-42.82
-39.64
-32.93
-23.61
-13.13
-2.92
5.94
12.99
18.20
21.85
24.08
24.98
24.51
22.83
20.34
17.71
15.64
14.53
14.30
14.53
14.66
14.22
13.12
11.48
9.55
7.56
5.54
3.46
1.15
-1.60
-5.07
-9.56
-15.26
-22.03
-29.38
-36.40
-41.93
-44.91
-44.57
-40.66
-33.51
-23.99
-13.35
-2.92
6.16
13.25
18.26
21.53
23.56
24.74
25.15
24.68
23.21
20.85
18.03
15.33
13.28
12.07
11.46
10.92
9.92
8.16
5.74
3.06
0.53
-1.66
-3.68
-5.99
-9.09
-13.34
-18.84
-25.40
-32.58
-39.73
-45.88
-49.90
-50.70
-47.59
-40.68
-30.92
-19.80
-8.98
0.30
7.51
12.69
16.24
18.55
19.83
20.17
19.64
18.51
17.18
16.05
15.37
15.13
15.07
14.86
14.23
13.11
11.58
9.77
7.79
5.67
3.34
0.73
-2.27
-5.83
-10.15
-15.47
-21.83
-29.00
-36.26
-42.52
-46.50
-47.16
-44.01
-37.39
-28.26
-18.04
-8.04
0.82
8.23
14.31
19.32
23.43
26.57
28.52
29.18
28.72
27.64
26.46
25.58
25.09
24.81
24.46
23.82
22.83
21.47
19.70
17.38
14.36
10.60
6.28
1.74
-2.63
-6.59
-10.25
-14.02
-18.53
-24.29
-31.38
-39.20
-46.44
-51.35
-52.33
-48.53
-40.18
-28.54
-15.46
-2.73
8.31
17.06
23.51
27.97
30.88
32.65
33.62
34.04
34.00
33.49
32.49
31.08
29.46
27.98
26.89
26.25
25.85
25.32
24.21
22.29
19.52
16.07
12.19
8.10
3.99
-0.04
-4.03
-8.05
-12.30
-17.03
-22.54
-28.89
-35.80
-42.41
-47.38
-49.27
-47.05
-40.54
-30.58
-18.77
-6.95
3.43
11.64
17.75
22.26
25.68
28.26
29.92
30.46
29.82
28.13
25.83
23.39
21.25
19.61
18.48
17.74
17.17
16.59
15.83
14.74
13.22
11.16
8.54
5.38
1.82
-1.96
-5.83
-9.85
-14.27
-19.46
-25.61
-32.46
-39.10
-44.13
-46.08
-43.95
-37.64
-28.03
-16.64
-5.17
5.14
13.61
20.08
24.73
27.73
29.24
29.43
28.57
27.12
25.57
24.30
23.45
22.95
22.63
22.29
21.85
21.25
20.41
19.23
17.61
15.51
13.02
10.25
7.23
3.87
0.02
-4.35
-9.04
-13.66
-17.85
-21.56
-25.15
-29.29
-34.57
-40.95
-47.59
-52.96
-55.31
-53.44
-47.14
-37.25
-25.31
-12.98
-1.61
8.07
15.79
21.54
25.43
27.60
28.29
27.85
26.81
25.71
24.95
24.69
24.87
25.24
25.52
25.47
25.02
24.21
23.19
22.12
21.07
19.99
18.63
16.65
13.77
9.81
4.90
-0.57
-6.04
-10.99
-15.07
-18.31
-21.09
-24.04
-27.81
-32.78
-38.80
-45.05
-50.15
-52.64
-51.40
-46.09
-37.28
-26.24
-14.48
-3.34
6.31
14.07
19.89
23.84
26.06
26.81
26.47
25.54
24.56
23.92
23.75
23.98
24.36
24.62
24.61
24.25
23.55
22.59
21.44
20.24
19.06
17.90
16.52
14.51
11.42
6.99
1.51
-4.29
-9.45
-13.23
-15.50
-16.84
-18.22
-20.61
-24.51
-29.76
-35.67
-41.22
-45.40
-47.35
-46.45
-42.42
-35.44
-26.08
-15.39
-4.69
4.74
12.02
16.85
19.57
20.79
21.16
21.03
20.56
19.75
18.74
17.78
17.11
16.82
16.72
16.50
15.95
15.15
14.39
13.97
13.90
13.79
13.02
10.99
7.54
3.00
-1.95
-6.52
-10.25
-13.07
-15.33
-17.59
-20.38
-23.96
-28.23
-32.78
-36.93
-39.84
-40.64
-38.66
-33.62
-25.77
-16.00
-5.62
3.98
11.72
17.05
20.12
21.45
21.71
21.40
20.77
19.87
18.71
17.34
15.90
14.54
13.35
12.38
11.67
11.24
11.07
11.04
10.93
10.41
9.18
7.17
4.47
1.38
-1.78
-4.86
-7.96
-11.37
-15.42
-20.31
-25.93
-31.88
-37.47
-41.84
-44.13
-43.64
-40.01
-33.46
-24.71
-14.99
-5.68
2.03
7.54
10.87
12.61
13.56
14.34
15.19
16.02
16.56
16.60
16.12
15.19
14.03
12.80
11.58
10.41
9.27
8.15
7.03
5.84
4.39
2.49
0.01
-3.03
-6.34
-9.56
-12.41
-14.93
-17.55
-20.95
-25.64
-31.68
-38.40
-44.58
-48.84
-50.01
-47.62
-41.91
-33.73
-24.21
-14.48
-5.45
2.33
8.59
13.32
16.66
18.81
20.02
20.50
20.43
19.95
19.16
18.18
17.19
16.41
15.96
15.87
15.97
15.92
15.36
14.08
12.11
9.64
6.91
4.09
1.18
-1.91
-5.19
-8.64
-12.19
-15.92
-20.05
-24.93
-30.68
-36.95
-42.75
-46.71
-47.49
-44.31
-37.27
-27.36
-16.12
-5.09
4.54
12.12
17.48
20.82
22.51
22.97
22.67
22.03
21.34
20.70
20.07
19.35
18.48
17.50
16.53
15.66
14.89
14.13
13.16
11.77
9.85
7.45
4.73
1.93
-0.71
-3.13
-5.48
-8.22
-11.89
-16.92
-23.37
-30.70
-37.86
-43.51
-46.40
-45.71
-41.32
-33.80
-24.27
-14.07
-4.45
3.72
10.02
14.49
17.44
19.29
20.47
21.20
21.53
21.33
20.44
18.88
16.89
14.92
13.42
12.64
12.51
12.68
12.72
12.28
11.23
9.59
7.41
4.80
1.80
-1.52
-5.11
-8.96
-13.12
-17.75
-22.98
-28.68
-34.39
-39.23
-42.13
-42.07
-38.49
-31.44
-21.73
-10.67
0.23
9.71
17.06
22.22
25.51
27.42
28.28
28.18
27.14
25.25
22.80
20.29
18.18
16.79
16.08
15.75
15.36
14.56
13.25
11.49
9.44
7.14
4.46
1.21
-2.72
-7.20
-11.91
-16.49
-20.90
-25.36
-30.31
-35.97
-41.98
-47.20
-50.18
-49.65
-45.12
-37.06
-26.71
-15.57
-4.95
4.24
11.49
16.62
19.62
20.76
20.60
19.92
19.44
19.53
20.10
20.61
20.56
19.78
18.57
17.51
17.04
17.13
17.32
16.98
15.61
13.17
9.99
6.60
3.39
0.54
-2.05
-4.67
-7.67
-11.42
-16.24
-22.18
-28.88
-35.41
-40.45
-42.66
-41.14
-35.79
-27.33
-17.04
-6.32
3.58
11.87
18.23
22.72
25.65
27.40
28.27
28.46
28.03
26.97
25.33
23.34
21.41
19.92
19.20
19.31
20.08
21.13
22.01
22.30
21.69
19.94
16.98
12.93
8.02
2.78
-2.18
-6.35
-9.51
-11.97
-14.46
-17.89
-22.91
-29.49
-36.82
-43.33
-47.27
-47.32
-43.06
-35.06
-24.69
-13.56
-3.06
5.92
13.06
18.40
22.15
24.53
25.75
26.09
25.84
25.32
24.84
24.51
24.33
24.22
24.08
23.82
23.46
23.00
22.46
21.85
21.06
19.94
18.27
15.86
12.64
8.75
4.50
0.28
-3.62
-7.17
-10.67
-14.62
-19.57
-25.74
-32.88
-40.07
-45.92
-48.95
-48.10
-43.05
-34.37
-23.34
-11.52
-0.36
9.13
16.52
21.85
25.47
27.74
28.99
29.35
28.89
27.68
25.92
23.90
21.96
20.35
19.14
18.27
17.61
17.10
16.72
16.44
16.12
15.40
13.89
11.19
7.15
1.90
-4.10
-10.25
-15.97
-20.93
-25.18
-29.13
-33.33
-38.20
-43.71
-49.30
-53.94
-56.55
-56.26
-52.71
-46.09
-36.97
-26.15
-14.46
-2.72
8.35
18.14
26.20
32.39
36.85
40.04
42.61
45.28
48.65
52.95
58.00
63.19
67.60
70.25
70.43
67.90
62.95
56.22
48.41
40.06
31.42
22.57
13.48
4.24
-4.93
-13.72
-21.81
-28.92
-34.89
-39.75
-43.74
-47.32
-50.95
-54.92
-59.14
-62.95
-65.32
-65.11
-61.62
-54.80
-45.28
-34.19
-22.72
-11.88
-2.24
5.93
12.59
17.71
21.25
23.24
23.86
23.53
22.85
22.39
22.51
23.20
24.16
24.95
25.25
25.01
24.48
24.00
23.74
23.48
22.63
20.55
16.86
11.73
5.84
0.13
-4.70
-8.46
-11.55
-14.68
-18.53
-23.45
-29.32
-35.58
-41.40
-45.79
-47.82
-46.77
-42.40
-34.98
-25.34
-14.65
-4.09
5.40
13.28
19.40
23.89
26.96
28.81
29.56
29.31
28.17
26.36
24.25
22.26
20.81
20.11
19.98
19.95
19.43
18.01
15.68
12.80
9.91
7.33
5.03
2.62
-0.40
-4.36
-9.24
-14.70
-20.39
-26.19
-32.11
-38.20
-44.09
-48.88
-51.27
-50.06
-44.71
-35.68
-24.42
-12.74
-2.23
6.17
12.42
16.97
20.29
22.58
23.67
23.27
21.32
18.14
14.39
10.86
8.17
6.61
6.13
6.36
6.80
6.96
6.44
5.06
2.85
-0.02
-3.33
-6.86
-10.46
-14.05
-17.56
-21.19
-25.29
-30.31
-36.48
-43.41
-49.89
-54.22
-54.69
-50.38
-41.52
-29.48
-16.20
-3.56
7.15
15.32
20.98
24.44
26.13
26.47
25.84
24.52
22.73
20.65
18.52
16.60
15.14
14.26
13.84
13.64
13.35
12.77
11.85
10.56
8.93
6.88
4.31
1.10
-2.82
-7.52
-13.04
-19.44
-26.61
-34.10
-41.03
-46.20
-48.39
-46.77
-41.16
-32.17
-21.02
-9.16
2.10
11.89
19.78
25.73
29.81
32.10
32.73
31.90
29.96
27.44
24.84
22.56
20.77
19.38
18.13
16.79
15.18
13.32
11.35
9.43
7.65
5.93
4.04
1.60
-1.74
-6.23
-11.93
-18.70
-26.15
-33.64
-40.21
-44.69
-46.00
-43.50
-37.28
-28.17
-17.48
-6.55
3.63
12.53
20.01
26.03
30.50
33.28
34.25
33.55
31.53
28.78
25.93
23.50
21.76
20.66
19.88
18.95
17.51
15.43
12.89
10.24
7.81
5.70
3.75
1.57
-1.31
-5.31
-10.67
-17.42
-25.20
-33.22
-40.24
-44.78
-45.50
-41.67
-33.47
-22.04
-9.15
3.29
13.76
21.48
26.41
29.09
30.23
30.48
30.18
29.48
28.38
26.91
25.18
23.40
21.79
20.44
19.29
18.13
16.77
15.09
13.14
11.02
8.88
6.68
4.32
1.59
-1.64
-5.44
-9.87
-15.06
-21.12
-28.05
-35.39
-42.11
-46.71
-47.73
-44.31
-36.69
-26.11
-14.40
-3.34
5.92
13.04
18.32
22.21
25.03
26.75
27.24
26.43
24.54
22.10
19.70
17.88
16.81
16.38
16.22
15.92
15.19
13.92
12.21
10.15
7.88
5.42
2.73
-0.25
-3.60
-7.38
-11.67
-16.57
-22.14
-28.29
-34.58
-40.13
-43.75
-44.26
-40.95
-33.94
-24.14
-13.04
-2.23
7.07
14.18
18.98
21.69
22.65
22.12
20.34
17.59
14.27
10.91
8.09
6.31
5.81
6.47
7.93
9.66
11.28
12.61
13.66
14.50
15.03
15.03
14.24
12.54
10.07
7.15
4.01
0.65
-3.21
-8.00
-13.84
-20.31
-26.30
-30.27
-30.82
-27.22
-19.71
-9.47
1.86
12.68
21.88
29.01
34.07
37.38
39.21
39.71
38.98
37.13
34.53
31.69
29.13
27.22
25.93
25.02
24.09
22.89
21.38
19.65
17.71
15.46
12.66
9.14
4.97
0.54
-3.68
-7.39
-10.65
-13.83
-17.45
-21.90
-27.31
-33.55
-40.18
-46.53
-51.63
-54.45
-54.08
-50.05
-42.60
-32.61
-21.49
-10.62
-1.07
6.62
12.44
16.67
19.65
21.57
22.54
22.61
21.95
20.92
19.90
19.13
18.63
18.22
17.67
16.99
16.44
16.38
16.99
18.08
19.03
19.08
17.65
14.60
10.30
5.37
0.50
-3.79
-7.27
-9.97
-12.13
-14.16
-16.54
-19.74
-24.00
-29.19
-34.68
-39.43
-42.20
-41.95
-38.23
-31.32
-22.16
-12.12
-2.51
5.62
11.79
15.94
18.39
19.65
20.20
20.44
20.49
20.31
19.78
18.91
17.93
17.22
17.08
17.53
18.25
18.74
18.65
17.93
16.80
15.56
14.27
12.70
10.46
7.32
3.46
-0.58
-4.20
-6.97
-8.96
-10.63
-12.54
-15.19
-18.71
-22.93
-27.46
-31.85
-35.67
-38.38
-39.41
-38.11
-34.07
-27.28
-18.41
-8.70
0.41
7.72
12.64
15.34
16.45
16.69
16.58
16.27
15.69
14.75
13.52
12.27
11.33
10.92
11.05
11.57
12.26
12.94
13.50
13.88
13.95
13.54
12.39
10.35
7.38
3.66
-0.50
-4.72
-8.69
-12.25
-15.35
-18.19
-21.01
-24.09
-27.47
-30.90
-33.74
-35.19
-34.59
-31.66
-26.67
-20.25
-13.13
-5.95
0.78
6.69
11.41
14.71
16.55
17.11
16.72
15.73
14.36
12.75
11.08
9.58
8.59
8.33
8.73
9.44
9.96
9.95
9.35
8.37
7.21
5.91
4.33
2.24
-0.41
-3.46
-6.59
-9.52
-12.25
-15.05
-18.25
-22.12
-26.62
-31.38
-35.84
-39.31
-41.17
-40.96
-38.44
-33.68
-27.11
-19.46
-11.61
-4.36
1.68
6.29
9.50
11.59
12.88
13.62
13.96
13.91
13.44
12.58
11.44
10.23
9.13
8.31
7.79
7.57
7.63
7.92
8.35
8.67
8.53
7.61
5.77
3.15
0.17
-2.74
-5.32
-7.66
-10.08
-12.95
-16.50
-20.70
-25.30
-29.84
-33.76
-36.47
-37.43
-36.24
-32.84
-27.49
-20.80
-13.52
-6.42
-0.10
5.06
8.96
11.64
13.20
13.84
13.71
13.01
11.93
10.64
9.34
8.20
7.32
6.73
6.38
6.15
5.94
5.69
5.35
4.86
4.07
2.80
0.85
-1.83
-5.12
-8.68
-12.12
-15.17
-17.90
-20.69
-24.05
-28.26
-33.09
-37.74
-41.10
-42.10
-40.17
-35.40
-28.46
-20.31
-11.87
-3.93
2.98
8.47
12.36
14.64
15.51
15.32
14.47
13.27
11.89
10.44
9.00
7.79
6.99
6.81
7.22
8.01
8.81
9.24
9.02
8.10
6.57
4.65
2.50
0.21
-2.22
-4.81
-7.57
-10.41
-13.22
-15.97
-18.66
-21.19
-23.20
-24.09
-23.10
-19.65
-13.73
-5.93
2.64
10.86
17.96
23.72
28.25
31.77
34.29
35.61
35.52
34.05
31.56
28.64
25.90
23.73
22.21
21.18
20.39
19.61
18.71
17.57
16.08
14.10
11.57
8.52
5.09
1.49
-2.14
-5.80
-9.62
-13.82
-18.55
-23.83
-29.37
-34.65
-38.86
-41.11
-40.65
-37.18
-30.91
-22.66
-13.56
-4.75
2.83
8.74
12.92
15.63
17.25
18.13
18.52
18.47
17.99
17.03
15.73
14.35
13.22
12.57
12.41
12.46
12.32
11.68
10.42
8.66
6.53
4.11
1.33
-1.93
-5.70
-9.83
-14.10
-18.38
-22.74
-27.44
-32.60
-38.03
-42.96
-46.25
-46.83
-44.09
-38.17
-29.84
-20.22
-10.43
-1.34
6.47
12.64
17.04
19.69
20.83
20.86
20.24
19.37
18.47
17.60
16.80
16.10
15.58
15.27
15.12
14.98
14.66
14.07
13.17
11.92
10.19
7.80
4.59
0.59
-3.87
-8.25
-12.05
-15.00
-17.31
-19.52
-22.34
-26.28
-31.39
-37.15
-42.63
-46.64
-48.11
-46.31
-41.06
-32.85
-22.69
-11.98
-2.11
5.85
11.48
15.01
17.16
18.75
20.33
21.95
23.28
23.90
23.61
22.62
21.36
20.27
19.59
19.25
19.01
18.62
17.92
16.85
15.38
13.51
11.21
8.50
5.45
2.14
-1.40
-5.12
-9.08
-13.38
-18.10
-23.34
-29.10
-35.10
-40.69
-44.88
-46.57
-44.93
-39.77
-31.70
-22.02
-12.26
-3.73
2.91
7.76
11.47
14.90
18.72
23.16
27.98
32.68
36.77
40.07
42.79
45.44
48.59
52.60
57.45
62.60
67.16
70.21
71.00
69.15
64.76
58.19
49.99
40.73
31.01
21.37
12.39
4.56
-1.89
-7.12
-11.65
-16.28
-21.63
-27.76
-33.96
-38.92
-41.15
-39.63
-34.26
-25.96
-16.32
-6.99
0.77
6.44
10.09
12.15
13.13
13.45
13.49
13.54
13.82
14.31
14.78
14.87
14.29
12.93
11.00
8.87
6.95
5.57
4.88
4.85
5.28
5.73
5.70
4.71
2.50
-0.82
-4.77
-8.74
-12.13
-14.68
-16.53
-18.19
-20.25
-23.28
-27.50
-32.69
-38.12
-42.64
-45.06
-44.49
-40.65
-33.97
-25.38
-15.99
-6.82
1.37
8.13
13.27
16.89
19.27
20.88
22.15
23.46
24.90
26.29
27.38
27.97
28.06
27.87
27.73
27.90
28.57
29.71
31.15
32.57
33.54
33.51
31.99
28.73
23.89
18.10
12.21
7.02
2.88
-0.47
-3.76
-7.84
-13.28
-20.09
-27.66
-34.96
-40.83
-44.33
-44.95
-42.70
-38.06
-31.83
-24.95
-18.28
-12.50
-8.04
-5.03
-3.41
-2.95
-3.29
-4.03
-4.80
-5.25
-5.17
-4.55
-3.55
-2.46
-1.55
-1.02
-0.85
-0.89
-0.90
-0.78
-0.62
-0.65
-1.09
-2.02
-3.32
-4.75
-6.09
-7.32
-8.59
-10.24
-12.68
-16.26
-21.06
-26.82
-32.79
-37.89
-40.90
-40.88
-37.48
-31.04
-22.58
-13.41
-4.76
2.53
8.11
12.00
14.42
15.58
15.72
15.11
14.08
12.95
11.98
11.26
10.70
10.20
9.65
9.10
8.70
8.55
8.62
8.73
8.60
7.96
6.66
4.67
2.08
-0.98
-4.30
-7.67
-10.95
-14.15
-17.42
-21.02
-25.14
-29.72
-34.36
-38.36
-40.82
-40.93
-38.16
-32.50
-24.52
-15.22
-5.83
2.54
9.19
13.98
17.12
19.06
20.10
20.36
19.78
18.35
16.23
13.82
11.55
9.76
8.61
8.05
7.95
8.18
8.59
8.99
9.04
8.35
6.60
3.75
0.09
-3.89
-7.67
-11.02
-14.01
-16.94
-20.18
-24.00
-28.39
-33.14
-37.78
-41.67
-44.06
-44.13
-41.31
-35.46
-27.02
-16.94
-6.47
3.22
11.31
17.45
21.78
24.60
26.31
27.16
27.28
26.72
25.59
24.17
22.82
21.94
21.74
22.13
22.76
23.17
22.94
21.94
20.27
18.15
15.73
12.98
9.82
6.20
2.22
-1.79
-5.53
-8.93
-12.24
-15.96
-20.52
-26.05
-32.18
-38.05
-42.51
-44.43
-42.96
-37.77
-29.22
-18.28
-6.37
4.95
14.46
21.55
26.24
29.03
30.54
31.33
31.65
31.60
31.22
30.62
29.99
29.46
29.03
28.49
27.56
25.99
23.75
21.06
18.34
15.97
14.12
12.56
10.80
8.32
4.90
0.73
-3.63
-7.54
-10.69
-13.26
-15.88
-19.36
-24.17
-30.20
-36.60
-42.06
-45.21
-45.04
-41.15
-33.84
-23.97
-12.71
-1.33
9.07
17.73
24.24
28.56
30.92
31.71
31.33
30.17
28.58
26.89
25.38
24.25
23.52
23.07
22.73
22.34
21.88
21.33
20.65
19.75
18.51
16.84
14.68
12.09
9.10
5.77
2.17
-1.58
-5.23
-8.59
-11.67
-14.86
-18.77
-23.89
-30.16
-36.69
-41.95
-44.31
-42.69
-36.98
-28.06
-17.41
-6.57
3.30
11.55
17.96
22.58
25.55
27.10
27.53
27.08
25.96
24.24
21.94
19.18
16.27
13.64
11.69
10.69
10.59
11.07
11.62
11.71
10.98
9.30
6.81
3.81
0.67
-2.38
-5.24
-8.03
-11.01
-14.47
-18.70
-23.84
-29.66
-35.56
-40.44
-43.04
-42.25
-37.61
-29.55
-19.32
-8.60
1.10
8.84
14.44
18.14
20.36
21.38
21.29
20.11
18.05
15.46
12.82
10.57
8.92
7.93
7.50
7.41
7.47
7.44
7.12
6.32
4.99
3.14
0.90
-1.53
-4.06
-6.71
-9.63
-13.10
-17.39
-22.63
-28.66
-34.87
-40.31
-43.89
-44.61
-41.97
-36.02
-27.35
-16.92
-5.81
4.93
14.41
21.99
27.29
30.25
31.12
30.36
28.51
26.13
23.73
21.65
20.11
19.13
18.57
18.19
17.74
17.04
16.03
14.70
13.00
10.86
8.26
5.19
1.76
-1.91
-5.78
-9.98
-14.69
-20.13
-26.29
-32.93
-39.53
-45.34
-49.49
-51.02
-49.20
-43.73
-35.00
-24.10
-12.57
-1.94
6.80
13.37
18.15
21.70
24.36
26.11
26.73
26.12
24.48
22.34
20.27
18.61
17.43
16.50
15.57
14.52
13.38
12.25
11.24
10.24
9.06
7.46
5.29
2.55
-0.68
-4.30
-8.30
-12.85
-18.16
-24.34
-31.10
-37.63
-42.75
-45.19
-44.08
-39.21
-31.09
-20.79
-9.53
1.57
11.60
19.89
26.07
30.01
31.95
32.41
32.04
31.38
30.70
29.90
28.83
27.45
26.00
24.87
24.36
24.41
24.59
24.33
23.23
21.27
18.81
16.30
13.96
11.70
9.06
5.56
0.82
-5.26
-12.60
-21.03
-30.25
-39.77
-48.75
-56.01
-60.24
-60.40
-56.09
-47.80
-36.80
-24.80
-13.37
-3.57
4.18
10.01
14.26
17.18
18.91
19.51
19.06
17.82
16.16
14.47
13.10
12.31
12.20
12.75
13.70
14.65
15.07
14.51
12.82
10.20
7.11
3.98
1.00
-1.99
-5.33
-9.35
-14.20
-19.81
-25.94
-32.14
-37.72
-41.79
-43.42
-41.83
-36.75
-28.56
-18.20
-6.96
3.91
13.40
20.95
26.33
29.67
31.20
31.19
29.95
27.70
24.77
21.54
18.54
16.24
14.88
14.36
14.27
14.13
13.61
12.62
11.24
9.59
7.59
5.14
2.14
-1.35
-5.15
-9.06
-13.11
-17.56
-22.81
-29.13
-36.26
-43.33
-48.98
-51.70
-50.40
-44.80
-35.60
-24.25
-12.42
-1.50
7.74
15.13
20.84
25.06
27.87
29.22
29.19
28.04
26.22
24.18
22.23
20.53
19.02
17.70
16.60
15.79
15.28
14.88
14.25
13.03
10.98
8.09
4.63
0.92
-2.75
-6.30
-9.81
-13.52
-17.76
-22.87
-29.05
-36.25
-43.96
-51.18
-56.49
-58.45
-56.04
-49.13
-38.55
-25.90
-13.00
-1.40
8.04
15.13
20.16
23.56
25.66
26.70
26.91
26.58
26.09
25.72
25.50
25.18
24.43
23.10
21.37
19.72
18.64
18.31
18.50
18.63
18.03
16.28
13.31
9.46
5.22
0.96
-3.19
-7.42
-12.12
-17.66
-24.17
-31.45
-38.82
-45.30
-49.71
-51.04
-48.66
-42.56
-33.35
-22.19
-10.48
0.47
9.74
16.96
22.22
25.87
28.25
29.57
29.97
29.58
28.71
27.75
27.09
26.92
27.12
27.37
27.38
27.00
26.34
25.64
24.98
24.16
22.73
20.20
16.36
11.37
5.76
0.19
-4.86
-9.26
-13.29
-17.46
-22.27
-28.02
-34.67
-41.63
-47.90
-52.18
-53.22
-50.21
-43.07
-32.59
-20.14
-7.41
4.15
13.55
20.44
24.92
27.42
28.43
28.38
27.65
26.52
25.28
24.16
23.35
22.98
23.02
23.35
23.72
23.95
23.95
23.72
23.19
22.21
20.52
17.87
14.24
9.87
5.25
0.84
-3.13
-6.78
-10.52
-14.80
-19.95
-25.96
-32.52
-38.95
-44.28
-47.43
-47.38
-43.56
-36.09
-25.83
-14.16
-2.57
7.73
16.09
22.33
26.62
29.23
30.40
30.33
29.27
27.42
25.09
22.58
20.21
18.28
16.98
16.39
16.42
16.81
17.24
17.36
16.85
15.44
12.92
9.24
4.59
-0.56
-5.64
-10.17
-13.98
-17.36
-20.88
-25.17
-30.56
-36.82
-43.17
-48.40
-51.19
-50.47
-45.77
-37.36
-26.26
-13.98
-2.13
7.99
15.69
20.84
23.77
24.95
24.86
23.91
22.47
20.86
19.34
18.08
17.13
16.49
16.13
16.04
16.16
16.35
16.37
15.86
14.58
12.41
9.45
5.93
2.09
-1.95
-6.17
-10.65
-15.48
-20.70
-26.35
-32.38
-38.68
-44.92
-50.50
-54.56
-56.05
-54.07
-48.20
-38.73
-26.74
-13.86
-1.70
8.43
15.91
20.81
23.60
24.89
25.21
24.95
24.39
23.75
23.24
22.93
22.77
22.57
22.14
21.40
20.48
19.51
18.67
17.88
16.89
15.35
12.92
9.51
5.20
0.32
-4.78
-9.76
-14.46
-18.86
-23.08
-27.46
-32.23
-37.51
-42.89
-47.45
-49.86
-48.85
-43.77
-34.90
-23.51
-11.32
0.03
9.51
16.85
22.26
26.07
28.48
29.60
29.54
28.64
27.37
26.16
25.27
24.62
24.03
23.36
22.70
22.26
22.31
22.86
23.63
24.04
23.44
21.41
17.88
13.20
7.94
2.72
-1.99
-6.08
-9.70
-13.33
-17.47
-22.62
-28.86
-35.81
-42.41
-47.23
-48.86
-46.41
-39.95
-30.49
-19.61
-8.89
0.55
8.18
13.98
18.07
20.60
21.68
21.52
20.41
18.77
16.99
15.33
13.95
12.95
12.49
12.62
13.24
14.01
14.40
13.88
12.15
9.21
5.38
1.07
-3.38
-7.71
-11.75
-15.44
-18.87
-22.34
-26.31
-31.21
-37.10
-43.44
-49.04
-52.38
-52.07
-47.47
-38.93
-27.73
-15.67
-4.49
4.61
11.20
15.46
17.88
18.98
19.10
18.46
17.26
15.79
14.41
13.45
13.08
13.20
13.55
13.73
13.48
12.71
11.55
10.16
8.64
6.96
4.98
2.56
-0.34
-3.57
-6.89
-10.09
-13.21
-16.55
-20.55
-25.46
-31.13
-36.82
-41.25
-43.00
-40.90
-34.57
-24.51
-12.05
1.10
13.38
23.71
31.69
37.40
41.18
43.36
44.28
44.21
43.48
42.37
41.10
39.82
38.55
37.31
36.09
34.95
33.94
33.06
32.23
31.28
29.95
27.97
25.20
21.64
17.50
13.13
8.87
4.92
1.19
-2.63
-6.97
-12.18
-18.33
-25.04
-31.55
-36.70
-39.30
-38.37
-33.57
-25.32
-14.80
-3.60
6.71
15.00
20.87
24.54
26.58
27.56
27.82
27.33
26.00
23.82
21.05
18.25
15.97
14.48
13.67
13.08
12.23
10.85
9.02
7.04
5.06
3.03
0.67
-2.25
-5.76
-9.58
-13.37
-16.89
-20.25
-23.90
-28.41
-34.24
-41.45
-49.51
-57.24
-63.09
-65.47
-63.36
-56.66
-46.33
-34.13
-22.01
-11.49
-3.22
2.98
7.69
11.50
14.69
17.21
18.88
19.66
19.76
19.53
19.38
19.54
20.04
20.64
21.00
20.76
19.67
17.70
15.08
12.17
9.37
6.88
4.56
2.01
-1.33
-5.91
-11.89
-19.10
-27.13
-35.41
-43.23
-49.80
-54.20
-55.55
-53.26
-47.28
-38.20
-27.23
-15.87
-5.54
2.76
8.68
12.40
14.52
15.65
16.22
16.39
16.16
15.57
14.83
14.37
14.61
15.77
17.65
19.73
21.38
22.31
22.55
22.53
22.72
23.24
23.85
23.90
22.70
19.73
14.79
7.88
-0.83
-11.01
-22.08
-32.98
-42.26
-48.32
-49.86
-46.50
-38.87
-28.49
-17.28
-6.88
1.68
8.10
12.59
15.59
17.45
18.44
18.63
18.07
16.84
15.10
13.10
11.16
9.56
8.49
7.96
7.80
7.77
7.63
7.22
6.50
5.52
4.31
2.86
1.07
-1.18
-4.01
-7.51
-11.77
-16.84
-22.69
-29.06
-35.32
-40.48
-43.37
-42.95
-38.71
-30.91
-20.51
-8.91
2.43
12.37
20.29
26.09
30.05
32.55
33.92
34.35
33.89
32.59
30.64
28.40
26.27
24.52
23.23
22.20
21.16
19.87
18.27
16.47
14.57
12.62
10.51
8.06
5.15
1.78
-1.90
-5.69
-9.50
-13.43
-17.78
-22.92
-29.01
-35.66
-41.89
-46.29
-47.48
-44.59
-37.65
-27.62
-16.04
-4.61
5.38
13.23
18.81
22.35
24.18
24.57
23.69
21.71
18.95
15.89
13.10
11.09
10.06
9.89
10.18
10.45
10.32
9.63
8.40
6.75
4.86
2.89
1.03
-0.53
-1.71
-2.65
-3.79
-5.76
-9.18
-14.30
-20.82
-27.81
-33.94
-37.84
-38.46
-35.35
-28.80
-19.68
-9.27
1.04
10.09
17.16
22.03
24.95
26.42
26.92
26.80
26.15
24.97
23.28
21.25
19.11
17.13
15.46
14.07
12.78
11.36
9.62
7.53
5.25
2.99
0.97
-0.82
-2.56
-4.56
-7.14
-10.55
-14.90
-20.15
-26.13
-32.44
-38.38
-42.95
-45.07
-43.82
-38.91
-30.80
-20.64
-9.93
0.01
8.35
14.81
19.54
22.84
24.93
25.87
25.64
24.30
22.15
19.67
17.37
15.64
14.61
14.14
13.98
13.91
13.72
13.29
12.39
10.76
8.28
5.02
1.32
-2.32
-5.58
-8.46
-11.34
-14.82
-19.41
-25.18
-31.73
-38.18
-43.40
-46.30
-46.07
-42.33
-35.27
-25.66
-14.65
-3.58
6.33
14.28
19.96
23.57
25.62
26.67
27.14
27.19
26.74
25.62
23.76
21.31
18.60
16.04
14.00
12.66
11.95
11.56
11.07
10.12
8.52
6.35
3.83
1.21
-1.41
-4.10
-7.15
-10.90
-15.65
-21.50
-28.29
-35.41
-41.92
-46.61
-48.32
-46.40
-40.85
-32.51
-22.64
-12.56
-3.22
4.98
12.01
17.93
22.70
26.15
28.06
28.49
27.71
26.23
24.54
22.98
21.69
20.68
19.95
19.54
19.43
19.44
19.17
18.16
16.04
12.71
8.44
3.70
-0.98
-5.25
-9.01
-12.44
-15.87
-19.75
-24.45
-30.10
-36.35
-42.30
-46.59
-47.85
-45.11
-38.23
-28.05
-16.03
-3.89
6.88
15.31
21.05
24.31
25.66
25.79
25.25
24.39
23.36
22.23
21.09
20.05
19.18
18.43
17.61
16.47
14.91
13.06
11.20
9.57
8.19
6.80
5.05
2.73
-0.08
-3.07
-5.97
-8.69
-11.50
-14.81
-18.90
-23.65
-28.42
-32.18
-33.83
-32.66
-28.49
-21.82
-13.58
-4.88
3.34
10.41
15.95
19.86
22.19
23.04
22.60
21.08
18.78
16.04
13.29
10.96
9.38
8.69
8.69
9.02
9.21
8.91
7.98
6.49
4.58
2.42
0.09
-2.36
-4.91
-7.61
-10.57
-14.03
-18.23
-23.27
-28.91
-34.50
-39.07
-41.53
-41.00
-37.17
-30.33
-21.40
-11.62
-2.15
6.16
12.91
18.09
21.83
24.20
25.16
24.67
22.80
19.91
16.56
13.40
10.91
9.27
8.37
7.95
7.74
7.58
7.47
7.42
7.35
6.97
5.86
3.65
0.17
-4.40
-9.62
-14.98
-20.16
-25.17
-30.24
-35.52
-40.79
-45.30
-47.88
-47.44
-43.34
-35.85
-25.97
-15.18
-4.90
3.93
10.96
16.36
20.45
23.53
25.70
26.93
27.16
26.41
24.87
22.88
20.85
19.14
18.02
17.57
17.68
18.10
18.45
18.38
17.52
15.69
12.83
9.12
4.93
0.63
-3.47
-7.18
-10.54
-13.77
-17.21
-21.23
-26.08
-31.69
-37.55
-42.64
-45.60
-45.14
-40.55
-32.11
-21.09
-9.39
1.14
9.36
15.04
18.73
21.26
23.15
24.47
24.97
24.46
23.14
21.57
20.44
20.12
20.49
21.01
21.10
20.46
19.24
17.84
16.59
15.46
14.08
11.95
8.82
4.83
0.48
-3.74
-7.56
-11.07
-14.67
-18.84
-23.84
-29.61
-35.69
-41.30
-45.48
-47.35
-46.27
-42.07
-35.08
-26.06
-16.04
-6.05
3.02
10.58
16.34
20.28
22.56
23.45
23.30
22.42
21.10
19.53
17.92
16.42
15.18
14.28
13.76
13.58
13.63
13.74
13.70
13.28
12.26
10.51
8.03
4.89
1.22
-2.73
-6.74
-10.66
-14.50
-18.48
-22.88
-27.85
-33.09
-37.74
-40.56
-40.31
-36.36
-28.93
-19.11
-8.46
1.55
9.91
16.23
20.54
23.09
24.18
24.14
23.32
22.09
20.77
19.56
18.49
17.51
16.62
15.86
15.34
15.07
14.93
14.60
13.72
12.00
9.42
6.20
2.70
-0.79
-4.14
-7.46
-10.94
-14.84
-19.29
-24.35
-29.90
-35.58
-40.74
-44.42
-45.58
-43.37
-37.58
-28.68
-17.86
-6.59
3.75
12.27
18.63
22.88
25.34
26.35
26.22
25.28
23.84
22.15
20.40
18.71
17.12
15.68
14.46
13.56
13.01
12.72
12.49
12.03
11.06
9.37
6.85
3.53
-0.41
-4.72
-9.07
-13.23
-17.13
-20.92
-24.97
-29.65
-35.05
-40.85
-46.11
-49.59
-50.02
-46.62
-39.38
-29.18
-17.52
-6.06
3.84
11.45
16.75
20.24
22.65
24.55
26.22
27.61
28.47
28.56
27.86
26.57
25.06
23.64
22.45
21.41
20.40
19.32
18.24
17.20
16.03
14.38
11.78
8.02
3.31
-1.74
-6.40
-10.21
-13.26
-16.07
-19.41
-23.84
-29.42
-35.73
-41.85
-46.64
-48.97
-47.97
-43.28
-35.21
-24.69
-13.06
-1.75
8.12
15.91
21.43
24.89
26.67
27.24
27.04
26.49
25.90
25.39
25.01
24.68
24.39
24.06
23.66
23.15
22.49
21.69
20.76
19.69
18.37
16.62
14.15
10.80
6.67
2.17
-2.15
-5.91
-9.08
-12.08
-15.66
-20.51
-26.89
-34.37
-41.79
-47.56
-50.15
-48.57
-42.78
-33.71
-22.91
-12.04
-2.34
5.58
11.69
16.22
19.40
21.36
22.13
21.91
20.98
19.74
18.55
17.65
17.10
16.90
16.93
17.07
17.13
16.82
15.93
14.34
12.10
9.45
6.63
3.89
1.34
-1.00
-3.29
-5.77
-8.76
-12.56
-17.36
-23.04
-29.16
-34.91
-39.20
-41.03
-39.65
-34.83
-26.98
-17.00
-6.16
4.21
13.02
19.56
23.61
25.46
25.69
25.02
24.09
23.27
22.61
21.98
21.19
20.21
19.17
18.25
17.51
16.81
15.86
14.41
12.45
10.18
7.83
5.53
3.13
0.34
-3.05
-7.06
-11.51
-16.15
-20.95
-26.11
-31.90
-38.28
-44.60
-49.61
-51.87
-50.25
-44.52
-35.43
-24.46
-13.24
-3.07
5.42
12.15
17.35
21.24
23.93
25.38
25.60
24.79
23.39
21.98
21.15
21.21
22.05
23.17
23.87
23.58
22.15
19.82
17.10
14.44
11.99
9.58
6.87
3.62
-0.11
-4.08
-8.05
-12.00
-16.25
-21.29
-27.48
-34.60
-41.84
-47.77
-50.79
-49.76
-44.33
-35.18
-23.75
-11.84
-0.96
7.89
14.42
18.89
21.91
24.08
25.88
27.51
28.86
29.70
29.76
28.96
27.44
25.53
23.64
22.08
21.02
20.40
19.99
19.44
18.36
16.46
13.62
9.99
5.86
1.57
-2.68
-6.90
-11.33
-16.26
-21.92
-28.36
-35.34
-42.26
-48.23
-52.11
-52.86
-49.77
-42.85
-32.87
-21.16
-9.27
1.52
10.51
17.53
22.77
26.44
28.65
29.40
28.73
26.91
24.43
21.92
19.98
18.95
18.84
19.42
20.23
20.81
20.74
19.73
17.69
14.76
11.26
7.59
4.07
0.74
-2.56
-6.15
-10.32
-15.18
-20.71
-26.72
-32.81
-38.33
-42.35
-43.81
-41.83
-36.13
-27.27
-16.52
-5.45
4.55
12.61
18.50
22.42
24.77
25.89
26.07
25.43
24.13
22.29
20.17
18.07
16.35
15.25
14.82
14.81
14.72
14.04
12.48
10.07
7.23
4.42
1.92
-0.34
-2.72
-5.69
-9.58
-14.54
-20.50
-27.23
-34.26
-40.82
-45.86
-48.15
-46.70
-41.21
-32.25
-21.17
-9.63
0.98
9.90
16.97
22.37
26.26
28.68
29.57
28.99
27.21
24.72
22.03
19.58
17.65
16.35
15.67
15.49
15.58
15.54
14.98
13.58
11.28
8.32
5.12
2.09
-0.63
-3.21
-6.07
-9.66
-14.34
-20.20
-27.09
-34.55
-41.79
-47.69
-51.01
-50.58
-45.85
-37.07
-25.35
-12.41
-0.08
10.26
17.92
22.96
25.93
27.46
28.14
28.33
28.19
27.74
26.96
25.80
24.33
22.73
21.31
20.37
20.02
20.07
20.12
19.66
18.40
16.27
13.48
10.24
6.65
2.72
-1.55
-6.07
-10.66
-15.27
-20.06
-25.34
-31.24
-37.34
-42.58
-45.47
-44.67
-39.69
-31.01
-20.10
-8.70
1.65
10.05
16.33
20.75
23.73
25.61
26.59
26.79
26.31
25.33
24.02
22.49
20.85
19.24
17.81
16.80
16.33
16.36
16.65
16.82
16.55
15.70
14.30
12.49
10.34
7.82
4.81
1.28
-2.71
-7.09
-11.87
-17.21
-23.20
-29.64
-35.79
-40.41
-42.12
-39.97
-33.83
-24.52
-13.57
-2.67
6.81
14.14
19.20
22.28
23.74
23.89
22.89
20.98
18.44
15.71
13.23
11.35
10.21
9.73
9.70
9.86
9.96
9.75
9.03
7.62
5.49
2.73
-0.40
-3.63
-6.77
-9.79
-12.83
-16.00
-19.32
-22.62
-25.51
-27.44
-27.84
-26.16
-21.99
-15.26
-6.29
4.14
14.88
24.67
32.47
37.68
40.27
40.70
39.54
37.27
34.11
30.06
25.20
19.80
14.47
10.02
7.13
6.01
6.30
7.21
7.81
7.51
6.22
4.25
2.02
-0.28
-2.83
-6.01
-10.11
-15.12
-20.80
-26.89
-33.31
-40.06
-46.96
-53.35
-58.02
-59.65
-57.31
-51.00
-41.66
-30.79
-19.94
-10.18
-2.03
4.39
9.06
11.86
12.65
11.40
8.39
4.32
0.05
-3.51
-5.68
-6.24
-5.45
-3.92
-2.46
-1.66
-1.82
-2.86
-4.45
-6.23
-7.92
-9.34
-10.43
-11.16
-11.65
-12.18
-13.33
-15.70
-19.68
-25.06
-30.98
-36.01
-38.64
-37.83
-33.39
-25.99
-16.84
-7.29
1.66
9.53
16.30
22.20
27.41
31.98
35.80
38.70
40.51
41.16
40.76
39.58
38.11
36.90
36.40
36.79
37.79
38.82
39.06
37.87
34.89
30.16
23.96
16.81
9.22
1.71
-5.30
-11.53
-16.95
-21.80
-26.35
-30.74
-34.69
-37.44
-38.03
-35.64
-30.07
-21.84
-12.09
-2.16
6.76
13.96
19.19
22.60
24.52
25.27
25.18
24.49
23.51
22.51
21.82
21.66
22.15
23.18
24.44
25.48
25.92
25.54
24.42
22.81
20.96
18.94
16.61
13.74
10.12
5.70
0.55
-5.26
-11.65
-18.57
-25.78
-32.75
-38.62
-42.44
-43.46
-41.47
-36.86
-30.55
-23.64
-17.09
-11.54
-7.30
-4.44
-2.92
-2.67
-3.53
-5.30
-7.68
-10.38
-13.19
-15.96
-18.58
-20.91
-22.80
-24.16
-25.02
-25.58
-26.09
-26.73
-27.52
-28.27
-28.78
-28.98
-29.03
-29.32
-30.28
-32.24
-35.37
-39.63
-44.75
-50.21
-55.15
-58.59
-59.57
-57.42
-52.04
-43.87
-33.78
-22.79
-11.77
-1.37
8.03
16.18
23.00
28.43
32.56
35.49
37.32
38.09
37.85
36.79
35.21
33.57
32.25
31.49
31.22
31.13
30.77
29.82
28.16
25.85
23.05
19.90
16.45
12.64
8.36
3.47
-2.22
-8.81
-16.37
-24.63
-33.01
-40.49
-45.83
-47.91
-46.05
-40.31
-31.45
-20.77
-9.70
0.55
9.17
15.89
20.85
24.37
26.87
28.63
29.84
30.59
30.95
30.99
30.80
30.44
29.91
29.17
28.21
27.08
25.88
24.60
23.15
21.25
18.57
14.88
10.16
4.68
-1.13
-6.80
-12.07
-16.91
-21.65
-26.74
-32.54
-38.98
-45.43
-50.76
-53.63
-53.00
-48.45
-40.41
-30.02
-18.71
-7.84
1.71
9.62
16.00
21.26
25.81
29.93
33.64
36.79
39.09
40.26
40.18
38.98
37.01
34.75
32.64
30.89
29.46
28.01
26.18
23.76
20.85
17.84
15.04
12.58
10.19
7.36
3.62
-1.20
-6.92
-13.21
-19.71
-26.17
-32.23
-37.32
-40.49
-40.66
-37.09
-29.81
-19.76
-8.49
2.38
11.75
19.18
24.75
28.64
30.82
31.03
29.06
25.10
19.95
14.85
11.05
9.36
9.82
11.70
13.91
15.44
15.72
14.75
12.91
10.70
8.40
6.01
3.24
-0.17
-4.35
-9.19
-14.52
-20.23
-26.35
-32.94
-39.74
-46.00
-50.48
-51.76
-48.90
-41.82
-31.46
-19.50
-7.70
2.64
10.92
17.18
21.77
25.12
27.52
29.12
30.00
30.19
29.70
28.62
27.08
25.31
23.61
22.28
21.50
21.19
21.06
20.69
19.70
17.90
15.32
12.12
8.43
4.29
-0.37
-5.62
-11.51
-17.97
-24.84
-31.95
-39.01
-45.55
-50.72
-53.45
-52.71
-47.99
-39.55
-28.49
-16.39
-4.74
5.39
13.55
19.80
24.32
27.31
28.84
29.03
28.09
26.43
24.46
22.51
20.77
19.29
18.15
17.45
17.29
17.59
18.06
18.13
17.31
15.29
12.18
8.34
4.18
-0.00
-4.15
-8.33
-12.63
-17.11
-21.80
-26.76
-32.04
-37.46
-42.50
-46.18
-47.35
-45.10
-39.09
-29.80
-18.40
-6.39
4.80
14.14
21.11
25.62
27.93
28.46
27.72
26.25
24.50
22.84
21.58
20.87
20.87
21.53
22.71
24.03
25.02
25.24
24.43
22.62
20.10
17.25
14.40
11.66
8.98
6.19
3.16
-0.20
-3.91
-8.06
-12.77
-18.25
-24.64
-31.72
-38.83
-44.81
-48.28
-48.08
-43.78
-35.83
-25.51
-14.35
-3.71
5.58
13.19
19.09
23.32
25.91
27.02
26.97
26.19
25.03
23.66
22.01
20.00
17.77
15.74
14.46
14.24
14.96
16.04
16.70
16.38
14.99
12.85
10.43
8.05
5.65
2.99
-0.21
-4.05
-8.47
-13.33
-18.57
-24.20
-30.06
-35.64
-39.99
-42.00
-40.77
-36.00
-28.24
-18.58
-8.40
1.13
9.19
15.44
19.83
22.53
23.75
23.75
22.82
21.25
19.35
17.36
15.39
13.52
11.75
10.13
8.83
8.00
7.69
7.74
7.76
7.28
5.92
3.57
0.40
-3.25
-7.10
-11.02
-15.00
-19.15
-23.53
-28.16
-33.06
-38.15
-43.20
-47.65
-50.64
-51.13
-48.33
-41.95
-32.56
-21.40
-10.00
0.27
8.59
14.83
19.26
22.22
23.94
24.39
23.51
21.44
18.61
15.70
13.34
11.88
11.27
11.20
11.30
11.34
11.30
11.22
11.01
10.41
9.08
6.71
3.32
-0.80
-5.15
-9.28
-13.04
-16.59
-20.34
-24.73
-29.97
-35.85
-41.66
-46.38
-48.95
-48.59
-45.03
-38.53
-29.77
-19.64
-9.00
1.32
10.61
18.26
23.85
27.29
28.86
29.09
28.53
27.58
26.41
24.97
23.30
21.48
19.79
18.45
17.53
16.90
16.31
15.52
14.41
12.95
11.14
8.98
6.43
3.46
0.18
-3.24
-6.66
-10.08
-13.75
-18.11
-23.57
-30.27
-37.76
-45.04
-50.66
-53.21
-51.66
-45.82
-36.40
-24.87
-12.97
-2.30
6.19
12.26
16.28
18.87
20.60
21.76
22.43
22.63
22.40
21.90
21.29
20.60
19.79
18.72
17.33
15.78
14.35
13.32
12.68
12.15
11.19
9.37
6.56
3.08
-0.56
-3.91
-6.83
-9.58
-12.61
-16.42
-21.25
-27.04
-33.40
-39.63
-44.89
-48.22
-48.82
-46.26
-40.66
-32.62
-23.20
-13.54
-4.68
2.63
8.06
11.62
13.77
15.06
16.06
17.04
17.97
18.59
18.65
18.14
17.29
16.48
15.98
15.82
15.80
15.62
15.02
13.86
12.15
9.98
7.50
4.84
2.09
-0.74
-3.75
-7.19
-11.34
-16.49
-22.73
-29.81
-36.93
-42.91
-46.36
-46.13
-41.79
-33.84
-23.55
-12.56
-2.34
6.24
12.96
18.05
21.85
24.51
26.07
26.46
25.71
24.04
21.78
19.34
17.09
15.36
14.38
14.18
14.62
15.31
15.77
15.54
14.37
12.22
9.32
5.91
2.25
-1.52
-5.39
-9.37
-13.59
-18.26
-23.66
-30.00
-37.17
-44.55
-50.98
-54.97
-55.25
-51.18
-43.13
-32.37
-20.68
-9.68
-0.49
6.61
11.98
16.22
19.82
22.92
25.38
26.91
27.39
26.89
25.74
24.28
22.81
21.41
20.04
18.58
16.96
15.26
13.58
12.05
10.64
9.20
7.42
5.03
1.90
-1.89
-6.09
-10.44
-14.93
-19.83
-25.52
-32.16
-39.30
-45.90
-50.49
-51.83
-49.31
-43.18
-34.42
-24.26
-13.83
-3.94
4.93
12.48
18.51
22.93
25.78
27.29
27.75
27.41
26.39
24.78
22.73
20.54
18.63
17.43
17.13
17.64
18.52
19.22
19.18
18.06
15.82
12.65
8.92
4.92
0.80
-3.43
-7.88
-12.71
-18.05
-24.03
-30.72
-38.03
-45.59
-52.65
-58.10
-60.75
-59.71
-54.76
-46.39
-35.72
-24.02
-12.37
-1.46
8.39
16.95
24.08
29.62
33.60
36.14
37.51
38.00
37.82
37.11
35.98
34.63
33.34
32.32
31.60
31.00
30.20
28.90
26.91
24.17
20.68
16.45
11.35
5.17
-2.27
-11.01
-20.74
-30.76
-40.13
-47.81
-52.78
-54.31
-52.11
-46.29
-37.24
-25.41
-11.32
4.19
20.21
36.10
51.48
66.15
79.90
92.59
103.89
113.28
119.89
122.86
122.21
118.60
112.95
106.19
99.20
92.56
86.44
79.96
71.62
60.29
45.42
27.21
6.75
-13.99
-33.45
-48.04
-55.21
-57.16
-57.42
-58.45
-60.65
-64.03
-68.20
-72.79
-77.59
-82.90
-88.96
-94.94
-99.29
-100.30
-96.81
-88.54
-76.24
-61.41
-46.12
-32.18
-20.20
-9.97
-1.00
6.77
12.94
16.67
17.25
14.48
9.16
3.25
-1.04
-2.30
-0.49
3.28
7.42
10.70
12.65
13.53
14.02
14.58
15.13
15.23
14.37
12.37
9.16
4.73
-1.15
-8.60
-17.45
-26.90
-35.61
-42.07
-45.02
-43.95
-39.17
-31.63
-22.53
-13.08
-4.30
3.08
8.63
12.27
14.22
14.94
14.90
14.58
14.28
14.21
14.51
15.31
16.63
18.34
20.08
21.38
21.81
21.15
19.45
16.93
13.73
9.82
4.99
-0.92
-7.93
-15.82
-24.27
-33.20
-42.86
-53.76
-66.31
-80.31
-94.65
-107.53
-116.94
-121.33
-120.09
-113.63
-103.19
-90.39
-76.93
-64.21
-53.21
-44.26
-37.04
-30.63
-23.89
-15.88
-6.31
4.31
14.93
24.41
32.03
37.72
41.94
45.44
48.87
52.70
57.19
62.45
68.43
74.86
81.15
86.50
90.24
92.06
92.21
91.34
90.15
88.96
87.55
85.21
81.12
74.83
66.55
57.30
48.68
42.48
40.09
42.21
48.51
57.89
68.82
79.80
89.70
97.81
103.74
107.27
108.20
106.55
102.61
97.04
90.67
84.22
78.05
72.13
66.16
59.86
53.16
46.22
39.19
32.03
24.40
15.79
5.75
-5.85
-18.67
-31.90
-44.48
-55.41
-64.10
-70.58
-75.48
-79.82
-84.61
-90.32
-96.75
-103.05
-108.10
-110.85
-110.72
-107.53
-101.49
-93.07
-82.93
-72.04
-61.57
-52.82
-46.86
-44.28
-44.98
-48.22
-52.94
-58.06
-62.82
-66.80
-69.93
-72.16
-73.40
-73.39
-71.86
-68.59
-63.60
-57.13
-49.51
-41.12
-32.33
-23.58
-15.50
-8.78
-4.06
-1.68
-1.52
-3.03
-5.41
-7.93
-10.14
-11.90
-13.40
-14.93
-16.88
-19.56
-23.07
-27.11
-30.87
-33.23
-32.97
-29.33
-22.33
-12.79
-2.05
8.49
17.85
25.55
31.51
35.76
38.26
38.94
37.92
35.67
32.91
30.46
28.87
28.27
28.33
28.56
28.53
28.04
27.12
25.86
24.22
21.96
18.75
14.42
9.08
3.22
-2.46
-7.38
-11.24
-14.16
-16.54
-18.84
-21.35
-24.09
-26.87
-29.33
-31.00
-31.33
-29.75
-25.80
-19.29
-10.47
-0.04
11.00
21.68
31.29
39.60
46.82
53.30
59.36
65.04
70.09
74.15
76.94
78.43
78.90
78.81
78.58
78.51
78.64
78.82
78.90
78.65
77.88
76.33
73.67
69.56
63.77
56.35
47.61
37.97
27.82
17.39
6.76
-4.02
-14.84
-25.40
-35.30
-44.02
-50.99
-55.73
-57.90
-57.37
-54.30
-49.20
-42.83
-36.08
-29.74
-24.22
-19.50
-15.20
-10.88
-6.22
-1.26
3.69
8.27
12.22
15.66
18.88
22.16
25.59
28.93
31.87
34.31
36.45
38.69
41.33
44.20
46.57
47.39
45.74
41.40
34.91
27.36
19.86
13.02
6.74
0.41
-6.55
-14.29
-22.37
-29.94
-36.21
-40.64
-43.08
-43.63
-42.50
-39.90
-36.19
-31.87
-27.56
-23.89
-21.26
-19.79
-19.37
-19.80
-20.85
-22.25
-23.60
-24.27
-23.55
-20.89
-16.26
-10.19
-3.60
2.57
7.72
11.77
14.99
17.75
20.16
22.01
22.93
22.62
21.11
18.77
16.13
13.54
10.91
7.80
3.73
-1.50
-7.58
-13.76
-19.14
-23.01
-25.05
-25.40
-24.44
-22.67
-20.52
-18.35
-16.38
-14.81
-13.82
-13.49
-13.90
-15.07
-16.95
-19.41
-22.24
-25.18
-27.97
-30.38
-32.09
-32.66
-31.57
-28.36
-22.85
-15.36
-6.71
2.01
9.71
15.68
19.58
21.54
21.87
21.02
19.33
17.04
14.24
10.85
6.79
2.05
-3.10
-8.13
-12.28
-14.75
-14.94
-12.69
-8.33
-2.57
3.65
9.49
14.38
18.00
20.35
21.56
21.79
21.15
19.75
17.72
15.23
12.51
9.78
7.23
4.99
3.14
1.73
0.72
-0.06
-0.91
-2.11
-3.83
-5.93
-8.13
-10.06
-11.55
-12.79
-14.25
-16.49
-19.85
-24.33
-29.53
-34.82
-39.44
-42.61
-43.63
-42.03
-37.73
-31.14
-23.10
-14.69
-6.84
-0.12
5.43
10.03
13.99
17.42
20.15
21.86
22.32
21.58
20.00
18.16
16.71
16.10
16.45
17.54
18.87
19.90
20.28
19.86
18.78
17.24
15.44
13.54
11.61
9.72
7.92
6.11
4.01
1.16
-2.82
-8.02
-13.93
-19.49
-23.44
-24.74
-22.98
-18.49
-12.17
-5.15
1.61
7.52
12.37
16.21
19.16
21.31
22.67
23.22
23.05
22.30
21.29
20.32
19.70
19.63
20.12
21.00
21.93
22.54
22.44
21.44
19.48
16.71
13.29
9.34
4.85
-0.30
-6.19
-12.83
-20.17
-28.17
-36.90
-46.48
-56.85
-67.49
-77.38
-85.14
-89.49
-89.78
-86.20
-79.67
-71.42
-62.56
-53.83
-45.60
-38.04
-31.28
-25.42
-20.57
-16.72
-13.81
-11.68
-10.20
-9.13
-8.17
-6.97
-5.18
-2.65
0.59
4.24
7.86
10.97
13.11
13.90
13.17
11.05
7.98
4.62
1.58
-0.89
-3.02
-5.47
-8.96
-13.85
-19.89
-26.22
-31.65
-35.09
-35.89
-33.97
-29.74
-23.92
-17.31
-10.70
-4.79
-0.15
2.85
4.14
3.99
2.99
1.80
1.03
0.94
1.49
2.39
3.29
3.93
4.29
4.58
5.10
6.07
7.49
9.04
10.22
10.44
9.30
6.71
2.83
-1.89
-6.98
-12.03
-16.76
-21.04
-24.86
-28.34
-31.63
-34.87
-37.94
-40.38
-41.42
-40.22
-36.22
-29.42
-20.33
-9.83
1.21
12.11
22.48
32.02
40.43
47.33
52.41
55.51
56.75
56.42
54.84
52.30
49.07
45.48
41.92
38.78
36.29
34.41
32.84
31.19
29.15
26.67
23.95
21.28
18.80
16.42
13.82
10.68
6.85
2.38
-2.55
-7.81
-13.31
-18.89
-24.10
-28.06
-29.69
-28.11
-23.07
-15.19
-5.80
3.59
11.82
18.39
23.45
27.30
30.15
31.87
32.24
31.23
29.21
26.86
24.92
23.81
23.47
23.46
23.28
22.63
21.50
20.08
18.59
17.15
15.74
14.26
12.67
10.92
8.85
6.13
2.27
-3.15
-10.13
-18.04
-25.59
-31.20
-33.54
-32.05
-27.00
-19.41
-10.47
-1.30
7.39
15.11
21.50
26.25
29.13
30.14
29.52
27.62
24.80
21.39
17.71
14.14
11.14
9.13
8.31
8.54
9.41
10.31
10.73
10.35
9.07
7.02
4.40
1.40
-1.84
-5.41
-9.51
-14.44
-20.41
-27.26
-34.30
-40.35
-44.06
-44.34
-40.79
-33.90
-24.84
-15.01
-5.57
2.86
10.10
16.18
21.12
24.75
26.84
27.32
26.32
24.24
21.63
19.07
17.03
15.87
15.81
16.83
18.65
20.75
22.47
23.22
22.69
20.96
18.33
15.17
11.67
7.75
3.15
-2.42
-9.07
-16.57
-24.38
-31.69
-37.58
-41.15
-41.72
-39.02
-33.24
-25.08
-15.59
-5.93
2.91
10.31
16.03
20.13
22.78
24.15
24.30
23.34
21.43
18.93
16.34
14.14
12.65
11.90
11.64
11.55
11.38
11.08
10.70
10.23
9.44
7.91
5.24
1.24
-3.97
-10.00
-16.39
-22.87
-29.32
-35.62
-41.38
-45.71
-47.52
-45.78
-40.18
-31.27
-20.33
-8.95
1.52
10.29
17.13
22.03
25.09
26.34
25.93
24.27
22.01
19.91
18.47
17.82
17.65
17.51
17.00
15.96
14.48
12.76
10.93
8.99
6.76
4.01
0.60
-3.42
-7.80
-12.19
-16.28
-19.98
-23.47
-27.12
-31.31
-36.28
-41.89
-47.58
-52.37
-55.14
-54.87
-51.01
-43.65
-33.60
-22.19
-10.87
-0.79
7.43
13.80
18.68
22.51
25.54
27.79
29.14
29.56
29.24
28.55
27.87
27.39
27.07
26.69
26.11
25.38
24.64
23.97
23.23
22.09
20.18
17.32
13.65
9.57
5.57
2.00
-1.01
-3.64
-6.27
-9.39
-13.35
-18.23
-23.65
-28.70
-32.24
-33.14
-30.72
-25.01
-16.78
-7.27
2.13
10.23
16.31
20.10
21.84
22.08
21.52
20.83
20.42
20.32
20.24
19.74
18.48
16.46
14.02
11.69
9.89
8.76
8.12
7.62
7.01
6.18
5.16
3.98
2.54
0.73
-1.50
-4.05
-6.83
-9.87
-13.45
-17.96
-23.55
-29.84
-35.76
-39.88
-40.91
-38.18
-31.92
-23.07
-12.97
-3.00
5.85
13.06
18.50
22.37
24.96
26.54
27.25
27.13
26.22
24.64
22.56
20.22
17.77
15.32
12.92
10.77
9.08
8.03
7.54
7.17
6.28
4.25
0.80
-3.88
-9.34
-15.02
-20.64
-26.23
-32.01
-38.13
-44.43
-50.29
-54.77
-56.86
-55.80
-51.34
-43.79
-33.92
-22.76
-11.36
-0.58
8.97
17.04
23.62
28.96
33.42
37.33
40.84
43.86
46.16
47.62
48.29
48.58
48.92
49.62
50.61
51.52
51.87
51.45
50.40
49.11
47.94
46.89
45.45
42.89
38.55
32.24
24.30
15.56
7.04
-0.24
-5.41
-7.88
-7.37
-4.07
1.31
7.71
13.98
19.27
23.24
25.99
27.95
29.43
30.53
31.01
30.52
28.71
25.54
21.20
16.16
10.92
5.92
1.42
-2.56
-6.12
-9.42
-12.55
-15.56
-18.57
-21.78
-25.46
-29.80
-34.71
-39.75
-44.24
-47.57
-49.48
-50.23
-50.52
-51.20
-52.77
-55.18
-57.67
-59.09
-58.34
-54.80
-48.58
-40.53
-31.88
-23.86
-17.29
-12.43
-9.04
-6.68
-4.98
-3.82
-3.24
-3.37
-4.18
-5.39
-6.52
-7.14
-7.07
-6.52
-5.98
-6.02
-6.92
-8.57
-10.51
-12.22
-13.38
-14.04
-14.54
-15.28
-16.62
-18.65
-21.35
-24.63
-28.32
-32.17
-35.65
-38.02
-38.41
-36.13
-31.01
-23.46
-14.45
-5.24
3.06
9.74
14.60
17.86
19.93
21.08
21.44
20.94
19.59
17.59
15.25
12.95
10.86
9.00
7.21
5.43
3.73
2.31
1.30
0.70
0.24
-0.50
-1.87
-4.03
-6.91
-10.31
-14.03
-17.99
-22.25
-26.88
-31.76
-36.42
-40.03
-41.59
-40.36
-36.08
-29.20
-20.71
-11.81
-3.54
3.46
9.01
13.24
16.38
18.59
19.92
20.38
20.04
19.04
17.61
15.99
14.34
12.72
11.21
9.80
8.56
7.45
6.42
5.31
3.98
2.40
0.67
-1.03
-2.54
-3.95
-5.55
-7.82
-11.10
-15.42
-20.41
-25.27
-29.04
-30.88
-30.27
-27.18
-21.97
-15.32
-7.96
-0.61
6.12
11.73
15.90
18.53
19.76
19.92
19.41
18.49
17.30
15.82
14.04
12.11
10.29
8.87
8.03
7.70
7.63
7.45
6.82
5.54
3.61
1.17
-1.46
-4.01
-6.32
-8.52
-10.95
-14.08
-18.25
-23.42
-29.06
-34.26
-37.94
-39.27
-37.83
-33.72
-27.47
-19.80
-11.52
-3.41
3.92
10.03
14.71
17.98
19.98
20.89
20.89
20.14
18.80
17.08
15.25
13.61
12.41
11.65
11.23
10.87
10.37
9.60
8.62
7.51
6.27
4.85
3.08
0.83
-1.98
-5.34
-9.19
-13.52
-18.38
-23.68
-29.11
-33.95
-37.29
-38.19
-36.11
-31.09
-23.68
-14.77
-5.33
3.82
12.06
18.94
24.10
27.37
28.74
28.48
27.05
25.02
22.82
20.77
19.01
17.62
16.69
16.23
16.19
16.34
16.42
16.08
15.16
13.63
11.54
9.00
5.98
2.51
-1.33
-5.33
-9.26
-12.99
-16.65
-20.54
-24.88
-29.46
-33.48
-35.73
-35.04
-30.80
-23.29
-13.66
-3.42
6.05
13.95
20.10
24.77
28.23
30.64
32.05
32.46
32.06
31.16
30.08
28.97
27.75
26.17
24.01
21.30
18.32
15.52
13.31
11.80
10.78
9.81
8.41
6.36
3.70
0.68
-2.42
-5.50
-8.69
-12.29
-16.56
-21.52
-26.80
-31.70
-35.33
-36.88
-35.90
-32.35
-26.66
-19.58
-12.02
-4.83
1.39
6.32
9.89
12.16
13.24
13.27
12.40
10.83
8.83
6.74
4.89
3.61
3.01
3.00
3.26
3.40
3.12
2.34
1.21
0.04
-0.94
-1.63
-2.14
-2.76
-3.77
-5.39
-7.79
-11.02
-15.15
-20.13
-25.78
-31.60
-36.86
-40.68
-42.19
-40.79
-36.36
-29.26
-20.29
-10.53
-1.06
7.30
14.09
19.21
22.74
24.81
25.50
24.95
23.39
21.29
19.25
17.82
17.29
17.56
18.25
18.88
19.07
18.69
17.83
16.71
15.49
14.22
12.76
11.00
8.89
6.48
3.86
1.08
-1.96
-5.40
-9.24
-13.13
-16.38
-18.13
-17.67
-14.81
-9.98
-4.05
1.95
7.22
11.34
14.23
15.99
16.80
16.77
15.98
14.54
12.59
10.38
8.23
6.49
5.46
5.21
5.58
6.13
6.31
5.68
4.14
1.91
-0.56
-2.85
-4.74
-6.37
-8.08
-10.34
-13.50
-17.68
-22.64
-27.83
-32.44
-35.56
-36.32
-34.21
-29.25
-21.99
-13.43
-4.74
3.05
9.29
13.80
16.71
18.36
19.05
18.94
18.07
16.51
14.46
12.32
10.58
9.69
9.80
10.64
11.66
12.22
11.84
10.44
8.35
6.10
4.17
2.74
1.55
0.01
-2.59
-6.81
-12.91
-20.68
-29.43
-38.06
-45.21
-49.51
-49.99
-46.35
-39.18
-29.72
-19.53
-9.97
-1.89
4.49
9.30
12.68
14.64
15.10
14.13
12.10
9.77
7.92
7.09
7.30
8.05
8.57
8.18
6.65
4.24
1.56
-0.70
-2.18
-2.92
-3.41
-4.30
-6.17
-9.38
-13.96
-19.61
-25.81
-31.75
-36.46
-38.87
-38.15
-34.00
-26.85
-17.81
-8.33
0.32
7.44
12.97
17.25
20.70
23.41
25.15
25.60
24.65
22.54
19.89
17.37
15.43
14.15
13.30
12.58
11.71
10.62
9.29
7.75
5.96
3.84
1.33
-1.53
-4.62
-7.86
-11.23
-14.90
-19.14
-24.22
-30.16
-36.62
-42.76
-47.40
-49.31
-47.60
-42.14
-33.57
-23.18
-12.44
-2.56
5.81
12.59
18.02
22.40
25.81
28.12
29.19
29.04
27.93
26.29
24.54
23.01
21.77
20.78
19.93
19.12
18.29
17.40
16.38
15.11
13.47
11.33
8.65
5.44
1.85
-2.00
-6.03
-10.35
-15.16
-20.72
-26.98
-33.48
-39.27
-43.09
-43.74
-40.58
-33.71
-24.05
-13.05
-2.24
7.19
14.66
20.21
24.23
27.18
29.29
30.57
30.88
30.22
28.85
27.20
25.76
24.85
24.43
24.26
24.01
23.43
22.43
21.02
19.27
17.28
15.08
12.75
10.26
7.45
4.02
-0.37
-5.91
-12.54
-19.89
-27.30
-33.92
-38.79
-40.96
-39.72
-34.81
-26.59
-16.10
-4.76
6.01
15.23
22.45
27.72
31.24
33.18
33.65
32.82
31.09
29.01
27.12
25.72
24.78
24.09
23.42
22.71
22.04
21.56
21.26
20.89
20.08
18.48
15.92
12.51
8.58
4.40
0.23
-3.87
-8.02
-12.40
-17.20
-22.54
-28.27
-33.90
-38.61
-41.36
-41.23
-37.72
-30.98
-21.86
-11.60
-1.48
7.51
14.88
20.48
24.33
26.55
27.28
26.81
25.61
24.23
23.21
22.83
23.04
23.56
24.07
24.35
24.38
24.26
24.02
23.65
22.95
21.74
19.78
16.99
13.41
9.24
4.82
0.52
-3.33
-6.61
-9.50
-12.42
-15.91
-20.36
-25.77
-31.59
-36.85
-40.33
-41.03
-38.41
-32.67
-24.64
-15.50
-6.47
1.55
8.05
12.90
16.19
18.10
18.87
18.79
18.23
17.47
16.77
16.12
15.46
14.69
13.88
13.15
12.69
12.55
12.62
12.68
12.46
11.78
10.55
8.74
6.43
3.70
0.68
-2.45
-5.52
-8.43
-11.21
-14.06
-17.29
-21.15
-25.56
-29.97
-33.44
-34.81
-33.21
-28.41
-21.07
-12.47
-4.09
2.94
8.17
11.76
14.20
15.91
17.04
17.57
17.38
16.49
15.05
13.27
11.41
9.68
8.30
7.42
7.14
7.36
7.75
7.89
7.37
5.98
3.80
1.15
-1.55
-3.99
-6.14
-8.12
-10.22
-12.75
-15.96
-19.95
-24.56
-29.44
-33.96
-37.30
-38.62
-37.20
-32.79
-25.72
-16.88
-7.48
1.32
8.73
14.47
18.60
21.34
22.85
23.17
22.37
20.59
18.22
15.73
13.56
11.89
10.68
9.77
9.01
8.41
8.00
7.74
7.39
6.64
5.16
2.80
-0.32
-3.87
-7.43
-10.73
-13.70
-16.58
-19.73
-23.54
-28.13
-33.21
-38.03
-41.47
-42.52
-40.52
-35.48
-28.11
-19.50
-10.78
-2.78
4.00
9.38
13.29
15.79
16.98
17.14
16.65
15.87
15.04
14.20
13.27
12.22
11.12
10.18
9.59
9.43
9.58
9.80
9.84
9.54
8.77
7.50
5.73
3.50
0.87
-2.14
-5.58
-9.63
-14.48
-20.22
-26.62
-33.10
-38.75
-42.56
-43.69
-41.65
-36.53
-28.94
-19.94
-10.74
-2.36
4.61
10.04
14.13
17.23
19.48
20.85
21.28
20.83
19.76
18.43
17.10
15.90
14.79
13.79
13.01
12.67
12.83
13.29
13.51
12.91
11.15
8.33
4.99
1.74
-0.98
-3.23
-5.40
-8.08
-11.69
-16.38
-21.96
-27.99
-33.85
-38.77
-41.92
-42.49
-39.90
-34.09
-25.59
-15.51
-5.26
3.85
10.93
15.72
18.49
19.80
20.24
20.16
19.65
18.68
17.15
15.17
13.00
11.06
9.76
9.32
9.67
10.45
11.20
11.48
11.10
10.13
8.72
6.98
4.82
2.02
-1.59
-6.02
-11.05
-16.42
-21.92
-27.51
-33.09
-38.21
-42.03
-43.41
-41.39
-35.70
-26.96
-16.58
-6.13
3.08
10.46
16.06
20.24
23.31
25.34
26.21
25.86
24.46
22.46
20.43
18.74
17.54
16.72
16.05
15.38
14.63
13.78
12.75
11.38
9.47
6.95
3.93
0.61
-2.77
-6.10
-9.42
-12.86
-16.65
-21.04
-26.26
-32.32
-38.85
-45.00
-49.52
-51.11
-48.89
-42.74
-33.38
-22.17
-10.60
-0.01
8.83
15.60
20.38
23.47
25.24
26.03
26.08
25.56
24.61
23.40
22.17
21.18
20.62
20.46
20.46
20.24
19.44
17.84
15.51
12.63
9.48
6.23
2.97
-0.35
-3.78
-7.44
-11.40
-15.78
-20.73
-26.34
-32.51
-38.78
-44.28
-47.82
-48.28
-45.01
-38.10
-28.46
-17.47
-6.59
3.10
11.01
17.04
21.35
24.16
25.71
26.21
25.91
25.00
23.67
22.00
20.10
18.15
16.41
15.16
14.53
14.44
14.58
14.56
14.01
12.68
10.51
7.54
3.98
0.05
-3.98
-7.92
-11.71
-15.48
-19.56
-24.37
-30.10
-36.51
-42.80
-47.69
-49.82
-48.21
-42.64
-33.78
-22.92
-11.60
-1.03
8.14
15.75
21.96
26.89
30.56
32.86
33.74
33.37
32.11
30.48
28.94
27.79
27.03
26.44
25.78
24.93
23.96
23.05
22.28
21.51
20.41
18.61
16.02
12.86
9.58
6.55
3.76
0.88
-2.69
-7.36
-13.24
-19.97
-26.86
-33.01
-37.43
-39.19
-37.55
-32.22
-23.58
-12.75
-1.31
9.14
17.44
23.19
26.71
28.75
30.11
31.28
32.36
33.17
33.42
32.98
31.92
30.54
29.16
27.99
27.01
26.01
24.67
22.80
20.38
17.61
14.81
12.22
9.88
7.66
5.24
2.27
-1.61
-6.58
-12.64
-19.48
-26.56
-33.03
-37.99
-40.54
-40.10
-36.49
-30.02
-21.41
-11.65
-1.78
7.27
14.86
20.58
24.34
26.22
26.46
25.32
23.09
20.06
16.62
13.21
10.28
8.16
6.96
6.44
6.13
5.57
4.41
2.59
0.24
-2.38
-5.14
-8.03
-11.18
-14.76
-18.93
-23.77
-29.25
-35.17
-40.98
-45.86
-48.80
-48.89
-45.61
-39.09
-30.12
-19.98
-10.01
-1.26
5.74
11.02
14.85
17.54
19.21
19.81
19.32
17.94
16.06
14.27
12.98
12.26
11.77
10.99
9.48
7.09
4.10
0.97
-1.85
-4.21
-6.29
-8.52
-11.33
-15.00
-19.59
-24.97
-30.98
-37.36
-43.70
-49.31
-53.14
-54.11
-51.37
-44.74
-34.84
-22.94
-10.57
0.89
10.55
18.08
23.59
27.39
29.79
31.00
31.13
30.30
28.69
26.66
24.72
23.30
22.68
22.72
22.95
22.74
21.59
19.37
16.29
12.75
9.10
5.47
1.80
-2.09
-6.35
-11.16
-16.66
-22.98
-30.12
-37.59
-44.44
-49.29
-50.72
-47.78
-40.49
-29.81
-17.38
-4.95
6.09
15.02
21.74
26.53
29.82
31.97
33.25
33.82
33.69
32.85
31.32
29.23
26.95
24.91
23.47
22.71
22.31
21.70
20.38
18.18
15.29
12.18
9.18
6.35
3.42
0.07
-3.90
-8.47
-13.49
-18.95
-24.91
-31.46
-38.33
-44.74
-49.41
-50.96
-48.43
-41.69
-31.51
-19.36
-6.92
4.44
13.93
21.36
26.92
30.94
33.66
35.21
35.76
35.52
34.87
34.15
33.51
32.85
31.90
30.49
28.68
26.78
25.18
24.05
23.26
22.42
21.07
18.91
15.83
11.99
7.64
3.16
-1.12
-4.93
-8.23
-11.26
-14.54
-18.75
-24.37
-31.41
-39.20
-46.50
-51.73
-53.55
-51.23
-44.96
-35.66
-24.79
-13.76
-3.65
4.99
12.00
17.52
21.67
24.60
26.44
27.28
27.29
26.70
25.78
24.85
24.14
23.74
23.56
23.34
22.85
22.04
21.03
20.04
19.23
18.48
17.45
15.70
12.98
9.33
5.10
0.72
-3.45
-7.25
-10.72
-14.00
-17.30
-20.85
-24.92
-29.73
-35.34
-41.43
-47.20
-51.48
-53.01
-50.91
-45.04
-36.03
-25.10
-13.64
-2.86
6.45
13.97
19.72
23.89
26.72
28.33
28.81
28.31
27.09
25.59
24.25
23.41
23.17
23.37
23.73
23.96
23.97
23.78
23.42
22.86
21.94
20.44
18.19
15.17
11.53
7.54
3.42
-0.63
-4.58
-8.52
-12.60
-16.94
-21.59
-26.50
-31.66
-37.06
-42.53
-47.64
-51.52
-53.03
-51.19
-45.59
-36.74
-25.89
-14.60
-4.15
4.81
12.17
18.13
22.77
25.96
27.44
27.13
25.29
22.54
19.65
17.31
15.92
15.48
15.70
16.16
16.48
16.44
16.07
15.52
14.95
14.38
13.64
12.40
10.36
7.37
3.59
-0.60
-4.76
-8.60
-12.13
-15.65
-19.63
-24.47
-30.33
-37.05
-44.03
-50.36
-54.92
-56.59
-54.61
-48.73
-39.42
-27.71
-14.99
-2.64
8.32
17.31
24.18
29.05
32.08
33.49
33.52
32.49
30.79
28.86
27.00
25.38
24.01
22.80
21.72
20.85
20.43
20.67
21.57
22.84
23.87
24.04
22.95
20.64
17.48
13.96
10.44
6.98
3.48
-0.26
-4.32
-8.73
-13.53
-18.83
-24.62
-30.60
-35.93
-39.41
-39.88
-36.66
-29.99
-20.89
-10.86
-1.27
6.92
13.35
18.13
21.50
23.78
25.12
25.70
25.59
24.95
23.92
22.63
21.23
19.84
18.49
17.13
15.61
13.69
11.19
8.07
4.40
0.33
-3.95
-8.32
-12.78
-17.36
-22.04
-26.71
-31.11
-34.98
-38.16
-40.80
-43.27
-45.91
-48.76
-51.26
-52.33
-50.75
-45.77
-37.52
-27.03
-15.85
-5.40
3.46
10.63
16.42
21.19
25.01
27.68
28.89
28.59
27.03
24.77
22.40
20.44
19.18
18.70
18.88
19.52
20.31
20.92
21.06
20.55
19.35
17.55
15.29
12.77
10.11
7.31
4.16
0.31
-4.65
-10.94
-18.33
-26.03
-32.90
-37.67
-39.44
-37.89
-33.49
-27.15
-20.05
-13.18
-7.17
-2.26
1.58
4.42
6.26
7.01
6.67
5.36
3.47
1.56
0.13
-0.60
-0.72
-0.64
-0.86
-1.73
-3.32
-5.41
-7.62
-9.58
-11.11
-12.26
-13.31
-14.70
-16.85
-20.07
-24.46
-29.90
-36.01
-42.13
-47.31
-50.49
-50.74
-47.60
-41.28
-32.63
-22.95
-13.57
-5.45
1.00
5.97
9.92
13.29
16.17
18.32
19.39
19.17
17.85
15.99
14.27
13.17
12.78
12.79
12.81
12.51
11.91
11.18
10.56
10.09
9.57
8.67
6.98
4.19
0.07
-5.33
-11.72
-18.50
-24.80
-29.67
-32.25
-31.99
-28.72
-22.76
-14.70
-5.42
4.12
12.98
20.41
25.94
29.41
30.97
31.00
29.97
28.42
26.78
25.39
24.32
23.43
22.44
21.12
19.38
17.31
15.14
13.04
11.06
9.09
7.02
4.72
2.17
-0.64
-3.83
-7.66
-12.44
-18.38
-25.36
-32.80
-39.67
-44.77
-47.08
-45.98
-41.50
-34.16
-24.83
-14.48
-4.03
5.75
14.26
21.13
26.25
29.73
31.80
32.64
32.34
30.93
28.54
25.50
22.34
19.60
17.58
16.19
14.99
13.43
11.18
8.21
4.86
1.62
-1.21
-3.63
-5.92
-8.54
-11.88
-16.12
-21.19
-26.81
-32.62
-38.05
-42.40
-44.81
-44.47
-40.89
-34.17
-25.08
-14.79
-4.50
4.87
12.88
19.39
24.33
27.62
29.19
29.13
27.85
25.97
24.11
22.68
21.73
21.04
20.33
19.37
18.07
16.52
14.83
13.08
11.28
9.40
7.31
4.79
1.63
-2.37
-7.31
-13.17
-19.77
-26.77
-33.54
-39.23
-42.84
-43.51
-40.80
-34.95
-26.77
-17.39
-7.89
0.97
8.79
15.48
21.00
25.34
28.43
30.26
30.93
30.59
29.40
27.54
25.16
22.50
19.91
17.73
16.24
15.46
15.22
15.12
14.72
13.67
11.76
8.97
5.42
1.33
-3.11
-7.78
-12.69
-17.96
-23.76
-30.12
-36.79
-43.13
-48.19
-50.93
-50.52
-46.65
-39.62
-30.29
-19.76
-9.07
0.97
9.92
17.54
23.73
28.40
31.47
33.00
33.22
32.58
31.60
30.69
30.00
29.49
28.96
28.29
27.48
26.65
25.92
25.32
24.71
23.85
22.49
20.39
17.46
13.68
9.16
4.19
-0.92
-5.84
-10.41
-14.72
-19.10
-23.98
-29.69
-36.23
-43.17
-49.65
-54.54
-56.73
-55.38
-50.24
-41.76
-30.99
-19.30
-7.90
2.38
11.22
18.67
24.82
29.67
33.07
34.94
35.43
34.97
34.17
33.53
33.28
33.29
33.28
33.01
32.44
31.69
30.93
30.18
29.25
27.94
26.08
23.70
20.93
17.95
14.76
11.26
7.33
3.00
-1.48
-5.73
-9.39
-12.31
-14.57
-16.52
-18.61
-21.27
-24.94
-29.89
-36.10
-43.10
-49.94
-55.28
-57.79
-56.58
-51.52
-43.27
-33.01
-22.09
-11.52
-1.95
6.41
13.58
19.60
24.45
28.01
30.21
31.02
30.60
29.21
27.31
25.39
23.98
23.42
23.79
24.86
26.10
26.94
26.98
26.08
24.41
22.28
19.93
17.43
14.75
11.81
8.62
5.30
2.00
-1.14
-4.12
-7.00
-9.89
-12.91
-16.19
-19.90
-24.22
-29.28
-34.96
-40.85
-46.10
-49.61
-50.34
-47.68
-41.73
-33.30
-23.66
-14.09
-5.54
1.64
7.53
12.40
16.40
19.52
21.62
22.59
22.53
21.71
20.54
19.33
18.23
17.21
16.16
15.08
14.10
13.47
13.39
13.86
14.55
14.90
14.36
12.65
9.87
6.46
2.94
-0.31
-3.22
-6.02
-9.04
-12.65
-17.04
-22.24
-28.04
-34.00
-39.39
-43.24
-44.59
-42.67
-37.31
-29.05
-19.07
-8.85
0.31
7.58
12.79
16.28
18.61
20.26
21.43
22.12
22.25
21.81
20.93
19.85
18.73
17.72
16.81
16.01
15.30
14.67
14.12
13.51
12.61
11.16
8.96
5.99
2.39
-1.51
-5.38
-8.93
-12.11
-15.06
-18.13
-21.79
-26.39
-32.05
-38.43
-44.70
-49.61
-51.89
-50.63
-45.62
-37.48
-27.41
-16.80
-6.70
2.29
10.00
16.35
21.25
24.49
26.01
26.04
25.14
23.96
22.93
22.14
21.38
20.41
19.16
17.85
16.82
16.28
16.20
16.30
16.23
15.65
14.36
12.30
9.47
6.02
2.18
-1.82
-5.74
-9.50
-13.20
-17.06
-21.36
-26.28
-31.77
-37.52
-42.87
-47.00
-49.04
-48.32
-44.58
-38.09
-29.63
-20.19
-10.75
-1.97
5.80
12.49
18.06
22.40
25.33
26.81
27.04
26.47
25.60
24.79
24.06
23.21
22.00
20.41
18.67
17.17
16.17
15.63
15.26
14.64
13.39
11.35
8.54
5.13
1.26
-2.88
-7.12
-11.30
-15.31
-19.21
-23.23
-27.65
-32.62
-37.91
-42.84
-46.42
-47.52
-45.44
-40.07
-32.07
-22.64
-13.04
-4.29
3.14
9.20
14.08
17.99
20.92
22.83
23.65
23.50
22.68
21.48
20.21
19.05
18.11
17.46
17.15
17.12
17.20
17.01
16.17
14.44
11.85
8.72
5.49
2.53
-0.07
-2.45
-4.96
-7.88
-11.46
-15.81
-20.97
-26.83
-33.02
-38.88
-43.37
-45.41
-44.12
-39.28
-31.41
-21.70
-11.60
-2.38
5.20
11.04
15.47
18.94
21.67
23.53
24.22
23.47
21.43
18.60
15.73
13.48
12.18
11.80
12.06
12.57
13.01
13.04
12.45
11.07
8.88
6.09
3.06
0.11
-2.66
-5.42
-8.52
-12.29
-16.89
-22.20
-27.85
-33.28
-37.77
-40.46
-40.54
-37.50
-31.33
-22.64
-12.53
-2.29
6.98
14.61
20.32
24.21
26.54
27.58
27.65
26.99
25.86
24.45
22.85
21.16
19.47
17.90
16.58
15.53
14.62
13.62
12.27
10.40
8.07
5.42
2.62
-0.28
-3.39
-6.90
-11.04
-15.95
-21.71
-28.26
-35.32
-42.37
-48.57
-52.82
-54.02
-51.42
-44.89
-35.06
-23.22
-10.91
0.39
9.73
16.68
21.31
23.99
25.23
25.57
25.49
25.34
25.25
25.11
24.62
23.59
21.99
20.16
18.61
17.74
17.55
17.54
17.02
15.44
12.75
9.39
5.94
2.79
-0.15
-3.25
-6.85
-11.12
-15.88
-20.94
-26.17
-31.63
-37.26
-42.56
-46.48
-47.69
-45.07
-38.33
-28.18
-16.18
-4.13
6.48
14.78
20.64
24.37
26.45
27.27
27.15
26.46
25.61
25.00
24.80
24.91
24.98
24.61
23.65
22.26
20.75
19.43
18.27
16.99
15.19
12.64
9.40
5.77
2.09
-1.47
-4.98
-8.55
-12.33
-16.37
-20.75
-25.63
-31.20
-37.43
-43.79
-49.24
-52.41
-52.16
-47.99
-40.35
-30.44
-19.78
-9.65
-0.78
6.72
13.07
18.48
22.99
26.41
28.60
29.56
29.58
29.05
28.27
27.37
26.28
24.94
23.45
22.05
21.11
20.86
21.32
22.27
23.31
23.99
23.82
22.34
19.29
14.70
8.98
2.81
-3.11
-8.41
-13.13
-17.71
-22.71
-28.49
-35.00
-41.66
-47.50
-51.23
-51.67
-48.07
-40.51
-29.99
-18.26
-7.16
1.98
8.75
13.59
17.35
20.65
23.53
25.50
25.97
24.73
22.13
18.98
16.20
14.52
14.24
15.29
17.27
19.59
21.53
22.44
21.85
19.78
16.65
13.25
10.41
8.58
7.66
7.06
5.95
3.61
-0.37
-5.96
-12.76
-20.01
-26.72
-31.78
-34.11
-33.02
-28.34
-20.60
-10.91
-0.64
8.92
16.90
22.86
26.84
29.12
30.08
30.06
29.32
28.00
26.22
24.11
21.88
19.77
18.04
16.89
16.34
16.22
16.20
15.91
15.06
13.48
11.15
8.14
4.55
0.48
-3.91
-8.39
-12.71
-16.78
-20.80
-25.24
-30.55
-36.74
-43.03
-47.98
-49.88
-47.60
-41.06
-31.36
-20.28
-9.55
-0.31
7.09
12.85
17.28
20.57
22.74
23.76
23.75
23.01
21.91
20.81
19.95
19.37
19.01
18.67
18.09
17.06
15.45
13.31
10.86
8.32
5.82
3.32
0.61
-2.47
-5.99
-9.81
-13.72
-17.58
-21.48
-25.80
-30.87
-36.73
-42.78
-47.84
-50.48
-49.59
-44.79
-36.69
-26.62
-16.15
-6.52
1.67
8.46
14.17
19.05
23.03
25.79
27.14
27.17
26.37
25.43
24.82
24.59
24.42
23.87
22.70
21.09
19.46
18.22
17.46
16.99
16.36
15.14
13.08
10.10
6.35
2.07
-2.38
-6.63
-10.51
-14.10
-17.84
-22.30
-27.94
-34.81
-42.35
-49.46
-54.76
-56.98
-55.40
-50.04
-41.59
-31.25
-20.26
-9.66
-0.12
8.04
14.68
19.79
23.41
25.76
27.16
28.01
28.64
29.20
29.61
29.71
29.42
28.76
27.88
26.95
26.07
25.18
24.11
22.56
20.28
17.12
13.22
8.91
4.71
1.10
-1.66
-3.70
-5.39
-7.25
-9.71
-12.99
-17.08
-21.88
-27.28
-33.23
-39.58
-45.86
-51.28
-54.72
-55.14
-51.92
-45.13
-35.48
-24.13
-12.27
-1.02
8.85
16.78
22.51
26.06
27.76
28.15
27.85
27.36
26.97
26.85
27.06
27.61
28.35
28.96
29.06
28.32
26.80
24.91
23.29
22.39
22.20
22.24
21.73
20.09
17.13
13.14
8.65
4.10
-0.25
-4.43
-8.61
-13.02
-17.86
-23.26
-29.20
-35.43
-41.40
-46.31
-49.30
-49.59
-46.80
-41.03
-32.81
-22.99
-12.57
-2.48
6.52
13.88
19.39
23.05
25.03
25.64
25.15
23.93
22.29
20.67
19.50
19.09
19.50
20.39
21.22
21.42
20.73
19.35
17.76
16.44
15.48
14.59
13.20
10.92
7.74
4.15
0.71
-2.21
-4.72
-7.33
-10.64
-15.02
-20.41
-26.44
-32.56
-38.20
-42.76
-45.55
-45.87
-43.15
-37.34
-29.06
-19.51
-10.09
-1.82
4.86
10.07
14.12
17.21
19.30
20.29
20.24
19.46
18.42
17.43
16.54
15.55
14.27
12.67
11.04
9.74
9.07
9.07
9.47
9.84
9.71
8.71
6.66
3.64
-0.07
-4.08
-8.06
-11.89
-15.75
-20.01
-25.00
-30.69
-36.54
-41.53
-44.49
-44.45
-41.05
-34.54
-25.70
-15.60
-5.27
4.35
12.55
18.85
23.01
25.14
25.68
25.18
24.13
22.73
20.91
18.59
15.83
13.05
10.70
9.11
8.28
7.90
7.55
6.91
5.88
4.46
2.66
0.40
-2.37
-5.57
-8.93
-12.10
-15.02
-18.01
-21.73
-26.77
-33.26
-40.54
-47.23
-51.64
-52.33
-48.70
-41.14
-30.88
-19.59
-8.76
0.61
8.10
13.73
17.76
20.42
21.98
22.69
22.89
22.82
22.60
22.13
21.13
19.45
17.20
14.81
12.73
11.29
10.37
9.59
8.52
6.94
4.95
2.77
0.57
-1.76
-4.60
-8.43
-13.50
-19.77
-26.88
-34.20
-40.96
-46.26
-49.16
-48.91
-45.14
-38.10
-28.68
-18.17
-7.83
1.43
9.28
15.82
21.27
25.67
28.67
29.85
28.98
26.43
23.08
20.06
18.21
17.73
18.15
18.67
18.53
17.40
15.40
12.92
10.32
7.85
5.60
3.51
1.44
-0.87
-3.80
-7.76
-12.98
-19.32
-26.18
-32.63
-37.59
-40.07
-39.44
-35.45
-28.34
-18.81
-8.00
2.69
11.93
18.78
22.96
24.79
25.00
24.33
23.22
21.77
19.88
17.55
14.98
12.59
10.78
9.72
9.27
9.17
9.08
8.88
8.58
8.17
7.58
6.62
5.05
2.71
-0.45
-4.39
-9.07
-14.46
-20.47
-26.81
-32.86
-37.66
-40.22
-39.78
-36.15
-29.83
-21.70
-12.88
-4.27
3.56
10.35
16.01
20.45
23.50
25.01
24.94
23.47
21.05
18.28
15.76
13.89
12.75
12.06
11.37
10.33
8.86
7.25
5.90
5.12
4.89
4.78
4.19
2.58
-0.34
-4.58
-9.92
-15.95
-22.13
-27.67
-31.67
-33.21
-31.63
-26.79
-19.14
-9.60
0.64
10.47
19.07
26.01
31.16
34.66
36.62
37.18
36.42
34.55
31.93
29.07
26.49
24.54
23.24
22.26
21.21
19.75
17.84
15.69
13.55
11.64
9.89
8.05
5.72
2.49
-1.91
-7.59
-14.40
-21.96
-29.56
-36.32
-41.21
-43.38
-42.29
-38.02
-31.17
-22.73
-13.79
-5.20
2.47
8.99
14.31
18.41
21.21
22.65
22.69
21.43
19.13
16.19
13.07
10.20
7.82
5.95
4.35
2.64
0.51
-2.09
-4.96
-7.74
-10.16
-12.14
-13.88
-15.73
-18.12
-21.41
-25.80
-31.35
-37.80
-44.61
-50.93
-55.81
-58.33
-57.93
-54.44
-48.13
-39.62
-29.68
-19.25
-9.26
-0.62
6.09
10.58
12.98
13.72
13.28
12.12
10.50
8.51
6.15
3.47
0.61
-2.23
-4.78
-6.81
-8.21
-8.98
-9.30
-9.46
-9.82
-10.83
-12.92
-16.37
-21.26
-27.34
-34.10
-40.90
-47.25
-53.01
-58.44
-63.97
-69.84
-75.82
-81.07
-84.33
-84.40
-80.48
-72.56
-61.28
-47.78
-33.25
-18.71
-4.80
8.12
19.81
30.07
38.64
45.32
49.98
52.69
53.66
53.30
52.07
50.47
48.91
47.66
46.80
46.17
45.45
44.28
42.37
39.63
36.17
32.21
27.93
23.41
18.61
13.43
7.80
1.73
-4.65
-11.15
-17.58
-23.85
-30.08
-36.61
-44.02
-52.88
-63.44
-75.40
-87.76
-98.92
-107.13
-110.88
-109.38
-102.69
-91.68
-77.74
-62.45
-47.17
-32.86
-20.01
-8.73
0.92
8.83
14.82
18.79
21.00
22.21
23.50
25.97
30.29
36.52
44.11
52.29
60.28
67.62
74.15
79.86
84.70
88.53
91.15
92.39
92.20
90.53
87.42
82.87
76.96
69.88
61.95
53.55
44.96
36.17
26.97
17.01
6.16
-5.28
-16.43
-25.95
-32.39
-34.53
-31.72
-24.10
-12.49
1.73
17.01
31.99
45.76
57.97
68.65
77.92
85.65
91.40
94.54
94.71
92.12
87.75
83.03
79.52
78.25
79.57
83.11
88.16
93.99
100.06
106.10
111.82
116.72
119.85
119.91
115.46
105.46
89.68
69.03
45.47
21.66
0.30
-16.53
-27.87
-34.15
-37.10
-39.14
-42.59
-48.94
-58.33
-69.65
-81.07
-90.68
-97.21
-100.26
-100.10
-97.44
-92.98
-87.34
-80.97
-74.25
-67.53
-61.06
-55.01
-49.40
-44.11
-38.90
-33.43
-27.30
-20.18
-11.94
-2.66
7.34
17.69
28.03
38.08
47.52
55.88
62.54
66.77
68.07
66.38
62.16
56.23
49.35
41.96
33.92
24.81
14.10
1.62
-12.20
-26.30
-39.13
-49.03
-54.58
-55.14
-50.96
-43.19
-33.52
-23.62
-14.68
-7.25
-1.30
3.45
7.15
9.74
11.01
10.82
9.22
6.56
3.36
0.23
-2.28
-3.81
-4.28
-3.90
-3.13
-2.48
-2.38
-2.99
-4.24
-5.91
-7.78
-9.69
-11.60
-13.58
-15.78
-18.49
-22.09
-26.95
-33.14
-40.18
-46.97
-52.07
-54.04
-52.09
-46.29
-37.57
-27.33
-16.89
-7.11
1.71
9.55
16.50
22.40
26.88
29.55
30.21
29.03
26.57
23.55
20.68
18.38
16.81
15.82
15.22
14.77
14.27
13.57
12.56
11.09
9.07
6.47
3.30
-0.38
-4.56
-9.30
-14.72
-20.93
-27.88
-35.29
-42.50
-48.63
-52.67
-53.78
-51.54
-46.12
-38.26
-29.08
-19.71
-11.06
-3.56
2.71
7.88
11.98
14.86
16.23
15.82
13.65
10.06
5.72
1.33
-2.58
-5.89
-8.75
-11.53
-14.43
-17.41
-20.27
-22.69
-24.52
-25.74
-26.51
-26.99
-27.31
-27.60
-28.07
-29.01
-30.67
-32.98
-35.38
-36.84
-36.20
-32.57
-25.74
-16.30
-5.36
5.76
16.01
24.75
31.77
37.09
40.87
43.21
44.22
43.90
42.25
39.20
34.63
28.44
20.68
11.67
2.04
-7.30
-15.46
-21.75
-25.89
-27.98
-28.39
-27.60
-26.01
-24.01
-21.85
-19.77
-17.99
-16.73
-16.30
-17.21
-20.15
-25.64
-33.48
-42.26
-49.49
-52.38
-48.99
-39.24
-25.00
-9.27
5.05
16.36
24.61
30.82
36.17
41.21
45.82
49.49
51.83
52.90
53.06
52.75
52.27
51.73
51.17
50.45
49.58
48.53
47.31
45.92
44.39
42.62
40.44
37.68
34.14
29.83
24.94
19.74
14.50
9.29
4.04
-1.44
-7.26
-13.24
-18.82
-23.19
-25.46
-24.97
-21.50
-15.32
-7.17
2.07
11.49
20.38
28.25
34.80
39.86
43.32
45.24
45.76
45.21
43.98
42.40
40.65
38.69
36.29
33.16
29.17
24.38
19.11
13.82
8.92
4.69
1.15
-1.81
-4.48
-7.10
-9.92
-13.12
-16.83
-21.03
-25.59
-30.25
-34.71
-38.75
-42.36
-45.77
-49.37
-53.51
-58.20
-62.93
-66.75
-68.52
-67.31
-62.79
-55.26
-45.51
-34.48
-22.97
-11.55
-0.58
9.60
18.62
26.20
32.24
36.94
40.66
43.74
46.36
48.40
49.66
49.93
49.21
47.66
45.56
43.10
40.34
37.18
33.50
29.18
24.28
18.96
13.50
8.08
2.78
-2.51
-7.98
-13.75
-19.68
-25.41
-30.51
-34.67
-37.91
-40.53
-42.96
-45.52
-48.34
-51.32
-54.32
-57.20
-59.74
-61.58
-62.06
-60.42
-56.12
-49.08
-39.95
-29.86
-20.02
-11.39
-4.41
0.90
4.81
7.54
9.24
10.00
9.95
9.30
8.37
7.38
6.37
5.16
3.44
0.96
-2.32
-6.10
-9.91
-13.29
-16.00
-18.17
-20.17
-22.45
-25.33
-28.90
-33.01
-37.35
-41.61
-45.46
-48.71
-51.26
-53.20
-54.85
-56.65
-59.00
-61.99
-65.26
-67.90
-68.80
-66.94
-61.85
-53.70
-43.21
-31.37
-19.10
-7.13
4.04
13.99
22.30
28.56
32.51
34.09
33.54
31.37
28.25
24.86
21.80
19.47
18.12
17.69
18.02
18.85
20.01
21.37
22.92
24.67
26.56
28.40
29.87
30.63
30.35
28.94
26.57
23.60
20.42
17.23
13.85
9.73
4.20
-3.14
-12.11
-21.79
-30.74
-37.42
-40.69
-40.02
-35.61
-28.20
-18.76
-8.34
2.07
11.58
19.42
25.09
28.51
29.99
30.12
29.51
28.56
27.35
25.76
23.75
21.52
19.53
18.28
18.07
18.80
20.05
21.29
22.06
22.10
21.32
19.69
17.19
13.84
9.82
5.51
1.39
-2.13
-4.91
-7.27
-9.83
-13.21
-17.73
-23.16
-28.62
-32.84
-34.50
-32.67
-27.10
-18.28
-7.21
4.88
16.93
28.19
38.28
47.03
54.30
59.87
63.37
64.40
62.70
58.37
51.92
44.22
36.29
29.04
23.03
18.46
15.19
12.91
11.26
9.84
8.21
5.89
2.41
-2.47
-8.60
-15.47
-22.34
-28.54
-33.72
-37.92
-41.55
-45.12
-49.12
-53.76
-58.91
-64.01
-68.20
-70.36
-69.47
-64.92
-56.76
-45.76
-33.26
-20.78
-9.67
-0.76
5.68
9.95
12.70
14.69
16.60
18.89
21.72
25.05
28.55
31.83
34.43
35.88
35.79
33.98
30.51
25.71
20.11
14.24
8.49
2.99
-2.28
-7.43
-12.53
-17.63
-22.83
-28.30
-34.36
-41.26
-49.05
-57.32
-65.12
-71.06
-73.75
-72.23
-66.38
-57.05
-45.71
-34.00
-23.15
-13.73
-5.72
1.16
7.12
12.14
16.03
18.71
20.37
21.41
22.31
23.46
25.00
26.92
29.13
31.56
34.13
36.76
39.29
41.54
43.31
44.38
44.53
43.49
40.99
36.81
30.91
23.36
14.37
4.27
-6.44
-16.98
-26.24
-32.92
-35.91
-34.63
-29.34
-21.04
-11.10
-0.88
8.62
16.86
23.62
28.88
32.66
34.97
35.85
35.38
33.75
31.26
28.36
25.54
23.24
21.62
20.58
19.77
18.80
17.45
15.78
14.02
12.37
10.85
9.17
6.88
3.59
-0.87
-6.46
-12.95
-20.07
-27.51
-34.86
-41.50
-46.55
-49.05
-48.21
-43.72
-35.89
-25.71
-14.44
-3.43
6.35
14.38
20.69
25.51
29.13
31.63
32.87
32.68
31.10
28.52
25.66
23.28
21.79
21.15
20.89
20.47
19.57
18.18
16.47
14.57
12.45
9.88
6.68
2.77
-1.81
-6.95
-12.69
-19.07
-26.15
-33.76
-41.33
-47.93
-52.40
-53.73
-51.31
-45.21
-36.17
-25.38
-14.16
-3.61
5.63
13.31
19.44
24.11
27.34
29.13
29.58
28.92
27.50
25.67
23.74
21.93
20.45
19.37
18.73
18.35
17.95
17.18
15.82
13.83
11.32
8.45
5.30
1.85
-2.01
-6.38
-11.32
-16.85
-23.02
-29.75
-36.78
-43.45
-48.73
-51.45
-50.66
-45.99
-37.84
-27.27
-15.62
-4.17
6.14
14.83
21.74
26.92
30.48
32.55
33.31
33.02
32.04
30.77
29.56
28.61
27.90
27.27
26.53
25.65
24.75
23.98
23.34
22.55
21.11
18.51
14.60
9.70
4.52
-0.15
-3.88
-6.82
-9.60
-13.07
-17.84
-24.03
-31.24
-38.63
-45.16
-49.75
-51.50
-49.84
-44.68
-36.51
-26.35
-15.47
-5.14
3.73
10.79
16.13
20.09
23.02
25.11
26.40
26.94
26.86
26.44
25.97
25.63
25.39
25.07
24.49
23.66
22.82
22.29
22.24
22.52
22.66
22.05
20.24
17.17
13.10
8.59
4.20
0.22
-3.33
-6.71
-10.33
-14.54
-19.60
-25.52
-32.02
-38.46
-43.95
-47.45
-48.10
-45.45
-39.67
-31.55
-22.21
-12.79
-4.07
3.54
10.01
15.34
19.48
22.31
23.74
23.95
23.30
22.27
21.25
20.39
19.57
18.65
17.56
16.48
15.75
15.64
16.15
16.88
17.22
16.53
14.48
11.15
6.94
2.38
-2.06
-6.15
-9.86
-13.27
-16.60
-20.13
-24.16
-28.89
-34.15
-39.37
-43.52
-45.42
-44.23
-39.71
-32.40
-23.37
-13.89
-4.95
2.81
9.16
14.02
17.41
19.35
20.03
19.81
19.19
18.64
18.42
18.48
18.59
18.47
18.01
17.30
16.59
16.09
15.91
15.92
15.80
15.15
13.63
11.09
7.63
3.56
-0.69
-4.79
-8.60
-12.20
-15.84
-19.83
-24.44
-29.78
-35.81
-42.09
-47.79
-51.77
-52.86
-50.31
-44.16
-35.29
-25.11
-15.08
-6.20
1.14
7.02
11.69
15.29
17.81
19.19
19.63
19.50
19.31
19.40
19.81
20.31
20.60
20.51
20.15
19.79
19.67
19.81
20.01
19.88
19.10
17.49
15.04
11.80
7.80
3.07
-2.24
-7.85
-13.30
-18.17
-22.32
-26.07
-29.97
-34.56
-39.95
-45.61
-50.40
-53.04
-52.53
-48.54
-41.56
-32.64
-23.02
-13.79
-5.56
1.45
7.36
12.37
16.61
20.08
22.65
24.23
24.84
24.69
24.11
23.41
22.82
22.39
22.11
21.89
21.65
21.40
21.16
20.96
20.72
20.22
19.15
17.16
14.07
9.95
5.15
0.17
-4.58
-8.92
-12.94
-16.91
-21.04
-25.50
-30.35
-35.58
-41.06
-46.39
-50.85
-53.46
-53.28
-49.84
-43.33
-34.63
-24.91
-15.30
-6.49
1.26
7.91
13.48
17.84
20.77
22.21
22.35
21.68
20.83
20.29
20.30
20.75
21.32
21.69
21.64
21.19
20.51
19.78
19.07
18.31
17.23
15.57
13.04
9.61
5.42
0.83
-3.72
-7.97
-11.91
-15.84
-20.26
-25.58
-31.94
-38.99
-45.87
-51.40
-54.41
-54.01
-49.93
-42.60
-32.99
-22.36
-11.90
-2.55
5.20
11.24
15.68
18.77
20.77
21.92
22.36
22.21
21.57
20.54
19.21
17.66
15.92
14.08
12.29
10.79
9.81
9.38
9.30
9.12
8.35
6.72
4.24
1.22
-2.01
-5.29
-8.78
-12.83
-17.73
-23.51
-29.87
-36.24
-41.97
-46.37
-48.86
-48.93
-46.26
-40.84
-33.07
-23.79
-14.13
-5.14
2.52
8.78
14.02
18.82
23.57
28.27
32.60
36.14
38.55
39.72
39.74
38.82
37.21
35.16
32.96
30.88
29.12
27.72
26.48
24.98
22.73
19.31
14.58
8.76
2.37
-3.90
-9.49
-14.23
-18.40
-22.60
-27.42
-32.94
-38.61
-43.27
-45.64
-44.71
-40.19
-32.52
-22.60
-11.49
-0.09
10.94
21.20
30.40
38.27
44.64
49.36
52.44
53.98
54.21
53.42
51.97
50.23
48.49
46.96
45.69
44.62
43.61
42.50
41.16
39.48
37.38
34.74
31.50
27.61
23.16
18.28
13.16
7.94
2.68
-2.69
-8.39
-14.64
-21.55
-28.89
-35.93
-41.53
-44.47
-43.87
-39.66
-32.66
-24.35
-16.32
-9.73
-5.06
-2.11
-0.43
0.39
0.57
0.05
-1.32
-3.71
-7.25
-12.03
-18.05
-25.10
-32.67
-39.87
-45.58
-48.70
-48.60
-45.34
-39.79
-33.41
-27.83
-24.36
-23.62
-25.56
-29.59
-34.98
-41.22
-48.00
-55.26
-62.97
-70.97
-78.98
-86.51
-92.89
-97.34
-99.04
-97.33
-91.93
-83.12
-71.76
-59.16
-46.91
-36.47
-28.90
-24.62
-23.23
-23.63
-24.19
-23.28
-19.65
-12.80
-2.96
9.05
22.17
35.40
47.91
59.08
68.37
75.29
79.40
80.41
78.25
73.19
65.79
56.88
47.40
38.23
30.18
23.86
19.69
17.78
17.82
19.11
20.59
21.32
20.83
19.38
17.83
17.19
18.18
20.86
24.84
29.53
34.44
39.31
43.95
48.07
51.22
53.04
53.38
52.50
50.81
48.77
46.61
44.41
42.20
40.06
38.20
36.77
35.79
35.01
33.98
32.15
29.07
24.57
18.77
12.01
4.76
-2.57
-9.65
-16.30
-22.46
-28.14
-33.40
-38.14
-42.08
-44.54
-44.60
-41.36
-34.43
-24.30
-12.43
-0.75
8.91
15.52
19.02
20.01
19.17
16.86
13.08
7.78
1.33
-5.37
-11.14
-15.03
-16.81
-17.06
-16.90
-17.48
-19.41
-22.64
-26.65
-30.83
-34.72
-38.17
-41.28
-44.17
-46.98
-49.81
-52.79
-56.03
-59.54
-63.00
-65.68
-66.48
-64.26
-58.23
-48.26
-34.99
-19.62
-3.51
12.15
26.60
39.45
50.55
59.86
67.36
73.06
77.09
79.72
81.27
82.09
82.48
82.70
82.84
82.89
82.65
81.76
79.79
76.34
71.20
64.45
56.42
47.58
38.39
29.20
20.29
11.82
3.88
-3.61
-10.95
-18.66
-27.29
-37.06
-47.51
-57.48
-65.34
-69.59
-69.42
-65.06
-57.70
-49.00
-40.53
-33.37
-27.97
-24.19
-21.62
-19.67
-17.77
-15.52
-12.73
-9.54
-6.32
-3.45
-1.09
0.93
3.09
5.91
9.59
13.95
18.48
22.53
25.70
27.88
29.18
29.73
29.57
28.59
26.63
23.58
19.45
14.37
8.48
1.97
-4.94
-11.82
-18.03
-22.75
-25.16
-24.66
-21.05
-14.69
-6.46
2.43
10.78
17.61
22.49
25.49
27.07
27.79
28.19
28.53
28.83
28.99
28.84
28.36
27.58
26.68
25.78
24.87
23.75
22.15
19.84
16.76
13.08
9.12
5.18
1.43
-2.13
-5.65
-9.34
-13.32
-17.69
-22.46
-27.55
-32.72
-37.50
-41.18
-42.96
-42.26
-38.94
-33.44
-26.56
-19.20
-12.03
-5.30
0.95
6.81
12.17
16.73
20.02
21.64
21.40
19.43
16.15
12.23
8.50
5.79
4.67
5.27
7.12
9.35
11.01
11.38
10.23
7.75
4.44
0.80
-2.89
-6.52
-10.16
-13.99
-18.14
-22.68
-27.53
-32.42
-36.90
-40.35
-42.09
-41.53
-38.36
-32.71
-25.20
-16.80
-8.61
-1.57
3.82
7.54
9.89
11.26
11.89
11.80
10.96
9.34
7.17
4.85
2.81
1.34
0.56
0.31
0.33
0.38
0.35
0.24
0.13
0.04
-0.21
-0.94
-2.56
-5.38
-9.51
-14.78
-20.85
-27.24
-33.33
-38.43
-41.72
-42.43
-40.15
-34.99
-27.74
-19.59
-11.75
-5.02
0.45
4.97
9.06
12.93
16.40
19.01
20.31
20.19
18.97
17.25
15.66
14.58
14.06
13.92
13.92
13.90
13.83
13.66
13.30
12.58
11.35
9.53
7.19
4.38
1.05
-3.00
-8.02
-14.10
-20.90
-27.62
-33.13
-36.31
-36.39
-33.27
-27.36
-19.51
-10.65
-1.54
7.23
15.18
21.89
26.97
30.14
31.35
30.83
29.07
26.65
24.15
21.96
20.28
19.10
18.25
17.48
16.52
15.18
13.41
11.32
9.13
7.02
5.13
3.43
1.77
-0.14
-2.65
-6.07
-10.61
-16.19
-22.44
-28.60
-33.74
-36.88
-37.27
-34.63
-29.25
-21.89
-13.57
-5.32
2.19
8.60
13.83
17.92
20.85
22.63
23.29
23.08
22.38
21.66
21.17
20.91
20.58
19.88
18.63
16.97
15.32
14.16
13.77
14.08
14.69
15.02
14.50
12.77
9.66
5.17
-0.65
-7.63
-15.39
-23.22
-30.08
-34.87
-36.75
-35.45
-31.38
-25.49
-18.81
-12.16
-5.97
-0.37
4.59
8.76
11.82
13.49
13.70
12.73
11.13
9.50
8.26
7.48
6.95
6.28
5.19
3.64
1.81
0.01
-1.52
-2.68
-3.57
-4.42
-5.52
-7.12
-9.44
-12.62
-16.64
-21.27
-25.99
-30.04
-32.62
-33.05
-31.03
-26.66
-20.37
-12.82
-4.73
3.18
10.22
15.94
20.11
22.79
24.19
24.61
24.24
23.19
21.56
19.53
17.38
15.42
13.87
12.79
12.07
11.49
10.85
10.00
8.89
7.56
6.12
4.64
3.04
1.07
-1.65
-5.45
-10.33
-15.76
-20.76
-24.19
-25.16
-23.37
-19.15
-13.30
-6.73
-0.13
6.03
11.50
16.15
19.82
22.39
23.78
24.04
23.26
21.63
19.40
16.89
14.44
12.39
10.93
10.03
9.41
8.73
7.68
6.15
4.16
1.92
-0.47
-2.98
-5.76
-9.08
-13.18
-18.19
-23.91
-29.88
-35.26
-39.15
-40.72
-39.46
-35.31
-28.68
-20.33
-11.24
-2.38
5.49
11.92
16.82
20.36
22.76
24.11
24.32
23.24
20.82
17.39
13.55
10.02
7.34
5.60
4.51
3.52
2.17
0.26
-2.10
-4.69
-7.34
-10.03
-12.87
-15.97
-19.37
-23.02
-26.94
-31.23
-36.07
-41.49
-47.09
-51.99
-54.91
-54.68
-50.68
-43.18
-33.21
-22.27
-11.71
-2.38
5.41
11.75
16.78
20.56
23.01
24.16
24.19
23.50
22.50
21.49
20.54
19.59
18.58
17.55
16.63
15.98
15.59
15.25
14.61
13.32
11.18
8.22
4.70
0.99
-2.61
-5.98
-9.25
-12.76
-16.94
-22.07
-28.20
-34.93
-41.52
-46.93
-50.10
-50.22
-46.90
-40.38
-31.42
-21.13
-10.69
-1.05
7.20
13.82
18.87
22.47
24.75
25.81
25.77
24.79
23.16
21.25
19.42
17.97
17.11
16.94
17.40
18.30
19.34
20.12
20.29
19.64
18.12
15.85
12.98
9.65
5.98
2.04
-2.05
-6.16
-10.24
-14.34
-18.70
-23.63
-29.22
-35.23
-40.84
-44.93
-46.36
-44.37
-38.90
-30.63
-20.78
-10.63
-1.29
6.69
13.15
18.21
21.98
24.44
25.53
25.23
23.78
21.63
19.37
17.54
16.45
16.14
16.38
16.82
17.14
17.08
16.55
15.52
14.09
12.33
10.27
7.90
5.14
1.93
-1.76
-5.96
-10.76
-16.30
-22.72
-29.85
-37.13
-43.45
-47.45
-47.97
-44.44
-37.22
-27.39
-16.39
-5.50
4.37
12.76
19.52
24.53
27.78
29.30
29.28
28.07
26.10
23.72
21.22
18.83
16.75
15.20
14.34
14.15
14.38
14.61
14.42
13.46
11.66
9.10
5.99
2.54
-1.11
-4.97
-9.10
-13.71
-19.03
-25.23
-32.28
-39.70
-46.56
-51.60
-53.60
-51.78
-46.10
-37.28
-26.54
-15.24
-4.49
4.97
12.82
18.93
23.37
26.30
27.93
28.54
28.36
27.56
26.22
24.47
22.56
20.93
20.06
20.25
21.44
23.12
24.56
25.04
24.16
22.00
18.97
15.54
12.07
8.61
4.96
0.83
-4.05
-9.82
-16.44
-23.63
-30.91
-37.52
-42.55
-45.03
-44.17
-39.66
-31.79
-21.45
-10.00
1.18
10.93
18.58
23.98
27.35
29.07
29.50
28.93
27.61
25.78
23.66
21.51
19.55
17.93
16.73
15.95
15.47
15.07
14.50
13.52
12.04
10.09
7.83
5.39
2.83
0.11
-2.89
-6.34
-10.44
-15.37
-21.24
-27.97
-35.11
-41.82
-47.02
-49.60
-48.81
-44.43
-36.84
-26.93
-15.84
-4.78
5.20
13.30
19.19
22.92
24.96
25.92
26.29
26.36
26.08
25.24
23.72
21.59
19.13
16.77
14.87
13.63
13.06
12.93
12.97
12.88
12.46
11.52
9.94
7.64
4.58
0.85
-3.39
-7.93
-12.70
-17.80
-23.44
-29.83
-36.75
-43.52
-48.94
-51.72
-50.83
-45.95
-37.53
-26.69
-14.86
-3.38
6.71
14.80
20.71
24.56
26.60
27.16
26.53
24.99
22.82
20.37
18.02
16.18
15.10
14.85
15.24
15.92
16.43
16.37
15.50
13.73
11.18
8.05
4.62
1.06
-2.51
-6.07
-9.71
-13.60
-17.98
-23.03
-28.68
-34.41
-39.21
-41.82
-41.09
-36.49
-28.40
-17.99
-6.91
3.34
11.77
18.09
22.52
25.49
27.27
27.96
27.50
25.95
23.56
20.86
18.42
16.70
15.82
15.54
15.47
15.21
14.59
13.62
12.39
10.94
9.11
6.69
3.53
-0.33
-4.72
-9.48
-14.57
-20.22
-26.70
-34.09
-41.91
-49.15
-54.40
-56.35
-54.24
-48.16
-38.92
-27.77
-16.02
-4.71
5.44
13.99
20.60
25.10
27.49
28.07
27.39
26.14
24.90
23.95
23.29
22.74
22.14
21.47
20.86
20.46
20.20
19.88
19.07
17.47
14.93
11.54
7.59
3.39
-0.83
-4.98
-9.14
-13.56
-18.52
-24.24
-30.72
-37.61
-44.18
-49.40
-52.17
-51.65
-47.48
-39.92
-29.81
-18.37
-6.89
3.56
12.26
18.97
23.77
26.93
28.76
29.53
29.53
29.07
28.46
27.94
27.59
27.35
27.02
26.50
25.84
25.25
24.94
24.94
25.01
24.72
23.66
21.57
18.51
14.72
10.53
6.22
1.92
-2.29
-6.40
-10.45
-14.65
-19.30
-24.80
-31.27
-38.29
-44.83
-49.49
-50.88
-48.23
-41.61
-31.93
-20.63
-9.18
1.30
10.15
17.23
22.63
26.56
29.18
30.60
31.01
30.64
29.88
29.14
28.72
28.66
28.75
28.63
28.07
27.10
26.05
25.33
25.18
25.44
25.62
25.04
23.19
19.94
15.52
10.43
5.23
0.29
-4.24
-8.43
-12.45
-16.51
-20.79
-25.45
-30.60
-36.14
-41.73
-46.64
-49.87
-50.38
-47.49
-41.13
-31.97
-21.13
-9.97
0.42
9.31
16.33
21.39
24.54
25.95
25.90
24.83
23.22
21.51
19.97
18.71
17.73
17.08
16.82
17.02
17.64
18.46
19.14
19.33
18.76
17.35
15.13
12.25
8.80
4.96
0.83
-3.35
-7.36
-11.07
-14.53
-18.10
-22.22
-27.19
-32.88
-38.56
-43.03
-44.99
-43.52
-38.37
-30.07
-19.73
-8.71
1.80
10.93
18.20
23.48
26.88
28.67
29.22
28.91
28.07
26.92
25.60
24.28
23.14
22.38
22.05
22.05
22.07
21.78
20.97
19.64
17.94
15.99
13.67
10.68
6.70
1.63
-4.23
-10.26
-15.82
-20.47
-24.21
-27.45
-30.85
-35.04
-40.37
-46.63
-53.05
-58.40
-61.31
-60.75
-56.30
-48.33
-37.86
-26.23
-14.69
-4.27
4.39
10.97
15.44
18.05
19.25
19.62
19.65
19.68
19.79
19.88
19.85
19.66
19.37
19.07
18.77
18.47
18.16
17.88
17.70
17.54
17.12
16.01
13.72
10.03
5.16
-0.25
-5.43
-9.83
-13.45
-16.76
-20.52
-25.37
-31.54
-38.72
-46.13
-52.76
-57.51
-59.49
-58.13
-53.32
-45.48
-35.46
-24.40
-13.44
-3.47
5.01
11.89
17.30
21.47
24.57
26.74
28.10
28.82
29.05
28.97
28.70
28.28
27.76
27.15
26.54
26.02
25.73
25.73
25.93
26.08
25.77
24.60
22.25
18.66
14.04
8.82
3.52
-1.45
-5.93
-10.00
-13.94
-18.04
-22.58
-27.67
-33.29
-39.17
-44.77
-49.29
-51.74
-51.25
-47.33
-40.11
-30.43
-19.60
-9.00
0.31
7.77
13.32
17.19
19.71
21.12
21.62
21.38
20.63
19.64
18.68
17.92
17.39
17.03
16.76
16.55
16.45
16.57
16.94
17.41
17.65
17.25
15.90
13.53
10.35
6.73
3.01
-0.65
-4.28
-8.00
-11.96
-16.31
-21.13
-26.42
-31.95
-37.12
-40.98
-42.40
-40.51
-35.07
-26.66
-16.54
-6.28
2.83
10.01
15.13
18.50
20.58
21.81
22.42
22.54
22.23
21.55
20.60
19.48
18.27
17.12
16.15
15.53
15.39
15.75
16.42
17.01
16.95
15.78
13.26
9.46
4.80
-0.21
-5.13
-9.73
-14.04
-18.35
-22.97
-28.22
-34.27
-40.99
-47.89
-54.08
-58.38
-59.60
-56.95
-50.34
-40.51
-28.83
-16.89
-5.98
3.12
10.24
15.63
19.63
22.47
24.28
25.16
25.26
24.84
24.15
23.37
22.54
21.68
20.84
20.16
19.78
19.70
19.76
19.61
18.90
17.39
15.00
11.82
8.03
3.77
-0.80
-5.51
-10.19
-14.79
-19.41
-24.44
-30.28
-37.15
-44.71
-51.96
-57.42
-59.57
-57.46
-51.05
-41.28
-29.64
-17.67
-6.51
3.28
11.53
18.22
23.24
26.47
27.90
27.83
26.84
25.64
24.73
24.28
24.14
24.02
23.77
23.46
23.32
23.52
23.94
24.17
23.64
21.94
19.00
15.15
10.83
6.40
1.98
-2.52
-7.23
-12.19
-17.39
-22.83
-28.62
-34.85
-41.35
-47.42
-51.93
-53.59
-51.48
-45.49
-36.37
-25.43
-14.06
-3.29
6.27
14.34
20.78
25.48
28.40
29.67
29.67
28.87
27.75
26.60
25.53
24.56
23.74
23.17
22.97
23.12
23.50
23.79
23.62
22.69
20.81
18.05
14.55
10.58
6.37
2.06
-2.24
-6.53
-10.90
-15.54
-20.72
-26.65
-33.27
-40.09
-46.11
-49.99
-50.45
-46.79
-39.14
-28.56
-16.67
-5.18
4.65
12.22
17.57
21.14
23.44
24.87
25.65
25.87
25.59
24.91
23.97
22.92
21.90
20.99
20.27
19.77
19.42
19.13
18.67
17.80
16.29
14.02
11.00
7.36
3.32
-0.92
-5.24
-9.62
-14.23
-19.27
-24.93
-31.13
-37.36
-42.72
-46.05
-46.30
-42.87
-35.90
-26.23
-15.19
-4.18
5.66
13.75
19.99
24.63
28.02
30.42
31.96
32.61
32.40
31.43
29.96
28.35
26.95
25.96
25.34
24.89
24.36
23.49
22.16
20.30
17.89
14.89
11.26
7.03
2.36
-2.50
-7.30
-11.95
-16.66
-21.84
-27.91
-34.98
-42.60
-49.73
-54.97
-56.95
-54.81
-48.49
-38.75
-26.95
-14.63
-3.15
6.55
14.10
19.57
23.32
25.79
27.36
28.21
28.37
27.83
26.62
24.96
23.22
21.78
20.91
20.66
20.87
21.27
21.55
21.44
20.68
19.01
16.24
12.35
7.57
2.35
-2.80
-7.56
-11.96
-16.47
-21.72
-28.15
-35.63
-43.30
-49.72
-53.29
-52.83
-48.00
-39.39
-28.25
-16.08
-4.24
6.26
14.83
21.26
25.62
28.23
29.57
30.11
30.15
29.80
29.00
27.71
26.12
24.58
23.49
23.04
23.09
23.29
23.21
22.58
21.26
19.25
16.59
13.28
9.35
4.94
0.27
-4.40
-8.96
-13.50
-18.32
-23.74
-29.79
-35.98
-41.27
-44.32
-43.96
-39.66
-31.85
-21.75
-11.01
-1.09
7.16
13.59
18.51
22.32
25.13
26.78
27.01
25.81
23.55
20.95
18.75
17.45
17.10
17.40
17.93
18.38
18.60
18.58
18.26
17.44
15.83
13.19
9.51
5.01
0.02
-5.21
-10.65
-16.45
-22.73
-29.37
-35.80
-41.07
-44.09
-44.01
-40.51
-33.92
-25.11
-15.24
-5.43
3.38
10.64
16.15
19.96
22.26
23.25
23.05
21.78
19.58
16.76
13.81
11.35
9.83
9.39
9.71
10.16
10.06
9.05
7.21
5.01
2.94
1.21
-0.43
-2.49
-5.52
-9.74
-14.99
-20.91
-27.06
-33.13
-38.80
-43.54
-46.46
-46.53
-43.01
-35.90
-26.15
-15.33
-5.06
3.58
10.31
15.47
19.54
22.81
25.11
26.11
25.62
23.82
21.35
18.97
17.30
16.56
16.54
16.82
16.92
16.57
15.64
14.16
12.23
9.93
7.26
4.19
0.67
-3.37
-7.95
-13.08
-18.82
-25.19
-32.07
-39.07
-45.43
-50.03
-51.72
-49.69
-43.82
-34.76
-23.75
-12.33
-1.80
6.98
13.75
18.66
22.14
24.63
26.47
27.83
28.64
28.82
28.32
27.22
25.83
24.51
23.52
22.90
22.50
21.98
21.07
19.60
17.59
15.19
12.50
9.56
6.32
2.66
-1.50
-6.15
-11.24
-16.73
-22.62
-28.92
-35.46
-41.76
-46.90
-49.77
-49.35
-45.18
-37.62
-27.69
-16.85
-6.41
2.80
10.44
16.59
21.43
25.04
27.40
28.53
28.62
28.06
27.33
26.84
26.80
27.18
27.70
27.99
27.74
26.82
25.33
23.56
21.83
20.29
18.87
17.21
14.93
11.78
7.81
3.37
-1.09
-5.21
-8.91
-12.35
-15.88
-19.80
-24.38
-29.67
-35.54
-41.56
-47.00
-50.95
-52.53
-51.15
-46.71
-39.64
-30.72
-20.88
-10.99
-1.71
6.36
12.84
17.47
20.28
21.56
21.85
21.75
21.72
21.98
22.46
22.99
23.39
23.55
23.50
23.31
23.00
22.53
21.78
20.62
18.99
16.82
14.12
10.95
7.39
3.54
-0.50
-4.70
-9.09
-13.72
-18.60
-23.68
-28.76
-33.57
-37.71
-40.73
-42.13
-41.42
-38.31
-32.81
-25.29
-16.53
-7.51
0.84
7.85
13.23
17.03
19.54
21.07
21.87
22.03
21.55
20.42
18.78
16.92
15.28
14.24
14.00
14.45
15.26
16.02
16.41
16.28
15.59
14.29
12.24
9.29
5.40
0.81
-4.09
-8.81
-13.10
-17.08
-21.14
-25.75
-30.99
-36.43
-41.07
-43.74
-43.43
-39.74
-32.98
-24.04
-14.11
-4.33
4.43
11.64
17.10
20.80
22.82
23.33
22.58
20.89
18.67
16.43
14.66
13.71
13.74
14.57
15.79
16.90
17.46
17.24
16.18
14.44
12.16
9.49
6.50
3.24
-0.26
-3.94
-7.69
-11.41
-15.15
-19.05
-23.41
-28.43
-34.08
-39.88
-44.87
-47.81
-47.68
-44.06
-37.41
-28.93
-20.14
-12.30
-6.03
-1.24
2.66
6.40
10.48
15.06
19.95
24.72
28.91
32.12
34.14
34.89
34.56
33.46
31.97
30.44
29.07
27.90
26.70
25.06
22.42
18.33
12.73
6.25
0.13
-4.13
-5.38
-3.46
0.68
5.19
8.06
7.89
4.32
-1.92
-9.43
-16.60
-22.12
-25.20
-25.58
-23.54
-19.71
-14.94
-10.03
-5.52
-1.60
1.86
5.16
8.54
12.08
15.57
18.60
20.65
21.22
20.02
17.08
12.83
7.94
3.29
-0.44
-2.92
-4.18
-4.66
-4.89
-5.38
-6.43
-8.11
-10.28
-12.66
-14.94
-16.88
-18.41
-19.73
-21.29
-23.58
-26.89
-31.02
-35.26
-38.44
-39.32
-36.96
-31.05
-22.00
-10.84
1.15
12.72
22.92
31.24
37.58
42.11
45.22
47.38
49.04
50.51
51.84
52.78
52.93
51.93
49.69
46.51
42.94
39.52
36.54
33.87
31.18
28.12
24.56
20.55
16.21
11.58
6.46
0.57
-6.37
-14.41
-23.41
-33.02
-42.76
-51.96
-59.84
-65.50
-68.10
-67.18
-62.91
-56.09
-48.00
-39.93
-32.81
-26.97
-22.20
-18.05
-14.18
-10.58
-7.52
-5.38
-4.41
-4.47
-5.18
-5.98
-6.46
-6.42
-5.96
-5.27
-4.51
-3.72
-2.92
-2.15
-1.67
-1.83
-3.03
-5.41
-8.83
-12.92
-17.30
-21.83
-26.64
-31.97
-37.84
-43.75
-48.71
-51.53
-51.29
-47.70
-41.26
-32.95
-23.87
-14.86
-6.43
1.20
7.87
13.41
17.62
20.44
21.92
22.27
21.72
20.52
18.93
17.29
15.98
15.29
15.25
15.57
15.68
15.04
13.31
10.56
7.14
3.51
-0.04
-3.42
-6.69
-10.01
-13.54
-17.53
-22.27
-28.03
-34.78
-41.99
-48.51
-52.86
-53.70
-50.34
-43.02
-32.91
-21.67
-10.80
-1.35
6.42
12.72
18.00
22.57
26.50
29.69
32.00
33.45
34.19
34.39
34.14
33.38
32.02
30.08
27.80
25.55
23.68
22.21
20.89
19.22
16.82
13.57
9.70
5.66
1.86
-1.55
-4.78
-8.25
-12.50
-17.89
-24.41
-31.61
-38.60
-44.18
-47.18
-46.79
-42.80
-35.68
-26.45
-16.37
-6.62
1.91
8.77
13.91
17.59
20.14
21.94
23.19
24.00
24.34
24.16
23.52
22.57
21.54
20.68
20.07
19.71
19.51
19.31
19.01
18.48
17.55
16.12
14.13
11.63
8.83
6.00
3.31
0.68
-2.15
-5.61
-10.05
-15.62
-22.12
-28.97
-35.37
-40.32
-42.88
-42.36
-38.53
-31.78
-22.97
-13.29
-3.81
4.69
11.85
17.64
22.12
25.32
27.23
27.85
27.35
26.07
24.40
22.68
21.11
19.73
18.53
17.53
16.79
16.44
16.52
16.94
17.47
17.75
17.37
16.10
13.82
10.64
6.87
2.83
-1.17
-4.95
-8.53
-12.11
-15.98
-20.46
-25.69
-31.49
-37.30
-42.13
-44.82
-44.41
-40.50
-33.43
-24.21
-14.14
-4.38
4.33
11.76
17.93
22.87
26.55
28.78
29.54
29.02
27.69
26.18
25.01
24.44
24.36
24.43
24.24
23.55
22.39
21.04
19.79
18.83
18.08
17.24
15.95
14.02
11.46
8.42
5.08
1.56
-2.10
-5.86
-9.67
-13.45
-17.30
-21.47
-26.28
-31.91
-38.06
-43.94
-48.30
-49.97
-48.23
-43.11
-35.37
-26.17
-16.66
-7.64
0.47
7.57
13.65
18.68
22.57
25.20
26.54
26.73
26.02
24.73
23.24
21.90
21.02
20.82
21.37
22.49
23.81
24.86
25.25
24.82
23.71
22.23
20.67
19.12
17.45
15.35
12.60
9.19
5.35
1.40
-2.38
-5.96
-9.46
-13.06
-16.93
-21.10
-25.54
-30.26
-35.28
-40.55
-45.73
-50.10
-52.68
-52.47
-48.94
-42.25
-33.21
-23.07
-13.03
-3.97
3.70
9.94
14.94
18.92
22.07
24.52
26.37
27.65
28.33
28.35
27.73
26.64
25.40
24.41
23.99
24.27
25.10
26.22
27.28
27.91
27.89
27.04
25.31
22.78
19.62
16.10
12.49
9.00
5.70
2.51
-0.73
-4.14
-7.73
-11.35
-14.82
-17.98
-20.88
-23.77
-27.09
-31.14
-36.03
-41.44
-46.63
-50.67
-52.64
-51.93
-48.34
-42.13
-33.86
-24.31
-14.29
-4.60
4.08
11.24
16.58
20.15
22.26
23.40
24.07
24.58
25.00
25.16
24.86
24.01
22.80
21.63
20.93
21.00
21.85
23.18
24.56
25.61
26.07
25.89
25.03
23.48
21.22
18.33
15.03
11.63
8.43
5.56
2.92
0.24
-2.70
-5.93
-9.32
-12.71
-16.08
-19.63
-23.63
-28.21
-33.11
-37.71
-41.14
-42.59
-41.46
-37.56
-31.07
-22.49
-12.54
-2.14
7.78
16.39
23.13
27.86
30.84
32.55
33.50
33.94
33.96
33.53
32.66
31.53
30.36
29.32
28.40
27.45
26.29
24.92
23.58
22.63
22.33
22.59
23.00
22.96
22.01
20.08
17.50
14.80
12.47
10.68
9.32
8.00
6.30
3.92
0.80
-2.88
-6.62
-9.74
-11.44
-11.03
-8.21
-3.24
3.06
9.60
15.39
19.79
22.70
24.29
24.85
24.52
23.24
20.87
17.36
12.86
7.69
2.29
-3.05
-8.08
-12.65
-16.60
-19.73
-21.91
-23.18
-23.82
-24.26
-24.89
-25.94
-27.40
-29.16
-31.15
-33.39
-35.97
-38.88
-41.94
-44.86
-47.44
-49.69
-52.00
-54.89
-58.81
-63.80
-69.32
-74.40
-77.78
-78.36
-75.45
-69.04
-59.80
-48.81
-37.26
-26.14
-16.04
-7.19
0.37
6.68
11.70
15.46
18.03
19.51
20.03
19.69
18.55
16.75
14.51
12.21
10.29
9.16
9.07
10.01
11.73
13.73
15.37
16.04
15.32
13.07
9.48
5.02
0.25
-4.27
-8.25
-11.65
-14.74
-17.98
-21.78
-26.21
-30.89
-34.90
-37.16
-36.75
-33.29
-27.03
-18.77
-9.61
-0.60
7.51
14.29
19.67
23.76
26.76
28.74
29.70
29.57
28.37
26.34
23.96
21.82
20.40
19.81
19.78
19.75
19.12
17.48
14.84
11.61
8.41
5.87
4.37
3.90
4.08
4.28
3.82
2.12
-1.22
-6.21
-12.48
-19.22
-25.28
-29.44
-30.72
-28.66
-23.40
-15.63
-6.31
3.52
13.02
21.58
28.88
34.82
39.47
42.88
45.11
46.16
46.01
44.79
42.75
40.24
37.62
35.23
33.26
31.86
31.09
30.82
30.78
30.58
29.77
28.11
25.59
22.38
18.72
14.83
10.78
6.58
2.27
-2.05
-6.17
-9.92
-13.19
-15.87
-17.84
-18.82
-18.49
-16.62
-13.24
-8.82
-4.14
-0.05
2.90
4.63
5.48
5.93
6.31
6.62
6.59
5.89
4.46
2.54
0.58
-1.01
-1.96
-2.26
-2.08
-1.63
-1.15
-0.83
-0.83
-1.32
-2.40
-4.10
-6.37
-9.05
-11.92
-14.78
-17.42
-19.76
-21.83
-23.69
-25.38
-26.87
-27.98
-28.46
-28.05
-26.64
-24.26
-21.16
-17.74
-14.41
-11.51
-9.26
-7.75
-7.01
-7.03
-7.81
-9.31
-11.40
-13.87
-16.44
-18.90
-21.21
-23.47
-25.88
-28.58
-31.58
-34.74
-37.88
-40.88
-43.78
-46.69
-49.84
-53.43
-57.64
-62.65
-68.59
-75.37
-82.54
-89.16
-93.95
-95.58
-93.20
-86.69
-76.79
-64.81
-52.22
-40.30
-29.99
-21.81
-15.98
-12.42
-10.82
-10.65
-11.24
-11.98
-12.46
-12.56
-12.39
-12.19
-12.21
-12.65
-13.57
-14.93
-16.63
-18.48
-20.36
-22.29
-24.44
-27.11
-30.58
-34.88
-39.58
-43.92
-46.83
-47.35
-44.87
-39.23
-30.82
-20.33
-8.63
3.44
15.12
25.74
34.78
41.84
46.76
49.64
50.81
50.80
50.19
49.50
49.03
48.88
48.87
48.61
47.65
45.61
42.32
37.93
32.85
27.58
22.51
17.71
12.90
7.50
0.89
-7.30
-17.01
-27.61
-37.92
-46.52
-52.02
-53.45
-50.48
-43.45
-33.29
-21.18
-8.37
4.10
15.40
24.98
32.44
37.59
40.50
41.41
40.79
39.19
37.16
35.19
33.72
33.13
33.69
35.41
37.98
40.68
42.61
43.00
41.43
38.06
33.44
28.30
23.21
18.31
13.38
8.04
2.05
-4.45
-10.92
-16.48
-20.22
-21.47
-19.96
-15.92
-9.93
-2.80
4.70
11.90
18.34
23.75
28.03
31.16
33.15
34.04
33.86
32.71
30.90
28.88
27.18
26.17
26.01
26.52
27.35
28.08
28.39
28.09
27.13
25.55
23.41
20.82
17.87
14.64
11.03
6.90
2.02
-3.63
-9.73
-15.46
-19.66
-21.20
-19.32
-13.95
-5.72
4.34
15.08
25.53
34.96
42.86
48.80
52.43
53.62
52.52
49.64
45.74
41.65
38.04
35.31
33.58
32.72
32.44
32.35
32.04
31.22
29.74
27.62
25.02
22.12
19.05
15.77
12.08
7.68
2.28
-4.25
-11.64
-19.28
-26.24
-31.41
-33.85
-32.93
-28.53
-21.07
-11.45
-0.80
9.79
19.40
27.46
33.59
37.63
39.55
39.47
37.77
35.01
31.90
29.09
26.96
25.61
24.89
24.53
24.29
24.00
23.60
23.07
22.39
21.48
20.16
18.22
15.44
11.76
7.34
2.44
-2.70
-8.00
-13.68
-19.98
-26.91
-33.94
-39.99
-43.74
-44.10
-40.62
-33.72
-24.41
-14.06
-3.88
5.27
12.94
19.02
23.56
26.71
28.69
29.75
30.13
30.09
29.80
29.36
28.83
28.22
27.54
26.84
26.15
25.47
24.74
23.89
22.81
21.46
19.75
17.64
15.08
12.04
8.54
4.66
0.63
-3.37
-7.13
-10.64
-14.05
-17.67
-21.82
-26.68
-32.07
-37.34
-41.52
-43.53
-42.61
-38.59
-31.93
-23.56
-14.57
-5.90
1.83
8.27
13.31
16.91
19.16
20.22
20.36
19.93
19.28
18.70
18.40
18.46
18.85
19.45
20.08
20.54
20.64
20.33
19.59
18.50
17.14
15.59
13.84
11.80
9.37
6.52
3.33
0.05
-3.04
-5.75
-8.11
-10.32
-12.62
-15.16
-17.97
-20.97
-24.19
-27.70
-31.61
-35.74
-39.56
-42.13
-42.49
-40.02
-34.79
-27.64
-19.77
-12.36
-6.13
-1.21
2.64
5.76
8.30
10.14
11.04
10.88
9.85
8.43
7.19
6.54
6.57
7.00
7.50
7.82
7.93
8.01
8.24
8.57
8.68
8.14
6.58
3.98
0.70
-2.71
-5.75
-8.22
-10.26
-12.25
-14.53
-17.35
-20.71
-24.47
-28.32
-31.84
-34.44
-35.53
-34.58
-31.41
-26.21
-19.61
-12.46
-5.62
0.32
5.04
8.54
10.92
12.31
12.81
12.47
11.43
9.88
8.12
6.40
4.96
3.88
3.17
2.75
2.54
2.48
2.48
2.41
2.07
1.31
0.05
-1.62
-3.51
-5.44
-7.34
-9.25
-11.28
-13.48
-15.88
-18.47
-21.29
-24.46
-28.13
-32.22
-36.39
-39.86
-41.73
-41.25
-38.15
-32.78
-25.94
-18.62
-11.60
-5.33
0.08
4.70
8.52
11.49
13.41
14.17
13.82
12.63
11.01
9.46
8.31
7.77
7.76
8.07
8.46
8.65
8.56
8.18
7.58
6.78
5.68
4.13
1.95
-0.89
-4.23
-7.76
-11.08
-13.96
-16.41
-18.68
-21.20
-24.35
-28.32
-32.97
-37.81
-42.12
-45.16
-46.25
-45.07
-41.60
-36.15
-29.33
-21.81
-14.28
-7.30
-1.26
3.64
7.35
9.95
11.57
12.37
12.53
12.26
11.75
11.15
10.57
10.05
9.57
9.13
8.76
8.51
8.47
8.64
8.85
8.78
8.01
6.20
3.30
-0.45
-4.55
-8.51
-11.99
-14.99
-17.80
-20.87
-24.58
-29.16
-34.51
-40.20
-45.49
-49.53
-51.42
-50.55
-46.72
-40.28
-32.02
-22.97
-14.08
-6.09
0.62
5.94
9.98
12.90
14.93
16.26
17.10
17.59
17.84
17.90
17.81
17.59
17.26
16.93
16.65
16.49
16.42
16.33
15.99
15.16
13.61
11.21
7.97
4.08
-0.19
-4.48
-8.52
-12.23
-15.79
-19.58
-24.01
-29.31
-35.32
-41.37
-46.35
-49.06
-48.51
-44.30
-36.76
-26.84
-15.83
-5.04
4.55
12.42
18.46
22.81
25.67
27.16
27.36
26.41
24.64
22.54
20.64
19.30
18.62
18.38
18.22
17.81
17.00
15.85
14.53
13.20
11.92
10.63
9.19
7.41
5.05
1.91
-2.16
-7.21
-13.12
-19.66
-26.39
-32.70
-37.76
-40.68
-40.63
-37.19
-30.58
-21.63
-11.54
-1.52
7.57
15.34
21.74
26.80
30.36
32.19
32.01
29.84
26.14
21.69
17.40
14.00
11.89
11.07
11.20
11.75
12.14
11.94
10.87
8.91
6.26
3.19
-0.07
-3.47
-7.20
-11.64
-17.13
-23.75
-31.11
-38.32
-44.17
-47.38
-47.05
-42.88
-35.32
-25.40
-14.44
-3.67
6.00
14.08
20.46
25.22
28.44
30.18
30.46
29.39
27.27
24.60
21.92
19.70
18.18
17.27
16.66
15.95
14.77
12.97
10.60
7.87
5.02
2.17
-0.79
-4.19
-8.48
-14.09
-21.16
-29.41
-38.15
-46.26
-52.48
-55.58
-54.73
-49.70
-41.01
-29.77
-17.45
-5.41
5.42
14.66
22.32
28.55
33.38
36.68
38.28
38.19
36.74
34.44
31.92
29.65
27.85
26.54
25.50
24.50
23.27
21.61
19.42
16.72
13.66
10.45
7.17
3.75
-0.08
-4.74
-10.61
-17.85
-26.24
-35.05
-43.10
-48.95
-51.25
-49.21
-42.86
-33.07
-21.24
-8.81
3.06
13.72
22.89
30.42
36.23
40.20
42.36
42.94
42.39
41.20
39.81
38.47
37.31
36.34
35.56
34.95
34.41
33.79
32.84
31.32
29.05
25.99
22.26
18.11
13.83
9.58
5.31
0.73
-4.55
-10.86
-18.31
-26.58
-34.99
-42.53
-48.04
-50.42
-48.92
-43.38
-34.37
-23.07
-11.02
0.31
9.87
17.24
22.60
26.51
29.59
32.22
34.50
36.26
37.29
37.50
36.98
35.99
34.81
33.59
32.35
31.12
29.96
29.05
28.56
28.41
28.19
27.24
24.96
21.12
16.00
10.24
4.60
-0.46
-4.80
-8.68
-12.52
-16.78
-21.86
-27.93
-34.84
-41.96
-48.20
-52.26
-52.95
-49.65
-42.54
-32.54
-21.06
-9.52
0.94
9.69
16.59
21.84
25.74
28.51
30.23
30.85
30.34
28.85
26.77
24.63
22.95
22.03
21.90
22.36
23.07
23.70
23.98
23.65
22.47
20.27
17.02
12.93
8.39
3.83
-0.43
-4.37
-8.24
-12.48
-17.48
-23.34
-29.75
-35.97
-40.95
-43.62
-43.17
-39.31
-32.31
-22.96
-12.36
-1.71
7.96
15.90
21.73
25.41
27.19
27.48
26.77
25.46
23.91
22.38
21.06
20.10
19.56
19.42
19.58
19.86
20.07
20.08
19.78
19.05
17.75
15.74
12.88
9.18
4.84
0.18
-4.38
-8.53
-12.19
-15.57
-19.09
-23.26
-28.42
-34.49
-40.89
-46.54
-50.20
-50.78
-47.76
-41.38
-32.58
-22.70
-13.03
-4.43
2.77
8.70
13.69
17.98
21.52
24.15
25.62
25.92
25.28
24.20
23.19
22.61
22.51
22.68
22.84
22.75
22.35
21.75
21.06
20.28
19.26
17.73
15.47
12.41
8.64
4.42
0.01
-4.29
-8.29
-11.91
-15.12
-18.04
-20.94
-24.19
-28.22
-33.25
-39.13
-45.17
-50.22
-53.05
-52.72
-48.93
-42.09
-33.15
-23.27
-13.50
-4.57
3.13
9.45
14.43
18.17
20.80
22.48
23.33
23.52
23.24
22.76
22.36
22.26
22.53
23.05
23.60
23.92
23.82
23.26
22.29
21.08
19.77
18.39
16.83
14.86
12.20
8.75
4.63
0.20
-4.12
-7.97
-11.29
-14.22
-17.03
-19.94
-23.09
-26.52
-30.26
-34.32
-38.63
-42.90
-46.56
-48.86
-49.06
-46.66
-41.59
-34.30
-25.58
-16.40
-7.60
0.19
6.63
11.62
15.18
17.39
18.42
18.55
18.23
17.87
17.77
17.99
18.35
18.57
18.52
18.22
17.84
17.58
17.48
17.40
17.04
16.11
14.35
11.66
8.09
3.84
-0.69
-5.03
-8.72
-11.53
-13.54
-15.20
-17.10
-19.81
-23.63
-28.41
-33.56
-38.20
-41.28
-41.97
-39.81
-34.82
-27.55
-18.83
-9.68
-1.07
6.27
11.93
15.84
18.22
19.42
19.82
19.65
18.97
17.78
16.14
14.28
12.61
11.49
11.11
11.34
11.83
12.12
11.83
10.79
9.00
6.63
3.85
0.92
-1.96
-4.62
-6.97
-9.11
-11.25
-13.81
-17.14
-21.54
-26.99
-33.10
-39.07
-43.81
-46.22
-45.47
-41.36
-34.31
-25.34
-15.74
-6.70
0.93
6.82
11.02
13.83
15.66
16.87
17.68
18.15
18.27
17.94
17.16
16.04
14.80
13.68
12.80
12.16
11.67
11.24
10.74
10.07
9.08
7.57
5.33
2.29
-1.43
-5.58
-9.82
-13.93
-17.87
-21.80
-26.00
-30.75
-36.14
-41.98
-47.69
-52.36
-54.92
-54.43
-50.42
-43.10
-33.31
-22.35
-11.52
-1.90
5.89
11.68
15.65
18.14
19.59
20.37
20.78
20.96
20.93
20.64
20.03
19.13
18.09
17.12
16.38
15.90
15.54
15.04
14.14
12.64
10.49
7.73
4.48
0.89
-2.92
-6.82
-10.74
-14.75
-19.02
-23.82
-29.35
-35.53
-41.88
-47.44
-51.03
-51.59
-48.57
-42.15
-33.18
-22.89
-12.46
-2.79
5.63
12.59
17.99
21.82
24.14
25.17
25.28
24.83
24.14
23.37
22.59
21.89
21.42
21.33
21.61
22.01
22.17
21.69
20.39
18.30
15.61
12.50
9.06
5.27
1.17
-3.20
-7.70
-12.25
-16.92
-21.95
-27.61
-33.95
-40.61
-46.72
-51.09
-52.56
-50.41
-44.61
-35.89
-25.49
-14.74
-4.78
3.76
10.68
16.11
20.31
23.46
25.65
26.87
27.10
26.36
24.85
22.95
21.12
19.86
19.43
19.77
20.53
21.20
21.29
20.59
19.08
16.87
14.12
10.83
6.97
2.54
-2.40
-7.68
-13.16
-18.81
-24.65
-30.56
-36.11
-40.50
-42.68
-41.75
-37.36
-29.83
-20.20
-9.81
0.15
8.87
16.00
21.53
25.57
28.18
29.36
29.16
27.81
25.75
23.55
21.72
20.58
20.11
20.08
20.12
19.90
19.26
18.17
16.70
14.89
12.70
10.09
7.00
3.46
-0.47
-4.75
-9.50
-14.90
-21.18
-28.34
-36.05
-43.45
-49.35
-52.43
-51.68
-46.75
-38.13
-26.99
-14.84
-3.16
7.08
15.40
21.81
26.58
29.97
32.13
33.10
32.95
31.81
30.03
28.01
26.14
24.68
23.75
23.29
23.26
23.55
24.00
24.26
23.90
22.45
19.64
15.51
10.39
4.78
-0.84
-6.24
-11.44
-16.66
-22.23
-28.35
-34.95
-41.56
-47.30
-51.01
-51.62
-48.48
-41.62
-31.87
-20.56
-9.13
1.28
10.03
16.98
22.32
26.28
29.05
30.79
31.64
31.82
31.64
31.35
31.12
31.00
30.94
30.93
31.01
31.16
31.22
30.90
29.82
27.71
24.61
20.77
16.61
12.45
8.35
4.22
-0.13
-4.73
-9.53
-14.45
-19.50
-24.83
-30.53
-36.38
-41.70
-45.43
-46.43
-43.95
-37.88
-28.85
-18.02
-6.68
4.12
13.75
21.93
28.66
33.94
37.80
40.26
41.54
42.06
42.49
43.53
45.66
49.00
53.17
57.54
61.50
64.70
67.12
68.98
70.48
71.52
71.73
70.45
67.11
61.44
53.59
44.15
33.86
23.42
13.28
3.54
-6.00
-15.69
-25.91
-36.85
-48.36
-59.86
-70.31
-78.46
-83.11
-83.59
-79.91
-72.84
-63.67
-53.76
-44.26
-35.84
-28.78
-23.03
-18.46
-14.95
-12.42
-10.86
-10.17
-10.16
-10.46
-10.67
-10.41
-9.59
-8.36
-7.10
-6.16
-5.67
-5.55
-5.61
-5.81
-6.32
-7.57
-9.99
-13.78
-18.89
-25.01
-31.78
-39.03
-46.79
-55.18
-64.27
-73.81
-83.19
-91.50
-97.78
-101.26
-101.48
-98.29
-91.62
-81.40
-67.49
-49.95
-29.39
-7.04
15.31
35.78
52.93
66.16
75.67
82.29
87.00
90.62
93.64
96.26
98.41
99.83
100.11
98.73
95.36
90.07
83.55
76.95
71.55
68.19
66.91
66.90
66.77
65.04
60.62
53.06
42.58
29.85
15.85
1.59
-11.90
-23.70
-33.05
-39.39
-42.49
-42.42
-39.56
-34.63
-28.54
-22.34
-16.98
-13.16
-11.22
-11.15
-12.67
-15.36
-18.80
-22.65
-26.71
-30.83
-34.95
-39.07
-43.14
-47.07
-50.70
-53.86
-56.47
-58.58
-60.48
-62.52
-65.02
-68.05
-71.37
-74.52
-76.96
-78.16
-77.85
-75.97
-72.72
-68.58
-64.25
-60.41
-57.47
-55.15
-52.51
-48.19
-40.97
-30.44
-17.13
-2.40
12.16
25.32
36.47
45.61
52.86
58.21
61.40
62.06
60.07
55.90
50.57
45.44
41.82
40.47
41.37
43.75
46.32
47.84
47.56
45.47
42.22
38.80
36.02
34.12
32.67
30.81
27.66
22.82
16.55
9.71
3.39
-1.62
-5.12
-7.59
-9.86
-12.62
-16.01
-19.58
-22.55
-24.27
-24.59
-23.91
-23.00
-22.52
-22.69
-23.21
-23.39
-22.55
-20.29
-16.59
-11.77
-6.28
-0.59
4.89
9.80
13.94
17.24
19.86
22.09
24.23
26.52
29.01
31.66
34.34
36.96
39.41
41.48
42.81
42.88
41.18
37.43
31.70
24.46
16.36
8.02
-0.17
-8.04
-15.53
-22.36
-27.97
-31.50
-32.19
-29.71
-24.40
-17.18
-9.24
-1.58
5.24
11.07
15.93
19.85
22.68
24.35
24.89
24.59
23.93
23.33
23.05
23.02
22.94
22.45
21.25
19.29
16.72
13.85
10.96
8.20
5.48
2.54
-0.87
-4.83
-9.27
-13.93
-18.56
-22.98
-27.12
-31.07
-35.01
-39.18
-43.76
-48.75
-53.85
-58.38
-61.41
-62.03
-59.65
-54.24
-46.32
-36.80
-26.68
-16.83
-7.87
-0.12
6.28
11.26
14.84
17.11
18.33
18.93
19.43
20.24
21.44
22.80
23.92
24.55
24.77
24.94
25.47
26.48
27.69
28.52
28.45
27.28
25.16
22.44
19.36
15.93
12.06
7.75
3.18
-1.33
-5.52
-9.44
-13.42
-17.96
-23.37
-29.58
-35.97
-41.53
-45.14
-45.92
-43.55
-38.28
-30.85
-22.25
-13.44
-5.19
1.97
7.76
12.12
15.13
17.03
18.08
18.50
18.48
18.13
17.64
17.26
17.31
17.97
19.21
20.68
21.95
22.66
22.78
22.50
22.10
21.62
20.80
19.12
16.13
11.73
6.30
0.55
-4.76
-9.17
-12.61
-15.41
-18.04
-20.93
-24.28
-28.11
-32.26
-36.36
-39.89
-42.15
-42.40
-40.05
-34.95
-27.48
-18.55
-9.30
-0.75
6.47
12.22
16.69
20.13
22.72
24.50
25.43
25.57
25.11
24.32
23.48
22.74
22.08
21.45
20.76
20.02
19.32
18.73
18.22
17.57
16.46
14.60
11.85
8.37
4.53
0.75
-2.72
-5.99
-9.38
-13.32
-18.03
-23.36
-28.75
-33.39
-36.44
-37.24
-35.44
-31.04
-24.39
-16.19
-7.33
1.20
8.63
14.48
18.68
21.37
22.76
23.03
22.36
20.97
19.27
17.66
16.50
15.90
15.68
15.50
15.10
14.39
13.44
12.36
11.16
9.68
7.68
5.02
1.71
-1.95
-5.64
-9.13
-12.45
-15.95
-20.12
-25.32
-31.46
-37.96
-43.79
-47.86
-49.29
-47.77
-43.49
-37.01
-29.04
-20.29
-11.40
-2.95
4.57
10.82
15.70
19.29
21.80
23.39
24.11
23.93
22.88
21.16
19.18
17.42
16.26
15.82
15.93
16.24
16.34
15.98
15.00
13.40
11.19
8.40
5.11
1.46
-2.37
-6.23
-10.14
-14.35
-19.26
-25.14
-31.93
-39.01
-45.30
-49.57
-50.86
-48.79
-43.58
-35.94
-26.77
-16.96
-7.36
1.36
8.64
14.14
17.83
20.08
21.43
22.45
23.43
24.33
24.88
24.82
24.14
23.11
22.16
21.62
21.58
21.84
21.99
21.68
20.71
19.05
16.74
13.85
10.49
6.90
3.49
0.74
-1.03
-1.91
-2.48
-3.70
-6.48
-11.27
-17.70
-24.61
-30.43
-33.65
-33.36
-29.44
-22.52
-13.62
-3.76
6.24
15.87
24.79
32.69
39.17
43.88
46.60
47.39
46.60
44.79
42.52
40.22
38.06
36.02
33.97
31.85
29.64
27.45
25.36
23.30
21.04
18.27
14.76
10.43
5.44
0.09
-5.31
-10.56
-15.61
-20.63
-25.89
-31.70
-38.28
-45.62
-53.36
-60.77
-66.86
-70.63
-71.37
-68.82
-63.23
-55.32
-45.99
-36.18
-26.71
-18.18
-10.99
-5.30
-1.12
1.73
3.48
4.43
4.78
4.70
4.38
4.01
3.80
4.00
4.74
5.98
7.49
8.91
9.82
9.92
9.05
7.24
4.68
1.64
-1.58
-4.72
-7.64
-10.41
-13.26
-16.57
-20.66
-25.62
-31.19
-36.72
-41.23
-43.69
-43.27
-39.59
-32.89
-23.92
-13.78
-3.59
5.79
13.86
20.46
25.60
29.40
31.91
33.26
33.61
33.24
32.45
31.51
30.56
29.61
28.59
27.43
26.15
24.85
23.69
22.74
21.95
21.09
19.75
17.53
14.16
9.64
4.29
-1.36
-6.74
-11.53
-15.75
-19.81
-24.25
-29.47
-35.48
-41.77
-47.37
-51.15
-52.13
-49.74
-44.00
-35.55
-25.35
-14.55
-4.14
5.15
12.88
18.88
23.24
26.15
27.91
28.78
29.01
28.78
28.23
27.44
26.48
25.40
24.23
23.00
21.70
20.46
19.40
18.61
18.06
17.46
16.34
14.24
10.88
6.39
1.23
-3.98
-8.81
-13.14
-17.29
-21.78
-27.09
-33.45
-40.66
-48.10
-54.80
-59.71
-61.83
-60.49
-55.55
-47.47
-37.23
-26.14
-15.46
-6.12
1.40
7.13
11.41
14.67
17.31
19.57
21.58
23.38
25.05
26.67
28.30
29.90
31.31
32.35
32.90
33.05
32.99
32.95
32.96
32.72
31.66
29.23
25.17
19.70
13.47
7.31
1.88
-2.61
-6.41
-10.07
-14.20
-19.24
-25.31
-32.12
-39.02
-45.01
-48.97
-49.92
-47.37
-41.48
-33.12
-23.49
-13.79
-4.88
2.90
9.55
15.22
19.97
23.75
26.48
28.18
29.11
29.58
29.90
30.22
30.44
30.35
29.86
29.02
28.07
27.26
26.63
25.95
24.83
22.87
19.88
16.02
11.69
7.31
3.23
-0.52
-4.09
-7.77
-11.86
-16.60
-22.09
-28.24
-34.60
-40.34
-44.35
-45.53
-43.19
-37.36
-28.86
-19.01
-9.19
-0.39
6.99
13.01
17.87
21.64
24.21
25.45
25.45
24.53
23.19
21.90
20.90
20.21
19.73
19.35
19.03
18.78
18.53
18.11
17.24
15.67
13.27
10.11
6.46
2.60
-1.25
-5.02
-8.81
-12.80
-17.21
-22.18
-27.70
-33.50
-39.09
-43.67
-46.39
-46.43
-43.31
-37.10
-28.38
-18.19
-7.68
2.15
10.63
17.45
22.57
26.06
28.04
28.69
28.26
27.10
25.64
24.26
23.23
22.61
22.31
22.13
21.94
21.63
21.17
20.55
19.62
18.24
16.21
13.45
9.97
5.97
1.67
-2.69
-6.96
-11.12
-15.27
-19.65
-24.48
-29.89
-35.69
-41.35
-45.97
-48.58
-48.40
-45.12
-38.99
-30.74
-21.23
-11.25
-1.34
8.11
16.72
24.00
29.43
32.67
33.69
32.93
31.08
28.86
26.69
24.71
22.78
20.75
18.67
16.76
15.30
14.49
14.22
14.16
13.86
12.94
11.20
8.72
5.72
2.51
-0.67
-3.74
-6.80
-10.02
-13.61
-17.75
-22.50
-27.78
-33.38
-38.81
-43.40
-46.33
-46.85
-44.55
-39.50
-32.26
-23.72
-14.78
-6.14
1.83
8.94
15.13
20.27
24.22
26.90
28.38
28.90
28.82
28.52
28.23
28.07
27.96
27.78
27.42
26.86
26.18
25.50
24.94
24.47
23.93
23.08
21.64
19.44
16.45
12.81
8.73
4.43
0.13
-4.10
-8.26
-12.41
-16.69
-21.23
-26.10
-31.23
-36.31
-40.80
-43.98
-45.16
-43.85
-39.94
-33.74
-25.92
-17.33
-8.81
-0.99
5.75
11.24
15.43
18.37
20.12
20.83
20.75
20.16
19.39
18.66
18.10
17.76
17.58
17.49
17.35
17.02
16.35
15.23
13.60
11.50
9.02
6.27
3.36
0.34
-2.71
-5.78
-8.90
-12.20
-15.94
-20.35
-25.49
-31.09
-36.43
-40.55
-42.46
-41.49
-37.47
-30.79
-22.23
-12.69
-3.04
6.01
13.96
20.48
25.39
28.69
30.49
30.96
30.28
28.59
26.08
22.98
19.66
16.53
13.97
12.20
11.23
10.84
10.71
10.50
10.00
9.12
7.89
6.49
5.21
4.35
4.20
4.86
6.13
7.52
8.21
7.42
4.63
-0.13
-6.15
-12.29
-17.29
-20.19
-20.63
-18.88
-15.66
-11.89
-8.39
-5.67
-3.91
-2.94
-2.35
-1.58
-0.11
2.29
5.43
8.63
10.90
11.34
9.52
5.68
0.62
-4.55
-8.86
-11.69
-12.94
-12.82
-11.74
-10.12
-8.39
-6.93
-6.07
-6.03
-6.81
-8.23
-9.96
-11.74
-13.44
-15.22
-17.27
-19.63
-21.98
-23.60
-23.61
-21.29
-16.39
-9.24
-0.61
8.61
17.69
26.25
34.12
41.30
47.79
53.56
58.57
62.81
66.34
69.23
71.44
72.81
73.13
72.28
70.37
67.80
65.10
62.72
60.86
59.44
58.12
56.54
54.35
51.27
47.05
41.53
34.75
27.01
18.91
11.06
3.82
-2.96
-9.84
-17.42
-25.87
-34.75
-43.08
-49.84
-54.44
-56.93
-57.94
-58.22
-58.41
-58.77
-59.27
-59.81
-60.31
-60.71
-60.97
-60.97
-60.52
-59.47
-57.75
-55.35
-52.29
-48.63
-44.52
-40.18
-35.96
-32.22
-29.18
-26.90
-25.29
-24.19
-23.51
-23.24
-23.41
-24.06
-25.22
-26.95
-29.33
-32.50
-36.54
-41.35
-46.52
-51.31
-54.74
-55.84
-53.85
-48.52
-40.18
-29.71
-18.30
-7.14
2.79
10.96
17.25
21.87
25.16
27.39
28.70
29.06
28.47
27.09
25.34
23.82
23.07
23.26
24.17
25.23
25.85
25.72
24.88
23.66
22.30
20.79
18.84
16.06
12.21
7.33
1.69
-4.44
-10.97
-17.91
-25.21
-32.43
-38.64
-42.63
-43.35
-40.34
-34.06
-25.63
-16.51
-7.95
-0.66
5.20
9.82
13.45
16.28
18.31
19.53
19.95
19.70
18.96
17.96
16.91
16.03
15.48
15.35
15.53
15.75
15.61
14.72
12.89
10.09
6.48
2.26
-2.41
-7.45
-12.83
-18.55
-24.59
-30.93
-37.55
-44.30
-50.83
-56.46
-60.26
-61.30
-58.94
-53.18
-44.61
-34.35
-23.69
-13.66
-4.91
2.39
8.38
13.29
17.29
20.37
22.44
23.48
23.58
23.07
22.32
21.66
21.25
21.11
21.14
21.23
21.29
21.18
20.71
19.69
17.93
15.37
12.04
8.12
3.78
-0.82
-5.52
-10.19
-14.79
-19.38
-24.17
-29.39
-35.04
-40.69
-45.48
-48.23
-47.92
-44.05
-36.89
-27.37
-16.77
-6.31
3.16
11.26
17.99
23.47
27.80
31.01
33.09
34.14
34.36
34.05
33.49
32.81
31.97
30.90
29.56
28.10
26.82
25.97
25.58
25.38
24.87
23.51
21.01
17.47
13.31
9.10
5.29
1.99
-1.05
-4.27
-8.14
-12.95
-18.76
-25.34
-32.19
-38.55
-43.47
-45.93
-45.16
-40.91
-33.59
-24.22
-14.07
-4.28
4.48
11.97
18.21
23.24
27.00
29.36
30.33
30.12
29.21
28.07
27.07
26.40
26.04
25.94
26.06
26.39
26.81
27.11
26.96
26.01
24.07
21.13
17.43
13.26
8.93
4.63
0.38
-3.98
-8.68
-13.92
-19.81
-26.12
-32.33
-37.63
-41.12
-42.02
-39.89
-34.78
-27.13
-17.74
-7.58
2.38
11.30
18.63
24.13
27.90
30.17
31.24
31.29
30.45
28.86
26.77
24.52
22.51
21.02
20.14
19.74
19.52
19.21
18.53
17.31
15.47
12.98
9.95
6.54
2.94
-0.75
-4.52
-8.47
-12.80
-17.73
-23.42
-29.87
-36.80
-43.57
-49.17
-52.46
-52.51
-48.89
-41.92
-32.53
-22.01
-11.54
-1.97
6.34
13.33
19.08
23.63
26.89
28.78
29.34
28.76
27.42
25.78
24.20
22.87
21.87
21.14
20.64
20.35
20.22
20.08
19.62
18.43
16.20
12.84
8.56
3.81
-0.94
-5.34
-9.29
-13.03
-17.03
-21.81
-27.67
-34.51
-41.70
-48.19
-52.80
-54.55
-52.97
-48.11
-40.52
-31.00
-20.43
-9.71
0.31
8.97
15.89
21.10
24.96
27.93
30.40
32.42
33.84
34.39
33.99
32.72
30.89
28.87
26.92
25.29
24.13
23.56
23.54
23.82
23.87
23.11
21.08
17.69
13.26
8.37
3.60
-0.74
-4.67
-8.41
-12.17
-16.17
-20.52
-25.39
-30.80
-36.48
-41.72
-45.35
-46.15
-43.28
-36.73
-27.43
-16.92
-6.74
2.08
9.25
15.02
19.79
23.74
26.72
28.42
28.72
27.79
26.10
24.25
22.66
21.43
20.37
19.22
17.88
16.49
15.28
14.48
14.02
13.57
12.67
10.95
8.28
4.83
0.99
-2.86
-6.47
-9.86
-13.28
-17.09
-21.64
-27.06
-33.15
-39.32
-44.63
-47.95
-48.21
-44.79
-37.76
-27.98
-16.86
-5.95
3.59
11.23
17.08
21.59
25.18
27.89
29.48
29.64
28.37
26.08
23.49
21.32
19.89
19.07
18.48
17.74
16.74
15.62
14.57
13.55
12.29
10.37
7.48
3.62
-0.95
-5.75
-10.48
-15.03
-19.58
-24.43
-29.72
-35.33
-40.70
-44.95
-47.10
-46.37
-42.42
-35.54
-26.62
-16.80
-7.21
1.34
8.51
14.36
19.08
22.85
25.59
27.08
27.16
25.97
23.93
21.74
19.95
18.75
17.89
16.84
15.09
12.46
9.13
5.50
1.90
-1.62
-5.25
-9.21
-13.60
-18.18
-22.60
-26.70
-30.75
-35.40
-41.33
-48.67
-56.66
-63.72
-67.97
-68.06
-63.75
-56.03
-46.60
-37.21
-28.96
-22.14
-16.36
-11.06
-5.90
-0.89
3.68
7.49
10.35
12.22
13.23
13.51
13.19
12.38
11.25
10.02
8.94
8.22
7.88
7.78
7.57
6.93
5.72
3.94
1.80
-0.52
-2.93
-5.50
-8.40
-11.77
-15.68
-20.01
-24.41
-28.24
-30.68
-30.86
-28.13
-22.34
-13.90
-3.74
7.00
17.23
26.22
33.62
39.39
43.60
46.31
47.54
47.27
45.58
42.59
38.55
33.72
28.43
22.96
17.60
12.69
8.54
5.35
3.10
1.52
0.16
-1.54
-4.05
-7.61
-12.17
-17.49
-23.16
-28.90
-34.59
-40.43
-46.71
-53.61
-60.86
-67.64
-72.71
-74.79
-73.06
-67.45
-58.60
-47.57
-35.46
-23.19
-11.45
-0.78
8.40
15.82
21.40
25.28
27.77
29.20
29.79
29.71
29.09
28.15
27.18
26.42
26.02
25.94
26.02
26.07
25.93
25.45
24.49
22.92
20.68
17.81
14.51
11.00
7.44
3.80
-0.14
-4.80
-10.49
-17.28
-24.75
-32.00
-37.80
-40.98
-40.74
-36.97
-30.19
-21.42
-11.81
-2.36
6.18
13.35
18.93
22.95
25.64
27.37
28.49
29.23
29.68
29.80
29.68
29.56
29.77
30.51
31.71
32.96
33.74
33.66
32.64
30.83
28.54
25.89
22.85
19.26
14.96
9.95
4.26
-1.99
-8.77
-15.96
-23.29
-30.12
-35.44
-38.10
-37.23
-32.59
-24.79
-15.10
-5.02
4.20
11.94
18.24
23.46
27.94
31.69
34.37
35.51
34.91
32.75
29.60
26.18
23.10
20.67
18.89
17.59
16.55
15.59
14.62
13.57
12.30
10.71
8.63
6.00
2.74
-1.11
-5.59
-10.73
-16.57
-22.98
-29.55
-35.50
-39.85
-41.67
-40.40
-36.12
-29.43
-21.22
-12.44
-3.70
4.65
12.42
19.40
25.23
29.47
31.74
31.96
30.36
27.52
24.19
21.07
18.68
17.24
16.65
16.56
16.50
16.05
14.91
13.01
10.42
7.32
3.89
0.20
-3.75
-8.05
-12.85
-18.24
-24.35
-31.13
-38.30
-45.27
-51.13
-54.84
-55.53
-52.83
-47.05
-39.09
-30.10
-21.12
-12.78
-5.32
1.25
6.92
11.52
14.84
16.77
17.47
17.31
16.79
16.27
15.88
15.56
15.16
14.63
14.05
13.48
12.94
12.25
11.14
9.39
6.93
3.89
0.55
-2.97
-6.65
-10.76
-15.58
-21.34
-27.89
-34.67
-40.72
-44.87
-46.19
-44.18
-39.03
-31.47
-22.45
-12.90
-3.46
5.45
13.57
20.61
26.32
30.56
33.37
35.05
35.97
36.46
36.69
36.76
36.67
36.47
36.17
35.75
35.08
33.95
32.20
29.75
26.66
23.04
19.00
14.58
9.79
4.66
-0.73
-6.27
-11.95
-17.90
-24.27
-31.12
-38.11
-44.46
-49.13
-51.05
-49.65
-45.01
-37.84
-29.16
-19.98
-10.97
-2.58
4.93
11.28
16.12
19.24
20.63
20.63
19.78
18.65
17.65
16.95
16.52
16.28
16.13
15.93
15.49
14.59
13.11
11.16
9.08
7.26
5.87
4.73
3.32
1.03
-2.53
-7.37
-13.17
-19.39
-25.44
-30.69
-34.43
-35.89
-34.45
-29.90
-22.59
-13.43
-3.54
6.05
14.71
22.14
28.24
32.98
36.30
38.22
38.88
38.60
37.75
36.66
35.61
34.73
34.14
33.89
33.95
34.23
34.52
34.58
34.24
33.38
31.98
30.01
27.39
23.98
19.67
14.36
8.05
0.75
-7.31
-15.74
-23.77
-30.40
-34.57
-35.58
-33.33
-28.41
-21.90
-14.91
-8.26
-2.26
3.13
7.98
12.23
15.54
17.59
18.22
17.56
16.03
14.15
12.30
10.65
9.09
7.38
5.23
2.51
-0.71
-4.17
-7.48
-10.33
-12.67
-14.76
-17.16
-20.57
-25.58
-32.53
-41.21
-50.83
-60.02
-67.06
-70.30
-68.63
-61.95
-51.25
-38.38
-25.51
-14.48
-6.39
-1.32
1.43
3.06
4.75
7.28
10.92
15.39
20.17
24.75
28.93
32.81
36.63
40.56
44.49
48.05
50.75
52.21
52.32
51.17
48.93
45.65
41.28
35.78
29.26
22.13
14.99
8.40
2.59
-2.63
-7.73
-12.97
-18.16
-22.54
-25.00
-24.71
-21.40
-15.58
-8.21
-0.32
7.37
14.50
20.99
26.71
31.38
34.66
36.27
36.22
34.74
32.29
29.36
26.31
23.36
20.56
17.85
15.09
12.13
8.91
5.42
1.69
-2.21
-6.25
-10.49
-14.95
-19.64
-24.43
-29.11
-33.45
-37.19
-40.14
-42.13
-42.94
-42.32
-39.95
-35.52
-28.79
-19.75
-8.60
4.19
17.90
31.68
44.71
56.36
66.35
74.60
81.20
86.14
89.28
90.41
89.54
87.06
83.68
80.15
76.67
72.58
66.51
56.98
43.19
25.64
6.09
-13.18
-30.21
-44.17
-55.41
-64.93
-73.71
-82.23
-90.44
-98.07
-105.00
-111.24
-116.65
-120.68
-122.35
-120.53
-114.56
-104.71
-92.18
-78.80
-66.31
-55.90
-47.97
-42.28
-38.25
-35.26
-32.69
-30.02
-26.86
-22.92
-18.17
-12.91
-7.65
-2.95
0.79
3.41
4.99
5.77
5.95
5.69
5.00
3.86
2.23
0.06
-2.77
-6.43
-11.13
-16.97
-23.73
-30.72
-36.79
-40.60
-41.10
-37.86
-31.30
-22.38
-12.29
-1.97
8.07
17.65
26.68
34.83
41.59
46.28
48.34
47.47
43.87
38.22
31.58
25.11
19.74
15.88
13.35
11.45
9.29
6.18
1.79
-3.71
-9.78
-15.69
-20.74
-24.37
-26.39
-27.02
-26.94
-27.18
-28.70
-32.09
-37.14
-42.83
-47.66
-50.16
-49.45
-45.46
-38.94
-31.03
-22.89
-15.44
-9.23
-4.59
-1.70
-0.67
-1.40
-3.57
-6.51
-9.43
-11.62
-12.69
-12.75
-12.33
-12.18
-12.96
-14.82
-17.43
-20.02
-21.81
-22.36
-21.85
-20.97
-20.60
-21.52
-24.04
-28.03
-32.91
-37.86
-41.94
-44.28
-44.12
-41.01
-34.90
-26.25
-15.88
-4.83
5.87
15.44
23.46
29.85
34.80
38.60
41.45
43.38
44.32
44.21
43.22
41.85
40.70
40.20
40.32
40.50
40.02
38.44
35.91
33.13
30.94
29.81
29.55
29.45
28.71
26.82
23.74
19.75
15.13
10.09
4.81
-0.23
-4.20
-5.99
-4.71
-0.10
7.20
15.86
24.29
31.24
36.12
39.00
40.34
40.57
39.89
38.28
35.72
32.37
28.71
25.27
22.50
20.58
19.34
18.45
17.56
16.47
15.04
13.26
11.03
8.29
4.91
0.91
-3.61
-8.44
-13.47
-18.68
-24.18
-30.02
-35.95
-41.24
-44.89
-45.84
-43.51
-37.97
-29.95
-20.52
-10.71
-1.26
7.49
15.32
22.07
27.46
31.29
33.57
34.56
34.65
34.18
33.30
31.99
30.16
27.86
25.28
22.67
20.27
18.09
15.99
13.69
10.94
7.64
3.88
-0.08
-4.01
-7.82
-11.60
-15.66
-20.38
-25.98
-32.34
-38.96
-45.01
-49.54
-51.72
-51.05
-47.42
-41.07
-32.60
-22.80
-12.61
-2.94
5.49
12.27
17.39
21.09
23.73
25.64
26.99
27.78
28.01
27.69
26.90
25.81
24.65
23.64
22.94
22.56
22.35
21.95
20.90
18.91
15.94
12.28
8.40
4.68
1.27
-1.95
-5.19
-8.61
-12.24
-16.05
-20.16
-24.72
-29.74
-34.78
-38.91
-40.86
-39.52
-34.52
-26.35
-16.38
-6.26
2.63
9.55
14.49
17.89
20.25
21.91
22.91
23.09
22.40
20.97
19.14
17.35
15.91
14.94
14.41
14.21
14.22
14.27
14.19
13.70
12.58
10.78
8.46
5.92
3.40
0.98
-1.50
-4.37
-7.97
-12.53
-18.04
-24.19
-30.28
-35.31
-38.18
-37.97
-34.35
-27.71
-19.10
-9.88
-1.25
6.02
11.64
15.74
18.60
20.41
21.29
21.25
20.26
18.38
15.77
12.79
9.84
7.25
5.21
3.63
2.25
0.75
-1.06
-3.19
-5.51
-7.89
-10.25
-12.70
-15.39
-18.42
-21.84
-25.57
-29.62
-34.06
-38.99
-44.32
-49.51
-53.57
-55.28
-53.64
-48.30
-39.78
-29.27
-18.18
-7.70
1.52
9.33
15.80
20.96
24.64
26.61
26.79
25.41
23.04
20.41
18.16
16.70
16.13
16.27
16.84
17.54
18.10
18.32
18.05
17.15
15.52
13.09
9.83
5.82
1.17
-3.93
-9.36
-15.08
-21.15
-27.57
-34.19
-40.52
-45.77
-49.04
-49.56
-46.90
-41.15
-32.87
-22.95
-12.48
-2.49
6.21
13.15
18.17
21.44
23.23
23.90
23.74
23.03
22.05
21.05
20.27
19.74
19.40
19.04
18.53
17.77
16.75
15.50
14.01
12.29
10.39
8.45
6.62
4.97
3.33
1.23
-1.96
-6.79
-13.36
-21.13
-28.98
-35.50
-39.44
-40.04
-37.24
-31.58
-23.98
-15.46
-6.89
1.04
7.89
13.36
17.37
19.92
21.17
21.34
20.68
19.39
17.60
15.42
12.98
10.55
8.49
7.12
6.61
6.83
7.38
7.76
7.54
6.55
4.83
2.56
-0.07
-2.93
-6.00
-9.27
-12.81
-16.78
-21.38
-26.80
-32.93
-39.21
-44.62
-47.85
-47.82
-43.96
-36.59
-26.69
-15.63
-4.69
5.27
13.82
20.90
26.54
30.72
33.43
34.64
34.49
33.26
31.34
29.17
27.12
25.48
24.45
24.04
24.08
24.22
24.00
23.04
21.11
18.32
14.99
11.50
8.08
4.76
1.29
-2.79
-7.86
-14.15
-21.49
-29.28
-36.46
-41.77
-44.06
-42.61
-37.42
-29.23
-19.31
-9.07
0.35
8.34
14.83
20.08
24.36
27.76
30.15
31.26
30.95
29.34
26.79
23.87
21.07
18.73
16.91
15.45
14.08
12.49
10.43
7.71
4.26
0.10
-4.64
-9.75
-14.95
-20.06
-24.98
-29.81
-34.82
-40.27
-46.20
-52.15
-57.17
-59.98
-59.44
-54.91
-46.62
-35.53
-23.07
-10.74
0.33
9.42
16.33
21.12
24.10
25.64
26.15
26.00
25.46
24.67
23.66
22.51
21.28
20.15
19.27
18.69
18.32
17.94
17.30
16.18
14.54
12.47
10.16
7.80
5.46
3.08
0.40
-2.89
-7.09
-12.29
-18.22
-24.17
-29.08
-31.84
-31.60
-28.10
-21.76
-13.50
-4.45
4.40
12.40
19.24
24.87
29.38
32.89
35.48
37.27
38.34
38.84
38.92
38.72
38.33
37.75
36.92
35.76
34.22
32.35
30.28
28.05
25.62
22.84
19.52
15.61
11.26
6.73
2.32
-1.87
-5.97
-10.33
-15.28
-20.94
-27.07
-33.03
-37.91
-40.78
-40.97
-38.22
-32.79
-25.31
-16.65
-7.72
0.62
7.67
12.96
16.31
17.86
18.04
17.31
16.04
14.29
11.87
8.51
4.09
-1.21
-6.87
-12.19
-16.50
-19.29
-20.32
-19.63
-17.58
-14.79
-12.06
-10.18
-9.71
-10.79
-13.17
-16.36
-19.85
-23.45
-27.27
-31.68
-36.97
-43.01
-49.08
-53.95
-56.30
-55.14
-50.27
-42.30
-32.46
-22.10
-12.26
-3.52
3.94
10.02
14.61
17.62
19.13
19.71
20.26
21.73
24.74
29.29
34.83
40.58
45.73
49.73
52.25
53.10
52.22
49.70
45.89
41.36
36.79
32.68
29.09
25.74
22.07
17.61
12.06
5.37
-2.25
-10.39
-18.38
-25.23
-29.81
-31.15
-28.79
-23.04
-15.00
-6.16
2.02
8.62
13.34
16.43
18.32
19.37
19.72
19.36
18.24
16.40
14.06
11.44
8.80
6.27
3.85
1.45
-1.00
-3.48
-5.90
-8.14
-10.17
-12.14
-14.31
-16.97
-20.22
-23.90
-27.67
-31.25
-34.65
-38.21
-42.31
-47.00
-51.71
-55.26
-56.35
-54.07
-48.34
-39.87
-29.90
-19.59
-9.75
-0.79
7.11
13.76
18.91
22.32
23.97
24.13
23.31
22.07
20.89
20.06
19.67
19.67
19.88
20.08
20.01
19.43
18.15
16.18
13.66
10.85
7.99
5.21
2.33
-0.96
-5.10
-10.35
-16.70
-23.86
-31.21
-37.96
-43.19
-46.06
-45.87
-42.31
-35.54
-26.22
-15.45
-4.45
5.72
14.40
21.41
26.91
31.13
34.13
35.87
36.24
35.36
33.60
31.54
29.75
28.58
28.06
27.94
27.88
27.58
26.84
25.54
23.56
20.79
17.16
12.70
7.62
2.22
-3.16
-8.27
-13.01
-17.49
-22.01
-26.95
-32.56
-38.72
-44.89
-50.08
-53.15
-53.17
-49.67
-42.86
-33.50
-22.74
-11.77
-1.56
7.32
14.74
20.87
25.98
30.32
33.89
36.57
38.21
38.81
38.55
37.79
36.88
36.01
35.23
34.47
33.63
32.75
31.90
31.14
30.37
29.29
27.46
24.47
20.20
14.94
9.30
4.02
-0.41
-4.00
-7.37
-11.48
-17.23
-25.14
-35.05
-46.07
-56.76
-65.47
-70.62
-71.10
-66.55
-57.55
-45.50
-32.31
-19.81
-9.28
-1.15
4.87
9.45
13.19
16.38
18.97
20.81
21.82
22.19
22.27
22.38
22.63
22.88
22.91
22.56
21.92
21.25
20.78
20.52
20.12
19.10
17.06
14.01
10.38
6.82
3.88
1.68
-0.11
-2.14
-5.01
-9.02
-13.96
-19.09
-23.38
-25.72
-25.28
-21.70
-15.27
-6.83
2.49
11.55
19.55
26.13
31.28
35.19
38.00
39.74
40.34
39.74
38.05
35.53
32.56
29.51
26.61
23.90
21.34
18.82
16.32
13.90
11.62
9.49
7.35
4.95
1.96
-1.79
-6.27
-11.19
-16.17
-20.91
-25.39
-29.91
-34.91
-40.69
-47.03
-53.13
-57.75
-59.63
-58.05
-52.97
-45.11
-35.54
-25.33
-15.30
-5.97
2.33
9.38
14.99
19.06
21.62
22.81
22.78
21.68
19.68
17.03
14.13
11.42
9.34
8.10
7.69
7.85
8.23
8.44
8.16
7.14
5.29
2.60
-0.81
-4.72
-8.92
-13.26
-17.76
-22.66
-28.29
-34.89
-42.35
-50.05
-56.83
-61.35
-62.43
-59.60
-53.16
-44.06
-33.52
-22.61
-12.05
-2.27
6.45
13.86
19.67
23.77
26.25
27.42
27.69
27.39
26.68
25.63
24.34
23.07
22.21
22.10
22.83
24.12
25.47
26.30
26.25
25.18
23.15
20.27
16.65
12.35
7.53
2.43
-2.76
-8.01
-13.54
-19.78
-27.00
-35.02
-43.09
-49.94
-54.21
-54.88
-51.61
-44.84
-35.59
-25.14
-14.62
-4.82
3.87
11.30
17.39
22.03
25.12
26.63
26.72
25.69
23.89
21.62
19.08
16.37
13.59
10.85
8.32
6.11
4.24
2.58
0.92
-0.97
-3.29
-6.08
-9.31
-12.85
-16.52
-20.19
-23.85
-27.62
-31.72
-36.42
-41.91
-48.09
-54.55
-60.47
-64.79
-66.46
-64.79
-59.60
-51.28
-40.64
-28.66
-16.26
-4.16
7.12
17.18
25.76
32.60
37.56
40.56
41.67
41.12
39.27
36.68
34.00
31.79
30.31
29.37
28.43
26.81
24.05
20.13
15.49
10.70
6.25
2.22
-1.72
-6.11
-11.38
-17.64
-24.61
-31.73
-38.25
-43.39
-46.37
-46.45
-43.07
-36.08
-25.89
-13.50
-0.26
12.50
23.82
33.39
41.36
48.16
54.12
59.24
63.25
65.76
66.55
65.63
63.35
60.22
56.76
53.32
50.07
46.95
43.77
40.34
36.50
32.21
27.48
22.33
16.78
10.83
4.52
-2.05
-8.80
-15.72
-22.96
-30.71
-38.93
-47.16
-54.39
-59.30
-60.68
-57.97
-51.42
-42.05
-31.23
-20.13
-9.54
0.23
9.05
16.81
23.30
28.29
31.71
33.71
34.66
35.03
35.25
35.60
36.20
36.95
37.70
38.24
38.33
37.84
36.76
35.17
33.21
30.99
28.49
25.61
22.19
18.08
13.20
7.57
1.37
-4.99
-10.93
-15.72
-18.71
-19.39
-17.55
-13.25
-6.74
1.48
10.84
20.61
30.05
38.50
45.52
50.91
54.72
57.09
58.16
58.08
57.05
55.25
52.89
50.09
46.85
43.00
38.40
32.99
26.92
20.52
14.17
8.11
2.40
-3.10
-8.59
-14.17
-19.76
-25.29
-30.81
-36.66
-43.35
-51.25
-60.12
-68.93
-76.07
-79.86
-79.31
-74.46
-66.36
-56.57
-46.62
-37.57
-29.92
-23.81
-19.23
-16.28
-15.15
-16.08
-19.14
-24.12
-30.49
-37.48
-44.31
-50.39
-55.61
-60.23
-64.74
-69.55
-74.67
-79.71
-83.99
-86.82
-87.81
-86.97
-84.68
-81.50
-78.13
-75.14
-72.97
-71.84
-71.68
-72.20
-72.83
-72.82
-71.27
-67.31
-60.30
-50.00
-36.77
-21.44
-5.18
10.82
25.68
38.94
50.52
60.54
69.15
76.36
82.10
86.35
89.29
91.41
93.35
95.67
98.61
101.88
104.69
105.99
104.85
100.74
93.75
84.53
74.01
63.18
52.73
43.02
33.97
25.36
16.80
8.04
-1.13
-10.77
-20.80
-30.94
-40.63
-49.06
-55.31
-58.65
-58.77
-55.94
-50.87
-44.53
-37.82
-31.32
-25.32
-19.86
-14.94
-10.55
-6.71
-3.51
-0.92
1.19
3.05
4.95
7.13
9.75
12.77
16.06
19.42
22.69
25.73
28.44
30.68
32.31
33.10
32.89
31.59
29.17
25.68
21.11
15.47
8.83
1.52
-5.81
-12.20
-16.56
-18.01
-16.16
-11.27
-4.17
4.03
12.25
19.69
25.90
30.72
34.15
36.22
37.01
36.64
35.30
33.25
30.77
28.14
25.56
23.19
21.08
19.19
17.39
15.49
13.35
10.89
8.20
5.40
2.63
-0.08
-2.86
-5.86
-9.28
-13.24
-17.80
-23.02
-28.93
-35.45
-42.21
-48.47
-53.18
-55.24
-53.94
-49.16
-41.45
-31.88
-21.59
-11.53
-2.33
5.72
12.49
18.01
22.38
25.76
28.38
30.28
31.46
31.78
31.15
29.63
27.51
25.23
23.15
21.52
20.37
19.55
18.84
17.97
16.72
14.90
12.43
9.34
5.78
1.94
-2.00
-5.94
-9.93
-14.10
-18.70
-23.98
-30.08
-36.82
-43.61
-49.41
-52.98
-53.28
-49.81
-42.88
-33.52
-23.05
-12.73
-3.35
4.79
11.70
17.56
22.41
26.18
28.75
30.07
30.27
29.64
28.62
27.57
26.70
26.00
25.30
24.52
23.67
22.93
22.44
22.16
21.82
20.94
19.16
16.32
12.67
8.61
4.58
0.76
-2.84
-6.41
-10.09
-13.93
-18.00
-22.41
-27.36
-32.91
-38.84
-44.45
-48.69
-50.50
-49.13
-44.54
-37.29
-28.33
-18.72
-9.35
-0.82
6.50
12.37
16.76
19.77
21.71
22.91
23.64
23.94
23.70
22.75
21.10
19.00
16.92
15.32
14.45
14.28
14.48
14.59
14.23
13.20
11.50
9.26
6.62
3.69
0.51
-2.87
-6.38
-9.97
-13.64
-17.52
-21.81
-26.61
-31.66
-36.30
-39.55
-40.47
-38.50
-33.64
-26.51
-18.02
-9.10
-0.49
7.34
14.09
19.53
23.48
25.87
26.79
26.54
25.48
23.99
22.31
20.53
18.67
16.74
14.87
13.18
11.81
10.77
9.97
9.15
8.02
6.29
3.85
0.77
-2.75
-6.42
-10.02
-13.48
-16.89
-20.49
-24.57
-29.26
-34.45
-39.70
-44.32
-47.49
-48.53
-47.04
-43.04
-36.93
-29.35
-20.99
-12.43
-4.07
3.78
10.86
16.90
21.67
25.02
26.95
27.64
27.31
26.23
24.62
22.72
20.75
18.91
17.34
16.07
15.02
14.06
13.04
11.83
10.30
8.32
5.80
2.73
-0.80
-4.54
-8.23
-11.69
-14.89
-18.05
-21.58
-25.86
-31.08
-37.03
-43.04
-48.06
-51.02
-51.09
-47.97
-41.98
-33.90
-24.69
-15.27
-6.28
1.85
8.89
14.68
19.16
22.38
24.45
25.56
25.88
25.54
24.70
23.49
22.15
20.95
20.13
19.79
19.77
19.73
19.26
18.14
16.31
13.97
11.29
8.36
5.09
1.37
-2.82
-7.25
-11.62
-15.71
-19.55
-23.50
-27.98
-33.21
-38.93
-44.44
-48.72
-50.85
-50.26
-46.86
-41.02
-33.38
-24.67
-15.59
-6.76
1.32
8.28
13.91
18.23
21.38
23.57
24.90
25.41
25.06
23.95
22.34
20.61
19.16
18.17
17.65
17.36
17.10
16.66
15.95
14.87
13.26
10.97
7.91
4.27
0.39
-3.32
-6.66
-9.75
-13.01
-16.94
-21.85
-27.57
-33.46
-38.56
-41.91
-42.79
-41.00
-36.78
-30.72
-23.49
-15.69
-7.78
-0.12
6.92
12.99
17.83
21.34
23.60
24.82
25.24
24.97
24.12
22.76
21.06
19.29
17.76
16.69
16.12
15.87
15.61
14.94
13.52
11.18
7.95
4.10
0.05
-3.78
-7.13
-9.96
-12.54
-15.38
-19.03
-23.86
-29.82
-36.31
-42.22
-46.28
-47.42
-45.14
-39.64
-31.68
-22.31
-12.48
-2.98
5.67
13.10
19.01
23.23
25.80
26.96
27.14
26.76
26.09
25.25
24.22
22.97
21.55
20.11
18.83
17.82
17.04
16.33
15.40
14.06
12.15
9.65
6.61
3.17
-0.53
-4.34
-8.14
-11.93
-15.83
-20.17
-25.27
-31.31
-38.03
-44.64
-49.96
-52.77
-52.22
-48.13
-41.03
-31.94
-21.99
-12.09
-2.84
5.41
12.48
18.24
22.63
25.73
27.78
29.07
29.84
30.16
30.00
29.30
28.14
26.74
25.43
24.47
23.94
23.68
23.37
22.71
21.46
19.53
16.90
13.60
9.64
5.10
0.14
-5.02
-10.17
-15.22
-20.30
-25.71
-31.67
-38.07
-44.36
-49.54
-52.52
-52.48
-49.19
-43.06
-34.92
-25.72
-16.24
-7.01
1.69
9.56
16.34
21.74
25.65
28.15
29.58
30.34
30.72
30.85
30.68
30.09
29.08
27.82
26.57
25.61
24.99
24.59
24.08
23.09
21.35
18.75
15.34
11.29
6.85
2.26
-2.26
-6.62
-10.92
-15.40
-20.46
-26.39
-33.19
-40.43
-47.20
-52.34
-54.81
-54.04
-50.05
-43.47
-35.23
-26.29
-17.39
-8.99
-1.28
5.68
11.96
17.69
22.99
28.00
32.64
36.71
39.81
41.63
42.06
41.31
39.83
37.99
36.05
33.95
31.48
28.43
24.78
20.70
16.49
12.40
8.52
4.81
1.16
-2.54
-6.36
-10.44
-14.99
-20.25
-26.22
-32.55
-38.35
-42.45
-43.75
-41.66
-36.38
-28.82
-20.22
-11.72
-4.00
2.72
8.54
13.57
17.84
21.21
23.52
24.72
24.91
24.35
23.30
22.06
20.77
19.55
18.42
17.34
16.27
15.14
13.88
12.37
10.61
8.58
6.36
4.00
1.50
-1.28
-4.57
-8.64
-13.67
-19.64
-26.21
-32.70
-38.16
-41.46
-41.73
-38.55
-32.26
-23.79
-14.47
-5.54
2.18
8.45
13.49
17.67
21.28
24.30
26.56
27.77
27.86
26.99
25.54
24.01
22.76
21.94
21.39
20.76
19.69
17.95
15.48
12.42
8.95
5.27
1.50
-2.31
-6.14
-10.01
-14.01
-18.30
-23.09
-28.51
-34.43
-40.30
-45.22
-48.10
-48.05
-44.73
-38.48
-30.21
-21.11
-12.27
-4.36
2.37
8.05
12.93
17.22
20.97
24.11
26.48
27.95
28.47
28.15
27.22
25.98
24.70
23.51
22.39
21.16
19.58
17.57
15.12
12.40
9.53
6.52
3.28
-0.39
-4.62
-9.45
-14.78
-20.56
-26.64
-32.89
-38.89
-43.92
-47.03
-47.32
-44.38
-38.43
-30.38
-21.39
-12.48
-4.26
3.15
9.82
15.83
21.10
25.43
28.60
30.57
31.49
31.61
31.23
30.53
29.61
28.45
27.05
25.42
23.61
21.67
19.60
17.40
14.96
12.23
9.19
5.83
2.22
-1.59
-5.53
-9.61
-13.85
-18.37
-23.36
-28.93
-35.02
-41.12
-46.26
-49.25
-49.07
-45.32
-38.43
-29.51
-19.92
-10.83
-2.85
3.97
9.85
15.06
19.71
23.70
26.83
28.98
30.15
30.45
30.07
29.19
27.99
26.60
25.16
23.79
22.62
21.68
20.88
19.97
18.66
16.68
13.99
10.74
7.24
3.74
0.29
-3.29
-7.30
-11.99
-17.43
-23.39
-29.39
-34.76
-38.65
-40.29
-39.10
-34.99
-28.42
-20.38
-12.03
-4.35
2.16
7.57
12.25
16.58
20.57
23.95
26.28
27.30
27.09
26.04
24.68
23.36
22.24
21.23
20.20
19.05
17.78
16.42
14.93
13.19
11.04
8.39
5.24
1.75
-1.88
-5.54
-9.17
-12.91
-17.02
-21.69
-26.91
-32.34
-37.19
-40.46
-41.24
-39.06
-34.10
-27.16
-19.26
-11.37
-4.07
2.46
8.29
13.51
18.06
21.78
24.49
26.09
26.59
26.13
24.93
23.30
21.58
20.09
19.07
18.55
18.33
18.02
17.22
15.66
13.31
10.31
6.93
3.41
-0.05
-3.32
-6.39
-9.32
-12.30
-15.67
-19.79
-24.85
-30.76
-36.91
-42.34
-45.92
-46.75
-44.44
-39.25
-31.93
-23.42
-14.61
-6.14
1.66
8.58
14.56
19.49
23.33
26.07
27.80
28.64
28.77
28.38
27.64
26.66
25.52
24.25
22.91
21.56
20.33
19.30
18.42
17.48
16.15
14.13
11.26
7.65
3.61
-0.51
-4.45
-8.15
-11.75
-15.53
-19.80
-24.75
-30.34
-36.18
-41.54
-45.45
-46.98
-45.58
-41.17
-34.37
-26.12
-17.50
-9.34
-2.07
4.21
9.64
14.38
18.49
21.94
24.61
26.40
27.31
27.46
27.07
26.36
25.48
24.44
23.20
21.77
20.25
18.87
17.80
17.05
16.31
15.07
12.86
9.50
5.26
0.70
-3.57
-7.20
-10.19
-12.93
-15.89
-19.47
-23.89
-29.03
-34.55
-39.80
-43.95
-46.14
-45.72
-42.45
-36.69
-29.28
-21.23
-13.50
-6.65
-0.85
4.03
8.25
12.01
15.36
18.13
20.03
20.79
20.34
18.91
16.96
15.10
13.76
13.13
13.08
13.30
13.45
13.28
12.67
11.50
9.68
7.17
4.07
0.66
-2.70
-5.77
-8.59
-11.50
-14.98
-19.36
-24.56
-29.98
-34.64
-37.52
-37.89
-35.57
-30.90
-24.62
-17.55
-10.35
-3.49
2.72
8.09
12.44
15.70
17.93
19.36
20.28
20.94
21.35
21.38
20.88
19.80
18.32
16.75
15.37
14.26
13.32
12.30
11.04
9.48
7.61
5.44
2.90
-0.10
-3.57
-7.43
-11.52
-15.76
-20.19
-24.93
-30.06
-35.41
-40.44
-44.33
-46.21
-45.45
-41.94
-36.14
-28.89
-21.15
-13.68
-6.88
-0.82
4.57
9.40
13.64
17.17
19.92
21.90
23.18
23.86
24.01
23.67
22.88
21.76
20.48
19.18
17.93
16.72
15.45
13.99
12.21
10.02
7.35
4.18
0.61
-3.22
-7.06
-10.80
-14.46
-18.28
-22.62
-27.79
-33.67
-39.58
-44.39
-46.85
-46.08
-41.95
-35.10
-26.70
-17.96
-9.71
-2.33
4.17
9.87
14.77
18.78
21.85
24.01
25.42
26.26
26.63
26.55
26.03
25.14
24.04
22.95
22.03
21.32
20.69
19.90
18.66
16.73
14.01
10.56
6.61
2.44
-1.68
-5.60
-9.33
-13.00
-16.85
-21.10
-25.82
-30.91
-35.91
-40.04
-42.36
-42.09
-38.87
-32.97
-25.25
-16.87
-8.86
-1.80
4.21
9.37
13.93
17.94
21.28
23.75
25.32
26.08
26.24
25.98
25.39
24.52
23.44
22.29
21.20
20.27
19.43
18.51
17.32
15.73
13.71
11.27
8.46
5.31
1.91
-1.58
-4.95
-8.07
-11.03
-14.16
-17.90
-22.56
-28.03
-33.59
-38.10
-40.36
-39.55
-35.65
-29.35
-21.81
-14.14
-7.05
-0.78
4.72
9.52
13.52
16.48
18.31
19.07
19.10
18.78
18.41
18.07
17.71
17.27
16.79
16.37
16.03
15.72
15.25
14.43
13.14
11.44
9.46
7.30
4.98
2.40
-0.60
-4.12
-8.23
-12.94
-18.21
-23.80
-29.21
-33.64
-36.18
-36.07
-33.07
-27.58
-20.52
-13.03
-6.04
-0.04
4.96
9.18
12.91
16.22
19.01
21.04
22.15
22.35
21.87
21.04
20.19
19.46
18.81
18.09
17.14
15.91
14.45
12.83
11.08
9.14
6.84
4.11
0.90
-2.76
-6.77
-10.99
-15.32
-19.76
-24.41
-29.35
-34.46
-39.30
-42.99
-44.47
-42.86
-37.92
-30.26
-21.15
-12.05
-4.08
2.30
7.29
11.40
15.07
18.39
21.16
22.99
23.63
23.13
21.87
20.40
19.21
18.51
18.20
18.00
17.60
16.90
15.95
14.84
13.58
11.99
9.79
6.78
2.97
-1.35
-5.85
-10.28
-14.70
-19.30
-24.33
-29.80
-35.33
-40.19
-43.46
-44.33
-42.34
-37.55
-30.52
-22.13
-13.33
-4.91
2.60
8.94
14.08
18.12
21.25
23.66
25.51
26.88
27.73
27.95
27.50
26.46
25.12
23.84
22.87
22.21
21.60
20.65
19.01
16.57
13.46
9.92
6.21
2.47
-1.26
-5.00
-8.82
-12.78
-17.06
-21.85
-27.29
-33.18
-38.91
-43.43
-45.57
-44.56
-40.26
-33.37
-25.12
-16.79
-9.25
-2.73
2.97
8.20
13.16
17.74
21.66
24.69
26.80
28.10
28.75
28.86
28.48
27.61
26.45
25.26
24.32
23.71
23.25
22.57
21.22
18.96
15.79
11.98
7.92
4.00
0.47
-2.66
-5.50
-8.36
-11.63
-15.70
-20.81
-26.86
-33.26
-38.92
-42.56
-43.06
-40.02
-33.87
-25.78
-17.21
-9.35
-2.81
2.48
6.95
11.01
14.74
17.91
20.15
21.24
21.25
20.50
19.44
18.42
17.60
16.98
16.44
15.84
15.06
14.09
12.90
11.48
9.81
7.89
5.71
3.28
0.57
-2.48
-5.97
-9.97
-14.46
-19.27
-24.05
-28.33
-31.59
-33.35
-33.26
-31.12
-26.95
-21.03
-13.88
-6.19
1.25
7.85
13.28
17.52
20.74
23.10
24.66
25.36
25.13
24.05
22.35
20.46
18.76
17.52
16.77
16.42
16.21
15.95
15.44
14.57
13.25
11.40
9.05
6.27
3.19
-0.06
-3.50
-7.26
-11.57
-16.57
-22.10
-27.60
-32.19
-34.88
-34.88
-31.92
-26.29
-18.69
-9.99
-0.91
8.05
16.63
24.66
31.99
38.43
43.84
48.19
51.55
54.04
55.76
56.75
57.01
56.60
55.56
53.84
51.16
47.13
41.44
34.19
26.01
17.89
10.78
5.07
0.54
-3.44
-7.43
-11.48
-15.21
-18.16
-20.20
-21.74
-23.47
-25.82
-28.71
-31.41
-33.01
-32.91
-31.05
-27.93
-24.24
-20.53
-16.97
-13.49
-9.90
-6.26
-2.90
-0.41
0.59
-0.28
-2.99
-7.05
-11.66
-16.04
-19.64
-22.33
-24.32
-25.98
-27.59
-29.25
-30.87
-32.31
-33.47
-34.44
-35.37
-36.48
-37.99
-40.15
-43.26
-47.51
-52.81
-58.54
-63.56
-66.50
-66.18
-62.06
-54.54
-44.74
-34.05
-23.54
-13.62
-4.20
4.96
13.89
22.28
29.42
34.60
37.50
38.47
38.39
38.24
38.52
39.23
39.93
39.67
37.27
31.63
22.09
8.63
-7.99
-26.37
-44.22
-58.79
-68.21
-72.39
-72.99
-72.71
-73.97
-77.80
-83.59
-88.93
-90.24
-84.85
-72.00
-52.88
-29.88
-5.56
19.93
44.15
64.23
79.55
91.36
100.94
108.26
112.37
112.36
108.19
102.45
95.80
88.83
81.48
73.11
63.23
52.12
40.87
30.93
23.27
17.68
14.10
11.71
9.26
5.64
0.52
-5.62
-11.77
-17.10
-21.22
-23.95
-25.60
-26.67
-27.41
-27.51
-26.34
-23.33
-18.46
-12.28
-5.35
1.78
8.67
15.14
21.00
25.94
29.48
31.12
30.64
28.42
25.23
21.91
19.10
17.09
15.73
14.73
13.76
12.63
11.34
10.00
8.61
7.10
5.32
3.17
0.62
-2.25
-5.38
-8.79
-12.63
-17.07
-22.06
-27.22
-31.75
-34.60
-34.94
-32.41
-27.37
-20.76
-13.75
-7.27
-1.76
2.83
6.81
10.37
13.46
15.74
16.86
16.68
15.43
13.61
11.86
10.62
10.01
9.81
9.57
8.89
7.62
5.87
4.04
2.48
1.35
0.46
-0.62
-2.39
-5.25
-9.31
-14.43
-20.21
-26.02
-31.01
-34.27
-35.00
-32.77
-27.77
-20.71
-12.71
-4.83
2.20
8.12
12.98
16.89
19.87
21.81
22.64
22.39
21.35
19.85
18.14
16.27
14.10
11.43
8.19
4.59
1.05
-1.99
-4.21
-5.59
-6.35
-6.85
-7.48
-8.59
-10.47
-13.45
-17.74
-23.24
-29.41
-35.14
-39.08
-40.06
-37.60
-32.11
-24.73
-16.80
-9.37
-2.87
2.78
7.91
12.68
16.92
20.19
22.08
22.42
21.46
19.72
17.79
16.04
14.51
13.02
11.30
9.23
6.94
4.75
2.99
1.79
0.99
0.14
-1.27
-3.69
-7.30
-11.98
-17.38
-22.93
-27.98
-31.84
-33.92
-33.86
-31.69
-27.83
-22.92
-17.61
-12.35
-7.31
-2.43
2.35
6.92
11.01
14.20
16.19
16.94
16.67
15.79
14.72
13.72
12.86
12.09
11.32
10.50
9.66
8.87
8.20
7.60
6.96
6.06
4.65
2.50
-0.57
-4.54
-9.14
-13.85
-17.89
-20.50
-21.15
-19.73
-16.54
-12.23
-7.49
-2.84
1.45
5.40
9.17
12.83
16.26
19.04
20.45
19.76
16.47
10.63
2.89
-5.66
-13.91
-21.07
-26.83
-31.21
-34.18
-35.49
-34.69
-31.55
-26.37
-20.22
-14.56
-10.74
-9.46
-10.67
-13.69
-17.67
-21.89
-25.87
-29.15
-31.19
-31.33
-29.02
-24.09
-17.02
-8.69
-0.18
7.71
14.64
20.73
26.23
31.30
35.75
39.16
41.07
41.22
39.70
37.00
33.79
30.79
28.48
27.03
26.31
25.92
25.44
24.52
22.97
20.76
17.98
14.74
11.11
7.18
3.07
-1.10
-5.21
-9.34
-13.73
-18.68
-24.29
-30.22
-35.65
-39.53
-40.92
-39.33
-34.90
-28.29
-20.40
-12.10
-4.11
3.07
9.13
13.92
17.45
19.87
21.40
22.18
22.27
21.65
20.34
18.45
16.22
13.99
12.04
10.56
9.68
9.47
9.95
11.03
12.50
13.97
14.95
15.03
14.01
12.02
9.45
6.80
4.44
2.44
0.54
-1.78
-5.02
-9.51
-15.16
-21.48
-27.57
-32.36
-34.86
-34.47
-31.15
-25.53
-18.62
-11.51
-4.99
0.64
5.47
9.71
13.45
16.51
18.59
19.52
19.41
18.68
17.88
17.42
17.43
17.75
18.07
18.15
17.90
17.34
16.54
15.51
14.18
12.50
10.46
8.17
5.76
3.31
0.79
-1.95
-5.13
-8.91
-13.25
-17.91
-22.43
-26.17
-28.47
-28.76
-26.65
-22.16
-15.67
-7.91
0.20
7.80
14.18
18.97
22.06
23.59
23.88
23.25
22.05
20.49
18.72
16.81
14.88
13.04
11.45
10.21
9.28
8.45
7.41
5.91
3.86
1.39
-1.22
-3.73
-6.04
-8.22
-10.49
-13.04
-16.04
-19.59
-23.71
-28.35
-33.22
-37.78
-41.21
-42.56
-41.14
-36.78
-29.94
-21.59
-12.85
-4.59
2.71
8.97
14.29
18.70
22.14
24.48
25.66
25.75
24.94
23.49
21.59
19.40
17.13
14.96
13.13
11.77
10.82
10.07
9.13
7.66
5.49
2.63
-0.74
-4.41
-8.25
-12.20
-16.25
-20.38
-24.58
-28.88
-33.35
-37.97
-42.50
-46.37
-48.73
-48.73
-45.87
-40.21
-32.41
-23.43
-14.27
-5.62
2.16
8.96
14.78
19.55
23.20
25.64
26.91
27.18
26.73
25.82
24.68
23.44
22.13
20.75
19.33
17.89
16.43
14.86
13.01
10.70
7.81
4.38
0.60
-3.32
-7.14
-10.75
-14.14
-17.43
-20.83
-24.59
-28.92
-33.83
-38.97
-43.60
-46.73
-47.40
-45.07
-39.81
-32.31
-23.61
-14.66
-6.13
1.74
8.95
15.51
21.27
25.96
29.32
31.31
32.13
32.14
31.63
30.71
29.39
27.66
25.66
23.69
22.09
21.03
20.38
19.74
18.64
16.72
13.93
10.49
6.77
3.13
-0.21
-3.23
-6.07
-8.92
-12.00
-15.48
-19.46
-24.00
-28.99
-34.07
-38.57
-41.60
-42.28
-40.03
-34.85
-27.30
-18.41
-9.25
-0.63
7.04
13.66
19.30
23.99
27.64
30.13
31.41
31.56
30.81
29.44
27.68
25.63
23.28
20.60
17.59
14.35
11.07
7.89
4.87
1.91
-1.24
-4.79
-8.80
-13.07
-17.15
-20.58
-23.12
-25.04
-27.03
-29.85
-33.86
-38.64
-43.01
-45.39
-44.54
-40.08
-32.64
-23.58
-14.32
-5.83
1.60
8.09
13.80
18.63
22.24
24.35
24.95
24.44
23.50
22.69
22.25
22.04
21.67
20.88
19.62
18.07
16.44
14.74
12.75
10.24
7.09
3.49
-0.17
-3.58
-6.68
-9.71
-13.08
-17.10
-21.85
-27.05
-32.22
-36.77
-40.08
-41.55
-40.66
-37.15
-31.08
-22.96
-13.64
-4.11
4.82
12.57
18.91
23.82
27.27
29.29
29.91
29.37
27.98
26.27
24.70
23.57
22.88
22.38
21.72
20.57
18.83
16.57
13.96
11.15
8.19
5.12
1.95
-1.22
-4.34
-7.47
-10.86
-14.87
-19.82
-25.81
-32.55
-39.32
-45.12
-48.88
-49.80
-47.52
-42.20
-34.48
-25.23
-15.40
-5.78
3.09
10.90
17.51
22.83
26.80
29.39
30.70
30.98
30.57
29.81
28.92
28.02
27.09
26.12
25.04
23.88
22.62
21.23
19.64
17.74
15.45
12.70
9.52
5.94
2.12
-1.63
-4.89
-7.18
-8.34
-8.71
-9.19
-10.98
-15.10
-21.81
-30.45
-39.57
-47.35
-52.16
-52.82
-48.74
-39.91
-26.87
-10.81
6.47
22.67
35.58
43.66
46.53
45.07
40.97
36.11
31.99
29.43
28.67
29.57
31.79
34.92
38.47
41.89
44.76
46.78
47.88
48.15
47.71
46.66
45.03
42.83
40.09
36.77
32.71
27.51
20.63
11.59
0.33
-12.53
-25.59
-37.04
-45.21
-48.98
-48.22
-43.62
-36.38
-27.74
-18.76
-10.29
-3.05
2.16
4.69
4.24
1.12
-3.72
-9.00
-13.54
-16.66
-18.25
-18.70
-18.58
-18.38
-18.43
-18.88
-19.71
-20.82
-22.08
-23.39
-24.82
-26.66
-29.42
-33.42
-38.55
-44.12
-48.98
-52.02
-52.58
-50.70
-46.97
-42.19
-36.97
-31.61
-26.12
-20.40
-14.35
-7.85
-0.71
7.28
16.19
25.67
34.83
42.32
46.78
47.46
44.52
39.08
32.71
26.73
21.66
17.11
12.20
6.18
-1.07
-8.95
-16.52
-22.97
-28.01
-31.83
-34.92
-37.69
-40.43
-43.31
-46.50
-50.16
-54.38
-58.91
-63.08
-65.91
-66.28
-63.42
-57.02
-47.39
-35.21
-21.39
-6.98
7.04
19.71
30.32
38.52
44.50
48.85
52.34
55.59
58.85
62.00
64.77
67.03
68.77
70.08
70.83
70.67
69.07
65.63
60.36
53.67
46.22
38.55
30.89
23.16
15.17
6.82
-1.83
-10.63
-19.59
-28.80
-38.31
-47.76
-56.22
-62.35
-64.82
-62.92
-56.88
-47.71
-36.85
-25.65
-14.98
-5.30
3.22
10.48
16.36
20.82
23.95
26.00
27.26
28.00
28.39
28.56
28.59
28.53
28.31
27.78
26.64
24.56
21.26
16.66
10.84
4.11
-3.11
-10.31
-16.94
-22.63
-27.20
-30.82
-33.96
-37.22
-41.13
-45.94
-51.52
-57.35
-62.66
-66.52
-68.08
-66.73
-62.18
-54.56
-44.37
-32.32
-19.21
-5.81
7.29
19.65
30.98
41.11
49.89
57.13
62.64
66.23
67.81
67.57
65.93
63.49
60.86
58.46
56.38
54.55
52.69
50.59
48.05
44.96
41.26
36.89
31.93
26.52
20.87
15.22
9.74
4.48
-0.63
-5.80
-11.29
-17.28
-23.72
-30.18
-35.88
-39.82
-41.02
-38.91
-33.47
-25.35
-15.63
-5.52
3.97
12.24
19.09
24.57
28.80
31.87
33.70
34.24
33.49
31.65
29.15
26.51
24.23
22.61
21.72
21.41
21.43
21.47
21.33
20.84
19.89
18.33
15.96
12.55
8.03
2.54
-3.54
-9.74
-15.70
-21.36
-26.79
-32.01
-36.72
-40.23
-41.63
-40.22
-35.86
-29.03
-20.67
-11.81
-3.20
4.72
11.82
18.03
23.24
27.25
29.85
30.88
30.42
28.67
26.07
23.14
20.37
18.07
16.29
14.89
13.70
12.65
11.86
11.42
11.27
11.07
10.29
8.44
5.33
1.12
-3.71
-8.71
-13.63
-18.51
-23.59
-28.98
-34.53
-39.69
-43.67
-45.70
-45.19
-41.95
-36.15
-28.28
-19.02
-9.15
0.58
9.52
17.17
23.26
27.69
30.55
31.98
32.20
31.45
30.01
28.22
26.43
24.88
23.63
22.57
21.55
20.48
19.34
18.16
16.87
15.28
13.17
10.39
6.99
3.30
-0.41
-3.93
-7.41
-11.22
-15.82
-21.52
-28.28
-35.65
-42.79
-48.66
-52.23
-52.73
-49.94
-44.28
-36.64
-28.16
-19.82
-12.14
-5.23
1.10
7.03
12.52
17.35
21.21
23.89
25.36
25.76
25.35
24.39
23.12
21.77
20.54
19.55
18.92
18.61
18.57
18.65
18.65
18.28
17.23
15.25
12.24
8.35
3.99
-0.34
-4.23
-7.59
-10.66
-13.92
-17.93
-22.99
-29.03
-35.47
-41.36
-45.54
-47.00
-45.19
-40.10
-32.38
-23.07
-13.32
-4.13
3.85
10.29
15.15
18.55
20.67
21.76
22.12
22.11
22.06
22.20
22.59
23.09
23.46
23.46
23.01
22.28
21.54
21.06
20.84
20.60
19.89
18.37
16.04
13.26
10.58
8.37
6.60
4.85
2.54
-0.73
-4.88
-9.30
-13.01
-14.95
-14.21
-10.18
-2.75
7.70
20.21
33.42
45.81
56.15
63.81
68.92
72.15
74.32
76.03
77.39
78.11
77.81
76.31
73.75
70.59
67.29
64.15
61.19
58.21
54.97
51.34
47.33
42.98
38.16
32.59
25.90
17.82
8.36
-2.15
-13.12
-24.08
-34.74
-45.10
-55.14
-64.51
-72.49
-78.01
-80.12
-78.35
-72.99
-65.01
-55.73
-46.47
-38.19
-31.43
-26.24
-22.46
-19.68
-17.43
-15.16
-12.35
-8.68
-4.05
1.28
6.82
11.97
16.23
19.23
20.81
20.90
19.48
16.60
12.40
7.14
1.28
-4.66
-10.21
-15.13
-19.57
-24.02
-29.25
-36.05
-44.95
-56.00
-68.53
-81.43
-93.29
-102.83
-109.16
-111.86
-110.93
-106.74
-99.95
-91.51
-82.57
-74.33
-67.87
-63.84
-62.41
-63.27
-65.81
-69.29
-72.96
-76.14
-78.24
-78.82
-77.70
-75.04
-71.27
-66.97
-62.60
-58.39
-54.25
-49.97
-45.43
-40.74
-36.26
-32.55
-30.08
-29.12
-29.67
-31.47
-34.06
-36.73
-38.55
-38.40
-35.23
-28.43
-18.07
-5.05
9.17
22.98
35.15
45.09
52.88
59.01
64.10
68.56
72.47
75.68
77.78
78.38
77.14
73.93
68.94
62.60
55.52
48.31
41.37
34.92
28.98
23.55
18.61
14.20
10.23
6.56
2.91
-1.00
-5.39
-10.42
-16.18
-22.70
-29.89
-37.43
-44.57
-50.29
-53.50
-53.49
-50.22
-44.36
-37.03
-29.30
-21.88
-15.06
-8.86
-3.31
1.39
4.88
6.88
7.31
6.37
4.44
1.89
-0.97
-3.94
-6.80
-9.37
-11.49
-13.11
-14.31
-15.25
-16.06
-16.88
-17.75
-18.79
-20.13
-21.94
-24.31
-27.23
-30.51
-33.87
-36.96
-39.43
-40.86
-40.76
-38.64
-34.03
-26.76
-17.06
-5.61
6.59
18.52
29.35
38.64
46.31
52.42
57.00
59.98
61.27
60.83
58.96
56.18
53.12
50.29
47.84
45.64
43.36
40.77
37.81
34.59
31.29
27.98
24.63
21.09
17.18
12.78
7.80
2.13
-4.30
-11.42
-18.87
-25.91
-31.56
-34.79
-34.88
-31.66
-25.59
-17.58
-8.78
-0.18
7.48
13.91
19.03
22.94
25.70
27.33
27.84
27.35
26.11
24.51
22.91
21.51
20.36
19.28
18.09
16.67
14.99
13.10
11.12
9.15
7.20
5.24
3.06
0.35
-3.26
-8.11
-14.36
-21.84
-29.99
-37.84
-44.16
-47.72
-47.63
-43.62
-36.21
-26.53
-16.00
-5.89
3.04
10.58
16.92
22.27
26.67
29.91
31.74
32.08
31.11
29.30
27.17
25.21
23.66
22.58
21.81
21.12
20.26
18.95
17.06
14.52
11.45
8.05
4.52
0.97
-2.65
-6.56
-11.04
-16.35
-22.55
-29.35
-36.06
-41.68
-45.08
-45.35
-42.11
-35.64
-26.80
-16.77
-6.68
2.66
10.85
17.78
23.50
28.04
31.34
33.35
34.06
33.65
32.41
30.77
29.13
27.78
26.84
26.28
25.91
25.49
24.77
23.55
21.72
19.30
16.44
13.33
10.16
6.97
3.66
-0.00
-4.31
-9.56
-15.85
-23.04
-30.62
-37.75
-43.29
-46.13
-45.49
-41.13
-33.52
-23.61
-12.68
-1.96
7.55
15.25
20.98
24.93
27.48
29.07
29.99
30.32
30.03
29.07
27.60
25.97
24.61
23.83
23.69
24.02
24.47
24.69
24.41
23.41
21.56
18.86
15.44
11.54
7.49
3.52
-0.35
-4.35
-8.85
-14.16
-20.31
-26.97
-33.34
-38.39
-40.99
-40.34
-36.17
-28.94
-19.69
-9.78
-0.42
7.64
14.14
19.20
23.04
25.74
27.28
27.59
26.76
25.07
22.96
20.88
19.18
18.01
17.38
17.10
16.95
16.64
15.96
14.88
13.47
11.87
10.18
8.34
6.14
3.36
-0.21
-4.61
-9.84
-15.81
-22.33
-29.03
-35.23
-39.97
-42.24
-41.25
-36.76
-29.24
-19.76
-9.66
-0.19
7.77
13.89
18.30
21.42
23.62
25.13
25.94
25.92
25.03
23.43
21.50
19.71
18.43
17.75
17.54
17.48
17.25
16.64
15.58
14.03
12.01
9.54
6.64
3.39
-0.10
-3.75
-7.58
-11.68
-16.23
-21.41
-27.23
-33.38
-39.17
-43.57
-45.51
-44.20
-39.47
-31.84
-22.40
-12.44
-3.10
4.96
11.53
16.70
20.67
23.52
25.20
25.66
25.00
23.53
21.76
20.17
19.07
18.47
18.16
17.88
17.47
16.96
16.42
15.86
15.08
13.77
11.65
8.70
5.12
1.25
-2.61
-6.40
-10.22
-14.32
-18.98
-24.35
-30.38
-36.69
-42.53
-46.93
-48.84
-47.54
-42.92
-35.54
-26.45
-16.85
-7.71
0.38
7.27
12.96
17.51
20.98
23.40
24.87
25.57
25.71
25.47
25.01
24.45
23.86
23.30
22.83
22.40
21.95
21.36
20.51
19.31
17.67
15.51
12.83
9.61
5.95
2.02
-1.96
-5.81
-9.42
-12.88
-16.45
-20.56
-25.58
-31.54
-37.95
-43.73
-47.52
-48.13
-44.99
-38.44
-29.55
-19.77
-10.37
-2.10
4.83
10.50
15.07
18.55
20.88
22.07
22.31
22.01
21.62
21.45
21.53
21.67
21.62
21.29
20.76
20.29
20.11
20.25
20.52
20.54
19.96
18.55
16.30
13.31
9.78
5.86
1.67
-2.61
-6.77
-10.59
-13.96
-17.04
-20.20
-23.98
-28.74
-34.40
-40.27
-45.21
-47.97
-47.65
-44.05
-37.71
-29.61
-20.86
-12.30
-4.42
2.53
8.40
13.02
16.23
18.01
18.56
18.25
17.50
16.65
15.89
15.30
14.92
14.80
14.97
15.42
16.04
16.64
16.98
16.89
16.20
14.87
12.94
10.55
7.96
5.45
3.23
1.29
-0.68
-3.18
-6.76
-11.74
-18.04
-25.10
-32.00
-37.64
-41.11
-41.82
-39.70
-35.10
-28.74
-21.41
-13.81
-6.54
0.04
5.64
10.12
13.43
15.63
16.89
17.46
17.63
17.60
17.48
17.31
17.11
16.96
16.97
17.26
17.83
18.57
19.23
19.54
19.30
18.40
16.83
14.65
11.94
8.80
5.36
1.78
-1.85
-5.51
-9.36
-13.69
-18.82
-24.96
-31.98
-39.40
-46.33
-51.74
-54.71
-54.73
-51.84
-46.58
-39.75
-32.13
-24.42
-17.10
-10.52
-4.95
-0.43
3.32
6.82
10.67
15.33
20.84
26.84
32.76
38.01
42.25
45.38
47.52
48.92
49.83
50.50
51.03
51.35
51.24
50.44
48.85
46.67
44.32
42.26
40.65
39.29
37.64
35.10
31.24
26.09
20.18
14.44
9.96
7.71
8.24
11.49
16.77
22.94
28.79
33.33
36.00
36.70
35.65
33.14
29.46
24.83
19.43
13.42
7.00
0.41
-6.10
-12.35
-18.21
-23.75
-29.05
-34.17
-38.99
-43.21
-46.54
-48.91
-50.61
-52.26
-54.51
-57.60
-61.25
-64.71
-67.14
-68.14
-67.89
-67.02
-66.28
-66.18
-66.81
-68.01
-69.50
-70.92
-71.81
-71.54
-69.38
-64.80
-57.79
-48.95
-39.33
-29.98
-21.59
-14.31
-7.97
-2.37
2.47
6.33
8.96
10.27
10.44
9.81
8.70
7.37
6.02
4.83
4.07
4.03
4.94
6.88
9.64
12.74
15.56
17.53
18.30
17.88
16.55
14.77
12.95
11.31
9.83
8.32
6.47
3.95
0.54
-3.84
-8.97
-14.30
-19.00
-22.15
-23.00
-21.23
-17.06
-11.13
-4.27
2.74
9.33
15.17
20.10
24.05
26.95
28.74
29.46
29.26
28.40
27.21
25.97
24.84
23.85
22.88
21.80
20.53
18.98
17.18
15.17
13.07
10.96
8.95
7.06
5.20
3.15
0.64
-2.61
-6.81
-11.95
-17.75
-23.66
-28.88
-32.53
-33.89
-32.62
-28.79
-22.96
-15.91
-8.45
-1.25
5.30
11.01
15.80
19.62
22.41
24.06
24.48
23.66
21.79
19.28
16.71
14.62
13.36
12.84
12.67
12.28
11.23
9.41
7.00
4.36
1.73
-0.84
-3.48
-6.44
-9.95
-14.19
-19.23
-24.98
-31.08
-36.88
-41.42
-43.76
-43.29
-39.98
-34.34
-27.27
-19.65
-12.12
-4.96
1.77
8.07
13.77
18.54
21.99
23.86
24.17
23.31
21.89
20.50
19.53
19.03
18.80
18.47
17.76
16.59
14.98
13.03
10.82
8.40
5.76
2.90
-0.23
-3.73
-7.81
-12.63
-18.20
-24.21
-29.96
-34.55
-37.07
-36.98
-34.27
-29.39
-23.09
-16.09
-8.92
-1.83
5.08
11.73
17.89
23.21
27.28
29.82
30.78
30.42
29.17
27.51
25.83
24.34
23.02
21.72
20.25
18.47
16.40
14.21
12.10
10.20
8.48
6.73
4.61
1.82
-1.87
-6.59
-12.28
-18.74
-25.48
-31.74
-36.50
-38.77
-37.85
-33.68
-26.86
-18.45
-9.62
-1.22
6.31
12.89
18.57
23.36
27.12
29.67
30.88
30.77
29.57
27.65
25.44
23.32
21.53
20.08
18.84
17.61
16.24
14.70
13.06
11.39
9.62
7.60
5.08
1.85
-2.12
-6.79
-12.09
-17.95
-24.28
-30.80
-36.88
-41.58
-43.90
-43.12
-39.15
-32.55
-24.30
-15.43
-6.73
1.38
8.75
15.32
20.94
25.37
28.34
29.72
29.63
28.43
26.72
25.10
23.95
23.32
22.93
22.36
21.31
19.80
18.11
16.59
15.36
14.24
12.85
10.81
7.92
4.21
-0.21
-5.27
-10.97
-17.24
-23.65
-29.42
-33.52
-35.04
-33.58
-29.35
-23.18
-16.09
-9.00
-2.49
3.27
8.34
12.82
16.73
19.92
22.13
23.17
23.03
21.91
20.20
18.41
16.92
15.93
15.37
14.98
14.51
13.79
12.83
11.68
10.40
8.94
7.23
5.25
2.99
0.50
-2.28
-5.56
-9.61
-14.69
-20.67
-26.94
-32.42
-35.86
-36.23
-33.15
-27.00
-18.73
-9.58
-0.60
7.59
14.80
21.09
26.60
31.35
35.32
38.48
40.88
42.64
43.82
44.41
44.34
43.55
42.11
40.26
38.28
36.38
34.56
32.60
30.08
26.48
21.28
14.03
4.43
-7.58
-21.80
-37.71
-54.54
-71.47
-87.75
-102.82
-116.24
-127.56
-136.18
-141.44
-142.70
-139.75
-132.99
-123.39
-112.25
-100.72
-89.48
-78.58
-67.72
-56.53
-44.91
-33.09
-21.49
-10.61
-0.94
7.06
12.92
16.24
17.02
15.79
13.65
11.90
11.56
12.80
14.91
16.60
16.64
14.43
10.24
4.98
-0.24
-4.59
-7.77
-9.82
-10.99
-11.45
-11.29
-10.57
-9.38
-7.69
-5.24
-1.49
4.28
12.60
23.52
36.44
50.29
63.89
76.30
86.97
95.75
102.63
107.69
111.05
112.95
113.82
114.13
114.19
113.94
112.99
110.69
106.55
100.59
93.38
85.97
79.49
74.75
71.96
70.73
70.36
70.14
69.75
69.31
69.29
70.12
71.91
74.16
75.86
75.82
73.13
67.61
59.96
51.48
43.55
37.15
32.44
28.88
25.50
21.30
15.56
7.88
-1.80
-13.30
-26.22
-40.02
-54.14
-68.25
-82.35
-96.72
-111.58
-126.73
-141.25
-153.63
-162.23
-165.86
-164.33
-158.36
-149.29
-138.53
-127.10
-115.64
-104.48
-93.94
-84.44
-76.35
-69.79
-64.51
-59.85
-55.03
-49.51
-43.24
-36.64
-30.43
-25.27
-21.39
-18.52
-15.94
-12.69
-7.84
-0.77
8.66
20.03
32.45
44.75
55.80
64.81
71.46
75.79
77.97
78.03
75.76
70.96
63.72
54.77
45.52
37.72
32.94
32.02
34.64
39.39
44.09
46.45
44.78
38.52
28.34
15.86
2.98
-8.75
-18.63
-26.85
-34.16
-41.34
-48.81
-56.33
-63.17
-68.31
-70.85
-70.22
-66.30
-59.39
-50.11
-39.27
-27.81
-16.66
-6.64
1.68
8.08
12.72
16.02
18.48
20.47
22.11
23.38
24.22
24.62
24.66
24.44
23.93
23.06
21.74
19.98
17.93
15.85
13.93
12.15
10.25
7.82
4.43
-0.16
-5.95
-12.70
-19.96
-27.15
-33.56
-38.47
-41.26
-41.60
-39.64
-36.04
-31.72
-27.59
-24.11
-21.16
-18.16
-14.34
-9.27
-3.07
3.56
9.61
14.17
16.73
17.43
16.81
15.71
14.87
14.70
15.12
15.53
14.99
12.64
8.15
2.02
-4.46
-9.65
-12.26
-11.94
-9.52
-6.75
-5.62
-7.70
-13.64
-23.09
-34.93
-47.57
-59.18
-67.84
-71.82
-69.94
-61.94
-48.69
-31.99
-13.92
3.81
20.35
35.68
50.00
62.98
73.26
78.92
78.46
71.96
61.53
50.51
41.86
36.75
34.03
31.29
26.48
19.33
11.53
5.58
3.11
3.71
5.09
4.33
-0.67
-10.24
-23.10
-37.17
-50.58
-62.10
-71.14
-77.44
-80.84
-81.22
-78.69
-73.81
-67.42
-60.55
-54.02
-48.25
-43.25
-38.79
-34.64
-30.71
-27.10
-23.89
-21.12
-18.63
-16.14
-13.25
-9.49
-4.43
2.17
10.22
19.16
28.03
35.71
41.29
44.39
45.16
44.12
41.86
38.80
35.23
31.33
27.25
23.02
18.48
13.33
7.35
0.75
-5.63
-10.53
-12.70
-11.46
-6.99
-0.26
7.40
14.80
21.17
26.24
30.03
32.69
34.34
35.09
35.08
34.51
33.63
32.64
31.69
30.80
29.92
28.93
27.74
26.30
24.59
22.62
20.41
17.96
15.32
12.52
9.56
6.36
2.77
-1.45
-6.44
-12.25
-18.61
-25.00
-30.64
-34.69
-36.46
-35.62
-32.27
-26.96
-20.44
-13.47
-6.55
0.07
6.32
12.09
17.10
20.96
23.31
24.04
23.43
22.01
20.44
19.16
18.42
18.13
18.09
18.05
17.78
17.12
15.97
14.34
12.30
9.99
7.56
5.05
2.35
-0.75
-4.52
-9.16
-14.74
-21.08
-27.67
-33.69
-38.10
-39.86
-38.31
-33.37
-25.69
-16.38
-6.71
2.31
10.09
16.45
21.37
24.85
26.87
27.48
26.91
25.60
24.05
22.63
21.47
20.41
19.20
17.60
15.54
13.10
10.44
7.71
5.01
2.38
-0.19
-2.66
-5.12
-7.68
-10.59
-14.07
-18.30
-23.29
-28.82
-34.50
-39.70
-43.67
-45.65
-45.03
-41.54
-35.37
-27.12
-17.63
-7.84
1.48
9.78
16.79
22.37
26.52
29.28
30.69
30.80
29.77
27.78
25.14
22.20
19.33
16.81
14.75
13.13
11.83
10.61
9.29
7.70
5.75
3.46
0.97
-1.52
-3.79
-5.81
-7.74
-9.88
-12.58
-16.09
-20.46
-25.53
-31.00
-36.35
-40.89
-43.82
-44.41
-42.17
-37.16
-29.95
-21.47
-12.64
-4.09
3.90
11.39
18.44
24.90
30.47
34.72
37.41
38.56
38.57
38.00
37.35
36.92
36.64
36.27
35.49
34.22
32.65
31.17
30.10
29.46
28.85
27.64
25.29
21.67
17.09
12.16
7.43
3.13
-0.87
-4.96
-9.49
-14.64
-20.38
-26.53
-32.74
-38.45
-42.87
-45.07
-44.29
-40.27
-33.44
-24.83
-15.68
-7.00
0.71
7.39
13.16
18.04
21.90
24.49
25.73
25.87
25.40
24.75
24.21
23.74
23.13
22.24
21.08
19.84
18.73
17.85
17.09
16.23
15.00
13.25
10.95
8.14
4.94
1.46
-2.16
-5.79
-9.34
-12.83
-16.39
-20.25
-24.60
-29.40
-34.29
-38.51
-41.15
-41.37
-38.81
-33.63
-26.50
-18.33
-9.96
-1.99
5.25
11.56
16.79
20.77
23.40
24.66
24.75
23.90
22.37
20.42
18.25
16.08
14.15
12.61
11.47
10.60
9.79
8.81
7.51
5.76
3.56
0.98
-1.82
-4.59
-7.09
-9.25
-11.19
-13.26
-15.92
-19.48
-24.03
-29.31
-34.82
-39.89
-43.80
-45.90
-45.71
-43.08
-38.22
-31.62
-23.96
-15.81
-7.59
0.36
7.74
14.25
19.57
23.53
26.19
27.76
28.48
28.55
28.05
27.05
25.71
24.26
22.94
21.80
20.73
19.49
17.91
16.04
14.02
12.03
10.05
7.89
5.30
2.12
-1.56
-5.54
-9.62
-13.74
-18.01
-22.67
-27.95
-33.88
-40.27
-46.61
-52.11
-55.85
-56.98
-55.04
-50.08
-42.73
-33.96
-24.77
-15.88
-7.67
-0.24
6.37
12.11
16.88
20.52
22.95
24.18
24.37
23.76
22.73
21.66
20.82
20.29
19.93
19.49
18.76
17.68
16.37
14.97
13.55
11.95
9.91
7.19
3.74
-0.25
-4.48
-8.66
-12.66
-16.61
-20.78
-25.50
-30.91
-36.89
-42.94
-48.20
-51.65
-52.37
-49.85
-44.15
-35.89
-26.10
-15.92
-6.29
2.14
9.07
14.46
18.40
21.04
22.57
23.23
23.29
23.02
22.63
22.23
21.82
21.35
20.82
20.29
19.91
19.75
19.83
20.01
20.01
19.52
18.30
16.24
13.41
10.03
6.36
2.64
-0.97
-4.48
-7.90
-11.36
-14.96
-18.82
-22.97
-27.31
-31.48
-34.88
-36.81
-36.66
-34.16
-29.53
-23.32
-16.23
-8.85
-1.57
5.33
11.50
16.50
19.89
21.42
21.24
19.90
18.09
16.44
15.33
14.86
14.95
15.50
16.47
17.76
19.22
20.51
21.22
20.99
19.73
17.68
15.35
13.29
11.80
10.77
9.69
7.91
4.95
0.75
-4.25
-9.31
-13.50
-16.00
-16.18
-13.75
-8.75
-1.66
6.62
14.91
21.98
26.99
29.76
30.83
31.20
31.83
33.34
35.81
38.96
42.34
45.70
48.88
51.82
54.33
56.10
56.83
56.36
54.78
52.29
49.13
45.36
40.85
35.39
28.79
21.05
12.29
2.76
-7.39
-18.15
-29.68
-42.13
-55.51
-69.42
-83.09
-95.46
-105.42
-112.14
-115.23
-114.71
-110.89
-104.23
-95.27
-84.63
-73.13
-61.78
-51.73
-44.08
-39.65
-38.71
-40.78
-44.67
-48.66
-51.00
-50.39
-46.43
-39.72
-31.55
-23.46
-16.61
-11.48
-7.92
-5.44
-3.61
-2.37
-2.02
-2.95
-5.43
-9.45
-14.74
-20.90
-27.47
-33.96
-39.69
-43.70
-44.91
-42.49
-36.23
-26.87
-15.96
-5.31
3.68
10.48
15.50
19.66
23.73
27.96
31.94
35.00
36.63
36.87
36.25
35.52
35.28
35.66
36.44
37.22
37.66
37.61
37.09
36.14
34.67
32.50
29.40
25.26
20.20
14.57
8.84
3.36
-1.81
-6.87
-12.29
-18.38
-25.04
-31.66
-37.14
-40.29
-40.28
-36.89
-30.65
-22.53
-13.58
-4.63
3.89
11.87
19.29
26.08
31.98
36.75
40.16
42.26
43.30
43.75
43.97
44.16
44.18
43.70
42.39
40.16
37.26
34.13
31.18
28.56
26.07
23.30
19.96
16.03
11.82
7.67
3.72
-0.38
-5.31
-11.70
-19.62
-28.37
-36.63
-42.91
-46.15
-46.01
-42.88
-37.52
-30.70
-22.96
-14.62
-5.98
2.58
10.54
17.45
23.01
27.17
30.06
31.81
32.52
32.19
30.92
28.95
26.68
24.59
23.03
22.07
21.54
21.08
20.35
19.15
17.42
15.17
12.44
9.24
5.58
1.53
-2.83
-7.41
-12.32
-17.76
-23.92
-30.72
-37.59
-43.46
-47.05
-47.34
-43.90
-37.17
-28.15
-18.09
-8.08
1.15
9.26
16.09
21.57
25.68
28.53
30.37
31.61
32.55
33.27
33.56
33.03
31.36
28.56
24.99
21.23
17.84
15.08
12.86
10.85
8.57
5.62
1.70
-3.36
-9.64
-17.14
-25.58
-34.41
-42.75
-49.68
-54.58
-57.43
-58.78
-59.46
-59.96
-60.04
-58.63
-54.32
-46.03
-33.62
-18.03
-0.96
15.74
30.70
43.29
53.46
61.54
67.87
72.76
76.39
78.89
80.32
80.68
79.89
77.81
74.33
69.43
63.15
55.56
46.80
37.11
26.92
16.75
7.15
-1.57
-9.43
-16.75
-23.92
-31.13
-38.21
-44.81
-50.69
-55.99
-61.20
-66.87
-73.14
-79.39
-84.32
-86.42
-84.53
-78.30
-68.28
-55.67
-41.85
-28.01
-14.97
-3.20
7.05
15.65
22.56
28.00
32.30
35.98
39.53
43.30
47.42
51.67
55.51
58.12
58.55
56.11
50.68
42.97
34.32
26.28
20.02
15.84
13.20
11.06
8.47
4.98
0.71
-3.95
-8.82
-14.07
-20.17
-27.44
-35.58
-43.46
-49.39
-51.72
-49.59
-43.31
-34.27
-24.34
-15.08
-7.22
-0.60
5.47
11.64
18.02
24.12
29.09
32.20
33.13
32.12
29.83
27.01
24.26
21.92
20.02
18.37
16.71
14.73
12.25
9.16
5.55
1.64
-2.21
-5.68
-8.57
-10.91
-12.96
-15.09
-17.75
-21.34
-26.11
-32.03
-38.63
-44.90
-49.51
-51.09
-48.70
-42.25
-32.56
-21.07
-9.40
1.18
9.94
16.69
21.56
24.75
26.38
26.49
25.24
22.87
19.89
16.83
14.17
12.14
10.63
9.30
7.74
5.61
2.89
-0.25
-3.47
-6.49
-9.18
-11.63
-14.08
-16.68
-19.50
-22.51
-25.66
-29.03
-32.82
-37.12
-41.76
-46.10
-49.04
-49.41
-46.36
-39.66
-29.81
-17.84
-4.90
7.95
19.94
30.48
39.07
45.37
49.17
50.58
50.02
48.09
45.47
42.63
39.86
37.21
34.58
31.86
28.91
25.74
22.47
19.35
16.62
14.48
12.97
11.93
11.08
10.01
8.30
5.57
1.55
-3.80
-10.39
-17.86
-25.65
-33.07
-39.25
-43.45
-45.13
-44.18
-40.93
-36.01
-30.02
-23.27
-15.67
-7.07
2.48
12.41
21.63
28.93
33.56
35.54
35.72
35.28
35.18
35.76
36.73
37.50
37.65
37.22
36.65
36.49
37.10
38.42
40.13
41.76
42.80
42.73
40.92
36.71
29.59
19.56
7.26
-6.05
-18.98
-30.30
-39.33
-45.81
-49.64
-50.57
-48.22
-42.38
-33.34
-22.12
-10.30
0.54
9.37
15.99
20.96
25.07
28.91
32.49
35.37
37.09
37.45
36.78
35.71
34.84
34.42
34.29
34.07
33.40
32.16
30.44
28.41
26.16
23.67
20.86
17.66
14.09
10.16
5.76
0.68
-5.33
-12.31
-19.94
-27.47
-33.87
-38.17
-39.75
-38.61
-35.29
-30.64
-25.55
-20.69
-16.46
-13.06
-10.54
-8.86
-7.92
-7.64
-8.04
-9.35
-11.82
-15.51
-20.02
-24.46
-27.78
-29.27
-29.08
-28.11
-27.60
-28.44
-30.69
-33.56
-35.97
-37.16
-37.12
-36.47
-36.01
-36.30
-37.40
-39.04
-40.86
-42.59
-44.00
-44.68
-43.97
-41.02
-35.21
-26.36
-14.91
-1.81
11.89
25.20
37.40
48.04
56.85
63.81
69.09
73.04
76.08
78.50
80.37
81.53
81.67
80.43
77.61
73.19
67.32
60.27
52.33
43.67
34.22
23.63
11.30
-3.39
-20.65
-40.01
-60.18
-79.41
-96.09
-109.31
-119.11
-126.17
-131.04
-133.61
-132.95
-127.84
-117.65
-103.00
-85.70
-68.14
-52.33
-39.22
-28.76
-20.29
-13.07
-6.73
-1.27
3.19
6.64
9.24
11.29
13.13
15.03
17.10
19.30
21.34
22.83
23.38
22.81
21.22
18.97
16.49
14.03
11.60
8.95
5.85
2.17
-2.08
-6.86
-12.18
-18.17
-24.76
-31.49
-37.40
-41.20
-41.77
-38.62
-32.18
-23.61
-14.41
-5.80
1.58
7.65
12.68
16.94
20.59
23.61
25.93
27.49
28.31
28.44
27.97
27.11
26.14
25.35
24.97
25.03
25.35
25.57
25.38
24.55
23.14
21.28
19.20
16.98
14.53
11.65
8.11
3.73
-1.52
-7.56
-14.16
-20.89
-27.12
-32.03
-34.80
-34.75
-31.64
-25.74
-17.79
-8.80
0.26
8.63
15.84
21.76
26.36
29.73
31.91
32.94
32.93
32.08
30.69
29.17
27.83
26.86
26.22
25.70
25.11
24.33
23.44
22.60
21.88
21.20
20.29
18.85
16.69
13.84
10.42
6.54
2.16
-2.89
-8.70
-14.98
-20.97
-25.58
-27.76
-26.89
-23.05
-16.88
-9.37
-1.45
6.23
13.29
19.50
24.69
28.66
31.24
32.42
32.36
31.43
30.07
28.66
27.41
26.31
25.23
24.00
22.49
20.66
18.55
16.18
13.56
10.63
7.40
3.88
0.12
-3.89
-8.23
-13.08
-18.65
-25.03
-32.10
-39.43
-46.28
-51.74
-54.95
-55.34
-52.75
-47.45
-40.04
-31.30
-21.95
-12.61
-3.76
4.22
11.08
16.65
20.86
23.85
25.82
27.00
27.63
27.80
27.59
27.08
26.43
25.88
25.66
25.91
26.57
27.34
27.88
27.84
27.05
25.45
23.04
19.83
15.81
10.96
5.34
-0.98
-7.92
-15.44
-23.50
-31.86
-40.02
-47.19
-52.44
-54.96
-54.36
-50.77
-44.76
-37.19
-28.86
-20.47
-12.46
-5.10
1.46
7.14
11.95
16.01
19.50
22.64
25.49
27.98
29.95
31.24
31.88
31.98
31.75
31.26
30.53
29.50
28.18
26.66
25.07
23.36
21.31
18.60
15.08
10.91
6.57
2.59
-0.78
-3.76
-6.95
-11.07
-16.51
-23.13
-30.19
-36.63
-41.37
-43.67
-43.28
-40.48
-35.83
-29.95
-23.37
-16.39
-9.23
-2.12
4.54
10.31
14.74
17.60
18.96
19.11
18.51
17.60
16.70
15.95
15.37
14.91
14.51
14.17
13.90
13.69
13.46
13.06
12.30
11.01
9.10
6.60
3.63
0.37
-3.00
-6.36
-9.64
-12.84
-16.01
-19.26
-22.70
-26.41
-30.34
-34.27
-37.70
-40.01
-40.58
-39.03
-35.36
-29.96
-23.52
-16.86
-10.70
-5.59
-1.81
0.62
1.89
2.31
2.29
2.19
2.23
2.47
2.81
3.16
3.44
3.71
4.08
4.70
5.61
6.79
8.07
9.25
10.14
10.59
10.53
9.95
8.85
7.25
5.19
2.67
-0.25
-3.52
-7.17
-11.20
-15.51
-19.80
-23.48
-25.75
-25.86
-23.38
-18.37
-11.50
-3.73
3.91
10.69
16.22
20.42
23.38
25.22
26.06
26.02
25.28
24.04
22.50
20.83
19.14
17.51
16.02
14.72
13.64
12.77
11.98
11.14
10.08
8.73
7.08
5.21
3.15
0.88
-1.72
-4.73
-8.20
-12.01
-16.03
-20.14
-24.36
-28.69
-32.98
-36.80
-39.46
-40.16
-38.33
-33.88
-27.29
-19.43
-11.33
-3.90
2.30
7.06
10.52
13.02
14.96
16.66
18.23
19.56
20.43
20.63
20.07
18.93
17.57
16.41
15.88
16.22
17.37
18.94
20.26
20.52
19.07
15.71
10.79
5.12
-0.35
-4.86
-8.07
-10.17
-11.63
-13.11
-15.05
-17.61
-20.45
-22.82
-23.70
-22.10
-17.39
-9.53
0.84
12.69
24.89
36.51
47.00
56.15
64.00
70.63
76.13
80.57
83.94
86.18
87.21
86.90
85.11
81.77
76.84
70.38
62.50
53.38
43.27
32.50
21.51
10.80
0.80
-8.23
-16.20
-23.28
-29.76
-35.93
-42.07
-48.37
-55.05
-62.29
-70.16
-78.45
-86.44
-93.01
-96.88
-97.11
-93.45
-86.53
-77.60
-68.15
-59.35
-51.81
-45.60
-40.40
-35.88
-31.86
-28.39
-25.69
-23.97
-23.39
-23.88
-25.08
-26.39
-27.06
-26.32
-23.72
-19.36
-13.95
-8.71
-5.02
-3.95
-5.92
-10.54
-16.76
-23.36
-29.35
-34.30
-38.43
-42.34
-46.60
-51.36
-56.23
-60.22
-62.16
-61.05
-56.51
-48.86
-39.02
-28.22
-17.69
-8.39
-0.89
4.65
8.44
10.94
12.71
14.28
16.02
18.03
20.21
22.35
24.21
25.68
26.72
27.39
27.87
28.36
29.12
30.28
31.72
33.04
33.65
32.98
30.70
26.83
21.66
15.55
8.86
1.93
-4.73
-10.41
-14.28
-15.70
-14.53
-11.33
-7.14
-3.07
0.13
2.32
3.90
5.49
7.43
9.71
11.86
13.30
13.64
12.84
11.30
9.59
8.25
7.53
7.24
6.93
6.10
4.51
2.32
0.04
-1.78
-2.81
-3.14
-3.25
-3.78
-5.30
-8.17
-12.49
-18.12
-24.71
-31.72
-38.30
-43.45
-46.22
-45.96
-42.58
-36.57
-28.80
-20.20
-11.43
-2.86
5.36
13.01
19.70
24.90
28.20
29.48
29.10
27.71
26.00
24.44
23.17
22.04
20.76
19.21
17.40
15.51
13.75
12.20
10.78
9.24
7.28
4.67
1.37
-2.59
-7.15
-12.30
-18.05
-24.21
-30.26
-35.36
-38.57
-39.22
-37.19
-32.95
-27.35
-21.25
-15.28
-9.68
-4.57
-0.10
3.43
5.64
6.25
5.20
2.65
-1.09
-5.66
-10.67
-15.73
-20.46
-24.65
-28.33
-31.82
-35.57
-39.93
-45.01
-50.69
-56.82
-63.40
-70.65
-78.76
-87.68
-96.92
-105.76
-113.52
-119.84
-124.75
-128.30
-130.22
-129.74
-125.84
-117.67
-105.04
-88.67
-69.92
-50.32
-31.04
-12.62
4.89
21.64
37.58
52.31
65.33
76.39
85.72
94.02
102.16
110.64
119.32
127.46
134.09
138.45
140.35
140.11
138.29
135.38
131.60
126.87
121.05
114.06
105.95
96.92
87.19
77.14
67.29
58.32
51.02
46.10
43.88
44.23
46.51
49.88
53.54
57.05
60.23
63.08
65.47
67.05
67.30
65.81
62.53
57.86
52.56
47.44
43.08
39.62
36.85
34.34
31.70
28.78
25.61
22.36
19.14
15.97
12.71
9.20
5.32
0.95
-4.03
-9.74
-16.22
-23.24
-30.15
-36.00
-39.78
-40.75
-38.79
-34.31
-28.13
-21.05
-13.67
-6.34
0.66
7.04
12.42
16.45
18.97
20.07
20.11
19.55
18.77
17.97
17.27
16.71
16.33
16.19
16.23
16.26
15.92
14.82
12.71
9.65
6.02
2.32
-1.02
-3.88
-6.43
-9.11
-12.40
-16.66
-22.01
-28.21
-34.68
-40.56
-44.87
-46.80
-45.95
-42.48
-37.01
-30.40
-23.46
-16.75
-10.54
-4.88
0.23
4.81
8.82
12.20
14.88
16.80
17.96
18.45
18.45
18.21
17.90
17.66
17.47
17.30
17.10
16.92
16.79
16.74
16.68
16.43
15.81
14.59
12.69
10.10
6.89
3.24
-0.55
-4.12
-7.20
-9.78
-12.22
-15.15
-19.21
-24.63
-30.97
-37.16
-41.77
-43.54
-41.77
-36.58
-28.83
-19.76
-10.70
-2.73
3.48
7.68
9.97
10.73
10.41
9.51
8.44
7.54
7.09
7.27
8.14
9.62
11.47
13.32
14.80
15.70
15.99
15.84
15.49
15.09
14.58
13.67
12.01
9.30
5.48
0.69
-4.74
-10.44
-16.03
-21.14
-25.46
-28.74
-30.86
-31.88
-32.08
-31.85
-31.55
-31.40
-31.38
-31.31
-30.94
-30.02
-28.40
-26.01
-22.84
-18.92
-14.32
-9.19
-3.72
1.81
7.10
11.80
15.61
18.33
20.02
21.01
21.85
23.11
25.17
28.01
31.34
34.78
38.10
41.27
44.40
47.43
49.94
51.23
50.45
47.03
40.82
32.28
22.24
11.68
1.40
-8.23
-17.24
-25.86
-34.15
-41.70
-47.65
-51.00
-50.94
-47.30
-40.69
-32.24
-23.28
-14.89
-7.77
-2.14
2.07
5.12
7.34
9.02
10.40
11.54
12.38
12.80
12.64
11.81
10.36
8.43
6.28
4.21
2.46
1.10
-0.02
-1.32
-3.31
-6.38
-10.62
-15.72
-21.10
-26.12
-30.38
-33.79
-36.65
-39.39
-42.34
-45.55
-48.82
-51.73
-53.88
-54.85
-54.30
-52.01
-47.85
-41.97
-34.79
-26.95
-19.21
-12.18
-6.24
-1.45
2.31
5.22
7.34
8.60
8.90
8.22
6.71
4.66
2.41
0.18
-1.94
-3.90
-5.60
-6.75
-7.00
-6.15
-4.35
-2.17
-0.41
0.24
-0.51
-2.49
-5.21
-8.13
-10.88
-13.34
-15.57
-17.71
-19.94
-22.44
-25.36
-28.71
-32.20
-35.23
-37.04
-36.92
-34.53
-30.03
-23.98
-17.11
-10.09
-3.35
2.84
8.30
12.82
16.13
17.99
18.32
17.29
15.37
13.34
12.11
12.49
14.98
19.58
25.76
32.60
39.09
44.40
47.98
49.58
49.15
46.77
42.63
37.02
30.41
23.32
16.24
9.54
3.36
-2.31
-7.64
-12.85
-18.23
-23.96
-30.05
-36.13
-41.46
-45.03
-45.89
-43.51
-37.99
-30.05
-20.74
-11.14
-2.02
6.14
13.11
18.67
22.60
24.71
24.93
23.50
20.86
17.57
14.11
10.80
7.78
5.17
3.13
1.85
1.48
2.07
3.43
5.20
6.88
7.99
8.18
7.30
5.40
2.66
-0.66
-4.33
-8.19
-12.18
-16.37
-20.87
-25.83
-31.27
-36.97
-42.36
-46.53
-48.50
-47.50
-43.32
-36.40
-27.68
-18.23
-8.95
-0.48
6.80
12.59
16.61
18.72
19.04
18.03
16.36
14.68
13.34
12.35
11.49
10.53
9.41
8.21
7.14
6.32
5.78
5.38
4.95
4.33
3.42
2.10
0.25
-2.30
-5.72
-10.06
-15.17
-20.79
-26.60
-32.37
-37.94
-43.13
-47.59
-50.68
-51.64
-49.86
-45.13
-37.86
-28.92
-19.31
-9.91
-1.29
6.32
12.80
18.03
21.84
24.06
24.67
23.88
22.10
19.84
17.56
15.51
13.74
12.15
10.60
9.07
7.62
6.36
5.39
4.66
4.00
3.15
1.88
0.03
-2.42
-5.40
-8.80
-12.45
-16.30
-20.34
-24.73
-29.68
-35.40
-41.80
-48.36
-54.19
-58.16
-59.24
-56.89
-51.15
-42.71
-32.59
-21.85
-11.40
-1.90
6.20
12.58
17.08
19.78
21.02
21.38
21.45
21.65
22.13
22.72
23.17
23.25
22.91
22.30
21.56
20.78
19.98
19.05
17.95
16.61
15.02
13.15
10.90
8.13
4.75
0.77
-3.61
-8.16
-12.72
-17.36
-22.39
-28.20
-34.81
-41.67
-47.65
-51.38
-51.75
-48.38
-41.73
-32.82
-22.83
-12.73
-3.14
5.57
13.11
19.25
23.83
26.84
28.55
29.37
29.74
30.02
30.26
30.34
30.00
29.03
27.43
25.46
23.53
22.08
21.33
21.20
21.31
21.10
20.04
17.77
14.20
9.51
4.12
-1.46
-6.81
-11.72
-16.29
-20.90
-26.00
-31.85
-38.27
-44.56
-49.62
-52.29
-51.71
-47.64
-40.52
-31.33
-21.22
-11.22
-2.07
5.79
12.07
16.58
19.15
19.85
19.09
17.57
16.08
15.14
14.90
15.08
15.27
15.21
14.93
14.72
14.91
15.65
16.77
17.85
18.34
17.81
16.07
13.19
9.46
5.22
0.76
-3.85
-8.74
-14.18
-20.37
-27.21
-34.13
-40.16
-44.10
-44.90
-42.00
-35.49
-26.11
-14.94
-3.14
8.37
19.01
28.48
36.59
43.12
47.82
50.47
51.06
49.83
47.36
44.33
41.39
38.97
37.20
35.98
35.12
34.43
33.80
33.12
32.25
31.01
29.16
26.54
23.11
19.05
14.62
10.12
5.72
1.38
-3.07
-7.99
-13.70
-20.40
-28.03
-36.13
-43.85
-50.05
-53.57
-53.48
-49.48
-41.95
-31.90
-20.63
-9.35
1.11
10.41
18.52
25.54
31.45
36.17
39.57
41.64
42.53
42.49
41.89
41.01
40.09
39.29
38.69
38.30
38.10
38.00
37.90
37.70
37.30
36.58
35.45
33.80
31.60
28.89
25.74
22.34
18.77
15.05
11.04
6.46
1.12
-5.06
-11.84
-18.73
-25.01
-29.95
-32.81
-33.01
-30.16
-24.17
-15.32
-4.32
7.80
19.89
30.92
40.10
46.86
50.76
51.52
49.02
43.56
35.89
27.12
18.45
10.82
4.66
-0.15
-3.99
-7.27
-10.11
-12.35
-13.72
-14.04
-13.46
-12.53
-11.93
-12.22
-13.61
-15.83
-18.32
-20.55
-22.28
-23.68
-25.26
-27.52
-30.82
-35.08
-39.86
-44.35
-47.62
-48.81
-47.39
-43.26
-36.78
-28.68
-19.78
-10.85
-2.39
5.29
12.00
17.61
21.98
25.03
26.82
27.57
27.51
26.83
25.65
24.03
22.10
20.10
18.37
17.18
16.62
16.50
16.43
15.96
14.78
12.78
10.04
6.76
3.17
-0.51
-4.11
-7.56
-10.86
-14.25
-17.99
-22.28
-27.04
-31.79
-35.70
-37.76
-37.14
-33.46
-26.91
-18.25
-8.53
1.12
9.82
17.06
22.65
26.65
29.30
30.79
31.34
31.08
30.16
28.76
27.10
25.36
23.72
22.22
20.85
19.56
18.39
17.42
16.72
16.26
15.80
14.97
13.34
10.64
6.86
2.27
-2.70
-7.74
-12.80
-18.18
-24.32
-31.49
-39.47
-47.41
-53.98
-57.83
-58.03
-54.45
-47.72
-39.00
-29.52
-20.18
-11.48
-3.59
3.52
9.89
15.58
20.69
25.38
29.80
33.98
37.67
40.50
42.06
42.15
40.94
38.94
36.84
35.26
34.48
34.35
34.40
33.99
32.54
29.75
25.64
20.55
15.00
9.48
4.34
-0.40
-5.00
-9.96
-15.75
-22.51
-29.91
-37.06
-42.75
-45.83
-45.57
-41.94
-35.54
-27.41
-18.64
-10.05
-2.11
5.08
11.51
17.17
21.95
25.64
28.12
29.35
29.53
28.94
27.91
26.75
25.64
24.67
23.87
23.22
22.71
22.32
21.97
21.51
20.69
19.24
16.96
13.80
9.94
5.72
1.48
-2.51
-6.20
-9.77
-13.54
-17.77
-22.66
-28.15
-33.98
-39.62
-44.29
-47.11
-47.29
-44.47
-38.75
-30.84
-21.73
-12.45
-3.84
3.60
9.66
14.35
17.78
20.09
21.36
21.73
21.31
20.31
19.00
17.71
16.68
16.01
15.61
15.23
14.69
13.91
12.97
11.96
10.84
9.46
7.64
5.32
2.60
-0.34
-3.34
-6.40
-9.66
-13.31
-17.48
-22.22
-27.42
-32.80
-37.80
-41.69
-43.62
-42.95
-39.40
-33.27
-25.30
-16.50
-7.83
0.04
6.67
11.88
15.67
18.13
19.45
19.88
19.77
19.38
18.87
18.28
17.55
16.59
15.39
14.07
12.85
11.94
11.45
11.29
11.14
10.61
9.40
7.37
4.58
1.25
-2.37
-6.02
-9.50
-12.70
-15.70
-18.72
-22.14
-26.31
-31.35
-37.01
-42.54
-46.88
-48.92
-47.82
-43.29
-35.76
-26.24
-16.04
-6.34
2.03
8.78
14.01
18.00
20.97
22.97
24.03
24.19
23.69
22.88
22.08
21.45
20.93
20.36
19.61
18.70
17.73
16.88
16.22
15.77
15.41
14.96
14.21
12.94
10.98
8.28
4.92
1.06
-2.97
-6.88
-10.48
-13.75
-16.89
-20.21
-24.00
-28.37
-33.23
-38.23
-42.86
-46.51
-48.56
-48.48
-45.96
-40.97
-33.84
-25.25
-16.08
-7.21
0.73
7.42
12.84
17.13
20.44
22.83
24.30
24.83
24.47
23.42
22.05
20.77
19.99
19.93
20.51
21.42
22.20
22.51
22.22
21.39
20.24
18.90
17.42
15.78
13.94
11.94
9.77
7.39
4.62
1.28
-2.75
-7.30
-12.00
-16.36
-20.04
-22.96
-25.34
-27.65
-30.35
-33.78
-37.95
-42.38
-46.22
-48.43
-48.13
-44.92
-38.99
-31.13
-22.35
-13.63
-5.65
1.25
7.00
11.62
15.15
17.63
19.10
19.61
19.33
18.46
17.35
16.35
15.75
15.61
15.75
15.85
15.64
15.11
14.52
14.21
14.35
14.72
14.81
14.01
12.03
8.98
5.39
1.90
-1.01
-3.25
-5.08
-6.96
-9.28
-12.28
-15.95
-20.17
-24.74
-29.36
-33.58
-36.74
-38.12
-37.08
-33.38
-27.26
-19.46
-10.99
-2.83
4.39
10.36
15.11
18.77
21.43
23.07
23.66
23.19
21.77
19.61
17.04
14.39
11.97
9.97
8.51
7.60
7.26
7.43
8.02
8.82
9.52
9.70
8.94
7.03
4.00
0.14
-4.09
-8.26
-12.05
-15.42
-18.50
-21.69
-25.36
-29.77
-34.82
-39.94
-44.17
-46.42
-45.91
-42.39
-36.36
-28.75
-20.59
-12.59
-5.06
1.98
8.47
14.20
18.72
21.66
22.90
22.72
21.68
20.37
19.16
18.13
17.08
15.88
14.50
13.19
12.30
12.08
12.53
13.31
13.87
13.72
12.58
10.47
7.67
4.50
1.23
-2.07
-5.38
-8.73
-12.13
-15.60
-19.27
-23.32
-27.96
-33.15
-38.50
-43.23
-46.44
-47.28
-45.37
-40.81
-34.16
-26.24
-17.83
-9.53
-1.73
5.27
11.25
15.97
19.29
21.20
21.90
21.81
21.34
20.86
20.56
20.47
20.51
20.56
20.51
20.27
19.81
19.18
18.47
17.79
17.07
16.12
14.61
12.29
9.11
5.31
1.29
-2.62
-6.34
-10.02
-13.89
-18.15
-22.81
-27.79
-32.95
-38.11
-42.97
-46.96
-49.28
-49.07
-45.77
-39.49
-30.97
-21.43
-12.06
-3.62
3.68
9.97
15.39
19.83
22.99
24.58
24.63
23.59
22.18
21.08
20.58
20.54
20.54
20.16
19.29
18.16
17.19
16.67
16.65
16.82
16.73
15.96
14.33
11.90
8.89
5.49
1.90
-1.80
-5.50
-9.12
-12.65
-16.22
-20.12
-24.70
-30.17
-36.36
-42.56
-47.78
-50.89
-51.13
-48.23
-42.54
-34.77
-25.82
-16.50
-7.46
0.80
7.90
13.59
17.72
20.40
21.89
22.53
22.61
22.24
21.40
20.11
18.53
17.01
15.98
15.73
16.28
17.35
18.51
19.39
19.74
19.43
18.37
16.49
13.79
10.38
6.56
2.71
-0.90
-4.23
-7.56
-11.37
-16.07
-21.76
-27.98
-33.76
-37.87
-39.28
-37.41
-32.43
-25.11
-16.50
-7.64
0.74
8.16
14.41
19.34
22.91
25.18
26.38
26.81
26.76
26.37
25.63
24.51
23.06
21.47
20.00
18.85
18.05
17.47
16.87
16.06
14.90
13.33
11.32
8.77
5.64
1.95
-2.17
-6.44
-10.59
-14.55
-18.46
-22.72
-27.70
-33.45
-39.56
-45.13
-49.00
-50.20
-48.17
-42.97
-35.22
-25.85
-15.83
-6.03
2.91
10.60
16.79
21.39
24.48
26.22
26.92
26.89
26.42
25.72
24.93
24.18
23.53
23.10
22.91
22.95
23.07
23.11
22.85
22.11
20.73
18.60
15.66
11.92
7.57
2.93
-1.56
-5.55
-8.97
-12.16
-15.76
-20.48
-26.66
-34.06
-41.72
-48.29
-52.42
-53.21
-50.43
-44.51
-36.26
-26.63
-16.50
-6.56
2.57
10.46
16.86
21.71
25.20
27.57
29.06
29.80
29.85
29.34
28.52
27.72
27.19
26.96
26.87
26.60
25.94
24.88
23.65
22.46
21.36
20.09
18.19
15.27
11.24
6.39
1.24
-3.68
-8.08
-11.99
-15.67
-19.55
-24.02
-29.34
-35.48
-41.96
-47.88
-52.03
-53.30
-50.98
-45.19
-36.67
-26.66
-16.32
-6.52
2.28
9.93
16.37
21.53
25.34
27.84
29.16
29.60
29.47
29.01
28.38
27.58
26.61
25.46
24.16
22.83
21.64
20.74
20.14
19.68
19.03
17.81
15.77
12.87
9.31
5.40
1.40
-2.59
-6.59
-10.75
-15.20
-20.02
-25.25
-30.76
-36.24
-41.03
-44.19
-44.72
-41.91
-35.71
-26.83
-16.60
-6.50
2.35
9.49
15.04
19.44
23.08
25.99
27.93
28.62
28.00
26.37
24.31
22.44
21.14
20.44
20.11
19.86
19.51
19.06
18.54
17.92
17.01
15.53
13.29
10.27
6.65
2.71
-1.36
-5.55
-10.04
-15.08
-20.86
-27.31
-34.00
-40.10
-44.49
-46.12
-44.30
-38.99
-30.88
-21.10
-10.89
-1.28
7.13
14.12
19.67
23.83
26.63
28.13
28.51
28.05
27.18
26.26
25.50
24.91
24.28
23.40
22.14
20.58
18.98
17.61
16.55
15.58
14.25
12.12
9.03
5.18
1.07
-2.82
-6.25
-9.40
-12.75
-16.93
-22.41
-29.26
-37.06
-44.92
-51.59
-55.83
-56.69
-53.84
-47.55
-38.69
-28.31
-17.47
-6.96
2.74
11.26
18.36
23.84
27.58
29.65
30.36
30.17
29.61
29.11
28.90
28.96
29.07
28.93
28.30
27.18
25.76
24.39
23.35
22.68
22.11
21.18
19.43
16.58
12.67
8.00
3.02
-1.89
-6.54
-10.93
-15.28
-19.93
-25.22
-31.39
-38.35
-45.62
-52.18
-56.78
-58.18
-55.72
-49.46
-40.26
-29.40
-18.18
-7.54
2.01
10.30
17.34
23.08
27.46
30.41
32.01
32.49
32.19
31.51
30.76
30.15
29.73
29.43
29.14
28.69
28.01
27.13
26.17
25.24
24.33
23.21
21.54
18.93
15.23
10.59
5.48
0.47
-4.03
-7.95
-11.54
-15.19
-19.31
-24.10
-29.65
-35.82
-42.32
-48.53
-53.54
-56.26
-55.81
-51.82
-44.63
-35.24
-24.92
-14.82
-5.68
2.23
8.95
14.54
19.03
22.35
24.44
25.43
25.57
25.22
24.64
24.02
23.39
22.70
21.91
21.08
20.39
20.03
20.09
20.47
20.79
20.58
19.38
17.01
13.58
9.51
5.29
1.36
-2.14
-5.37
-8.71
-12.66
-17.55
-23.47
-30.11
-36.77
-42.37
-45.75
-45.99
-42.69
-36.20
-27.50
-17.85
-8.39
0.13
7.44
13.61
18.66
22.55
25.06
26.02
25.52
23.91
21.75
19.57
17.66
16.11
14.93
14.08
13.63
13.60
13.94
14.38
14.55
14.05
12.64
10.28
7.17
3.66
0.16
-3.04
-5.86
-8.48
-11.36
-15.08
-20.14
-26.66
-34.23
-41.81
-48.03
-51.54
-51.42
-47.45
-40.17
-30.66
-20.23
-10.03
-0.91
6.71
12.71
17.19
20.39
22.53
23.85
24.48
24.48
23.89
22.80
21.38
19.88
18.53
17.46
16.73
16.29
16.05
15.88
15.60
14.96
13.71
11.69
8.86
5.32
1.29
-3.09
-7.77
-12.75
-18.10
-23.91
-30.20
-36.93
-43.83
-50.30
-55.41
-58.05
-57.29
-52.76
-44.85
-34.66
-23.60
-12.96
-3.49
4.63
11.57
17.58
22.70
26.71
29.38
30.60
30.64
29.99
29.14
28.32
27.43
26.26
24.72
23.06
21.74
21.20
21.47
22.05
22.07
20.77
17.79
13.37
8.17
2.99
-1.62
-5.49
-8.82
-12.08
-15.80
-20.43
-26.14
-32.64
-39.14
-44.53
-47.64
-47.71
-44.52
-38.47
-30.36
-21.09
-11.46
-2.12
6.42
13.74
19.62
23.99
26.99
28.84
29.76
29.86
29.18
27.78
25.89
23.82
21.94
20.49
19.55
18.97
18.50
17.92
17.01
15.65
13.73
11.29
8.47
5.63
3.13
1.19
-0.27
-1.74
-3.90
-7.40
-12.57
-19.26
-26.84
-34.27
-40.31
-43.80
-43.87
-40.24
-33.35
-24.25
-14.38
-5.05
2.89
9.25
14.30
18.42
21.73
24.01
24.84
23.93
21.34
17.56
13.34
9.45
6.43
4.45
3.36
2.81
2.42
1.90
1.09
-0.05
-1.55
-3.46
-5.87
-8.90
-12.57
-16.85
-21.60
-26.72
-32.23
-38.25
-44.72
-51.28
-57.03
-60.76
-61.28
-57.96
-51.02
-41.46
-30.73
-20.21
-10.78
-2.79
3.78
9.10
13.27
16.34
18.33
19.37
19.63
19.25
18.32
16.95
15.31
13.72
12.50
11.81
11.57
11.43
11.01
10.04
8.49
6.49
4.18
1.54
-1.52
-5.11
-9.27
-13.93
-19.08
-24.73
-30.92
-37.43
-43.58
-48.26
-50.24
-48.65
-43.41
-35.31
-25.65
-15.70
-6.27
2.35
10.31
17.69
24.38
30.03
34.28
36.91
38.01
37.87
36.86
35.34
33.60
31.91
30.54
29.64
29.22
29.04
28.70
27.75
25.89
23.06
19.47
15.41
11.14
6.81
2.42
-2.11
-6.96
-12.30
-18.30
-25.01
-32.11
-38.93
-44.44
-47.54
-47.36
-43.64
-36.73
-27.52
-17.13
-6.63
3.21
11.94
19.36
25.41
30.10
33.42
35.41
36.16
35.90
34.89
33.46
31.87
30.33
28.96
27.89
27.15
26.75
26.55
26.36
25.88
24.85
23.04
20.35
16.83
12.69
8.21
3.72
-0.57
-4.64
-8.79
-13.48
-19.16
-25.95
-33.45
-40.70
-46.40
-49.30
-48.56
-44.02
-36.27
-26.41
-15.68
-5.19
4.31
12.43
19.07
24.26
28.08
30.64
32.03
32.36
31.79
30.53
28.82
27.00
25.32
23.97
22.99
22.29
21.73
21.19
20.50
19.50
17.96
15.68
12.57
8.69
4.28
-0.37
-5.08
-9.84
-14.89
-20.48
-26.72
-33.35
-39.64
-44.57
-47.11
-46.55
-42.72
-36.03
-27.31
-17.52
-7.56
1.90
10.46
17.91
24.17
29.22
33.04
35.67
37.15
37.59
37.12
35.89
34.03
31.66
28.93
26.03
23.31
21.15
19.89
19.55
19.75
19.79
18.90
16.61
12.91
8.27
3.28
-1.66
-6.54
-11.78
-17.89
-25.18
-33.47
-42.04
-49.73
-55.33
-57.86
-56.83
-52.30
-44.81
-35.26
-24.65
-14.03
-4.22
4.16
10.85
15.86
19.44
21.93
23.67
24.84
25.54
25.77
25.59
25.13
24.57
24.06
23.67
23.33
22.89
22.15
20.92
19.04
16.45
13.19
9.45
5.53
1.79
-1.56
-4.57
-7.55
-11.06
-15.65
-21.69
-29.12
-37.41
-45.62
-52.50
-56.86
-57.88
-55.28
-49.47
-41.34
-32.06
-22.76
-14.20
-6.77
-0.51
4.73
9.16
12.98
16.33
19.26
21.65
23.25
23.70
22.63
19.97
15.92
11.01
5.80
0.67
-4.31
-9.39
-14.86
-20.90
-27.43
-34.16
-40.80
-47.24
-53.59
-60.17
-67.22
-74.79
-82.58
-90.09
-96.74
-102.11
-105.84
-107.56
-106.65
-102.19
-93.20
-79.09
-60.05
-37.24
-12.53
12.06
34.83
54.75
71.40
84.71
94.76
101.64
105.61
107.12
106.82
105.49
103.76
102.04
100.43
98.80
96.87
94.37
91.15
87.22
82.76
78.02
73.11
67.93
62.20
55.63
48.12
39.87
31.28
22.65
13.98
4.92
-4.94
-15.62
-26.45
-36.12
-43.12
-46.30
-45.30
-40.67
-33.54
-25.20
-16.66
-8.59
-1.35
4.83
9.73
13.14
14.95
15.31
14.51
13.04
11.33
9.72
8.37
7.28
6.32
5.32
4.16
2.80
1.30
-0.28
-1.89
-3.60
-5.58
-8.03
-11.17
-15.16
-20.07
-25.88
-32.55
-39.94
-47.79
-55.60
-62.65
-68.01
-70.79
-70.32
-66.39
-59.39
-50.18
-39.96
-29.83
-20.57
-12.42
-5.17
1.59
8.16
14.52
20.30
25.00
28.32
30.31
31.39
32.14
33.06
34.40
36.14
38.20
40.47
42.92
45.50
48.08
50.52
52.69
54.51
55.98
56.99
57.33
56.59
54.32
50.16
43.97
35.99
26.83
17.47
9.13
3.03
0.05
0.45
3.78
9.07
15.16
21.14
26.45
30.92
34.46
36.99
38.38
38.51
37.41
35.23
32.23
28.65
24.74
20.72
16.85
13.35
10.36
7.86
5.72
3.76
1.88
0.06
-1.67
-3.30
-4.94
-6.86
-9.39
-12.89
-17.66
-23.93
-31.86
-41.45
-52.51
-64.59
-76.85
-88.19
-97.40
-103.52
-106.13
-105.55
-102.71
-98.79
-94.76
-91.05
-87.53
-83.81
-79.59
-74.75
-69.36
-63.48
-57.05
-50.03
-42.61
-35.36
-29.21
-24.96
-22.90
-22.51
-22.63
-22.00
-19.92
-16.48
-12.44
-8.75
-5.99
-4.23
-3.15
-2.33
-1.55
-0.86
-0.46
-0.62
-1.58
-3.55
-6.60
-10.50
-14.52
-17.46
-17.89
-14.62
-7.19
3.94
17.62
32.46
47.30
61.47
74.60
86.42
96.45
103.98
108.29
108.94
105.96
99.92
91.70
82.21
72.18
62.02
52.02
42.39
33.39
25.24
18.02
11.65
5.84
0.33
-5.08
-10.41
-15.54
-20.27
-24.48
-28.20
-31.56
-34.80
-38.14
-41.73
-45.54
-49.28
-52.38
-54.02
-53.42
-49.98
-43.56
-34.54
-23.80
-12.47
-1.64
7.82
15.40
20.97
24.60
26.54
27.21
27.16
26.98
27.11
27.68
28.46
29.03
29.03
28.43
27.53
26.78
26.45
26.46
26.42
25.85
24.53
22.49
19.96
17.05
13.64
9.39
3.98
-2.59
-9.85
-16.92
-22.74
-26.42
-27.43
-25.77
-21.85
-16.33
-9.95
-3.40
2.81
8.29
12.83
16.31
18.69
19.93
20.04
19.04
17.12
14.60
11.95
9.62
7.90
6.78
6.07
5.50
4.88
4.15
3.36
2.50
1.43
-0.11
-2.36
-5.45
-9.31
-13.66
-18.17
-22.40
-25.91
-28.26
-29.05
-28.03
-25.16
-20.71
-15.13
-9.07
-3.14
2.14
6.43
9.58
11.59
12.59
12.70
12.14
11.07
9.74
8.39
7.24
6.42
5.87
5.32
4.42
2.97
0.96
-1.25
-3.23
-4.67
-5.61
-6.41
-7.63
-9.71
-12.82
-16.83
-21.35
-25.94
-30.12
-33.43
-35.31
-35.28
-33.00
-28.58
-22.59
-15.95
-9.68
-4.52
-0.73
1.82
3.46
4.40
4.64
4.07
2.71
0.79
-1.24
-2.96
-4.16
-4.95
-5.59
-6.26
-6.87
-7.13
-6.77
-5.77
-4.49
-3.53
-3.44
-4.48
-6.57
-9.34
-12.33
-15.10
-17.23
-18.34
-18.11
-16.23
-12.60
-7.34
-0.81
6.45
13.82
20.76
26.78
31.51
34.67
36.15
36.04
34.67
32.48
30.02
27.70
25.76
24.25
23.06
22.00
20.88
19.60
18.17
16.71
15.33
14.08
12.83
11.22
8.80
5.22
0.42
-5.27
-11.13
-16.29
-19.98
-21.72
-21.42
-19.35
-15.98
-11.86
-7.56
-3.58
-0.33
1.91
2.99
2.85
1.58
-0.65
-3.57
-6.89
-10.32
-13.61
-16.55
-18.97
-20.82
-22.07
-22.80
-23.14
-23.28
-23.36
-23.47
-23.61
-23.78
-24.04
-24.52
-25.45
-27.00
-29.20
-31.81
-34.36
-36.14
-36.45
-34.65
-30.44
-24.00
-15.92
-7.16
1.36
8.94
15.29
20.40
24.35
27.05
28.28
27.83
25.78
22.63
19.12
15.89
13.24
11.07
9.06
7.10
5.37
4.28
4.12
4.78
5.74
6.27
5.77
3.96
0.90
-3.22
-8.17
-13.69
-19.31
-24.30
-27.74
-28.84
-27.30
-23.42
-18.05
-12.19
-6.66
-1.85
2.21
5.66
8.51
10.62
11.74
11.68
10.49
8.52
6.24
4.11
2.45
1.34
0.69
0.37
0.26
0.30
0.48
0.74
1.04
1.28
1.37
1.11
0.36
-1.11
-3.39
-6.43
-9.87
-13.07
-15.17
-15.36
-13.14
-8.51
-1.96
5.60
13.13
19.64
24.40
27.04
27.54
26.21
23.64
20.49
17.44
14.95
13.14
11.85
10.61
8.94
6.48
3.19
-0.61
-4.32
-7.29
-9.05
-9.44
-8.74
-7.42
-6.15
-5.55
-6.09
-7.93
-10.86
-14.27
-17.25
-18.88
-18.58
-16.28
-12.44
-7.80
-2.97
1.76
6.35
10.77
14.79
17.88
19.45
19.20
17.35
14.55
11.65
9.28
7.67
6.58
5.56
4.15
2.08
-0.65
-3.84
-7.25
-10.72
-14.22
-17.89
-21.91
-26.41
-31.45
-36.97
-42.74
-48.35
-53.22
-56.52
-57.40
-55.16
-49.54
-40.90
-30.23
-18.90
-8.25
0.71
7.56
12.39
15.61
17.69
18.96
19.56
19.48
18.77
17.58
16.19
14.86
13.73
12.73
11.70
10.58
9.51
8.86
9.12
10.55
13.00
15.82
18.02
18.58
16.80
12.56
6.42
-0.55
-7.00
-11.79
-14.17
-14.04
-11.81
-8.22
-4.04
0.16
4.06
7.49
10.33
12.36
13.32
13.07
11.67
9.47
6.98
4.70
2.94
1.75
0.97
0.36
-0.28
-1.06
-1.96
-2.90
-3.87
-4.83
-5.85
-7.06
-8.61
-10.64
-13.30
-16.61
-20.49
-24.70
-28.78
-32.14
-34.04
-33.84
-31.15
-26.08
-19.22
-11.54
-4.05
2.48
7.76
11.91
15.19
17.73
19.42
19.91
18.96
16.67
13.55
10.41
7.97
6.58
6.12
6.13
6.05
5.52
4.52
3.27
2.09
1.14
0.34
-0.57
-1.94
-4.04
-7.02
-10.87
-15.44
-20.38
-25.13
-28.88
-30.75
-29.95
-26.22
-19.91
-11.93
-3.49
4.44
11.30
16.96
21.49
24.87
26.87
27.23
25.87
23.12
19.67
16.35
13.82
12.32
11.71
11.59
11.53
11.22
10.54
9.54
8.36
7.11
5.85
4.50
2.91
0.89
-1.84
-5.49
-10.12
-15.54
-21.12
-25.92
-28.84
-29.06
-26.25
-20.77
-13.51
-5.52
2.32
9.46
15.63
20.63
24.24
26.23
26.53
25.36
23.24
20.78
18.48
16.57
15.03
13.74
12.59
11.58
10.73
9.97
9.13
8.00
6.42
4.47
2.35
0.26
-1.80
-4.15
-7.25
-11.47
-16.72
-22.31
-27.14
-30.02
-30.16
-27.41
-22.20
-15.31
-7.57
0.32
7.86
14.62
20.18
24.09
26.07
26.07
24.37
21.52
18.18
14.95
12.22
10.16
8.74
7.78
7.03
6.27
5.31
4.05
2.51
0.80
-0.96
-2.62
-4.17
-5.78
-7.83
-10.79
-14.98
-20.34
-26.28
-31.78
-35.58
-36.59
-34.24
-28.68
-20.69
-11.51
-2.37
5.77
12.35
17.22
20.52
22.43
23.16
22.84
21.58
19.58
17.15
14.70
12.67
11.36
10.79
10.75
10.87
10.75
10.21
9.23
7.99
6.60
5.09
3.32
1.07
-1.87
-5.66
-10.29
-15.63
-21.28
-26.59
-30.76
-32.91
-32.40
-28.98
-22.94
-15.04
-6.32
2.18
9.63
15.54
19.76
22.42
23.75
24.00
23.34
21.93
19.99
17.88
16.00
14.73
14.12
13.92
13.64
12.85
11.43
9.66
8.04
6.97
6.50
6.20
5.42
3.57
0.39
-3.97
-9.17
-14.79
-20.47
-25.83
-30.35
-33.35
-34.09
-32.06
-27.21
-20.04
-11.49
-2.63
5.61
12.60
18.01
21.78
23.99
24.79
24.37
23.00
20.93
18.50
16.06
13.93
12.33
11.35
10.85
10.52
10.03
9.20
8.05
6.79
5.62
4.51
3.22
1.38
-1.30
-4.85
-9.07
-13.68
-18.48
-23.34
-28.14
-32.52
-35.80
-37.10
-35.63
-31.11
-23.92
-15.04
-5.75
2.83
9.92
15.25
18.93
21.19
22.22
22.11
20.88
18.64
15.68
12.52
9.76
7.86
7.00
7.00
7.45
7.88
8.01
7.74
7.07
6.04
4.65
2.87
0.67
-1.92
-4.88
-8.30
-12.36
-17.19
-22.60
-28.01
-32.44
-34.83
-34.40
-30.94
-24.90
-17.20
-8.95
-1.09
5.79
11.44
15.85
19.09
21.17
22.02
21.55
19.87
17.29
14.35
11.67
9.71
8.63
8.24
8.18
8.08
7.72
7.07
6.19
5.16
3.96
2.47
0.52
-2.10
-5.55
-9.96
-15.35
-21.47
-27.85
-33.70
-38.05
-40.04
-39.12
-35.24
-28.85
-20.73
-11.75
-2.70
5.78
13.22
19.20
23.42
25.71
26.10
24.90
22.62
19.84
17.07
14.69
12.83
11.51
10.65
10.06
9.56
8.89
7.84
6.25
4.13
1.59
-1.15
-3.94
-6.74
-9.72
-13.22
-17.56
-22.92
-29.14
-35.65
-41.51
-45.63
-47.00
-44.99
-39.52
-31.08
-20.63
-9.41
1.32
10.55
17.65
22.46
25.25
26.48
26.64
26.04
24.86
23.15
21.09
18.99
17.24
16.17
15.87
16.10
16.41
16.33
15.53
13.93
11.64
8.88
5.88
2.77
-0.40
-3.66
-7.20
-11.30
-16.18
-21.98
-28.43
-34.86
-40.22
-43.34
-43.37
-39.98
-33.48
-24.70
-14.64
-4.27
5.59
14.28
21.30
26.31
29.25
30.33
30.07
29.03
27.70
26.35
25.07
23.86
22.74
21.85
21.29
21.11
21.21
21.31
21.10
20.29
18.67
16.13
12.73
8.69
4.38
0.22
-3.47
-6.64
-9.61
-12.93
-17.19
-22.63
-28.89
-34.94
-39.44
-41.06
-39.03
-33.30
-24.59
-14.11
-3.22
6.93
15.57
22.33
27.13
30.07
31.30
31.02
29.50
27.04
24.12
21.27
19.03
17.76
17.59
18.35
19.62
20.90
21.70
21.66
20.64
18.71
16.13
13.23
10.27
7.38
4.47
1.23
-2.68
-7.52
-13.22
-19.39
-25.31
-30.13
-33.05
-33.47
-31.08
-25.88
-18.27
-9.01
0.88
10.24
18.11
23.86
27.33
28.78
28.66
27.50
25.68
23.45
21.00
18.58
16.46
15.01
14.50
15.02
16.33
17.90
19.10
19.35
18.41
16.39
13.65
10.55
7.31
3.95
0.37
-3.56
-7.88
-12.59
-17.72
-23.26
-29.07
-34.70
-39.31
-41.81
-41.22
-37.12
-29.82
-20.36
-10.12
-0.44
7.78
14.18
18.82
21.96
23.89
24.87
25.10
24.83
24.29
23.63
22.95
22.22
21.40
20.44
19.44
18.49
17.74
17.31
17.25
17.46
17.63
17.31
16.00
13.32
9.24
4.17
-1.19
-6.08
-10.01
-13.05
-15.67
-18.59
-22.41
-27.34
-33.04
-38.72
-43.34
-45.85
-45.45
-41.77
-35.06
-26.15
-16.25
-6.72
1.37
7.44
11.55
14.20
15.98
17.31
18.22
18.50
17.98
16.79
15.41
14.46
14.40
15.21
16.45
17.45
17.76
17.25
16.18
14.93
13.70
12.41
10.76
8.39
5.14
1.12
-3.37
-7.99
-12.47
-16.64
-20.44
-23.89
-27.10
-30.39
-34.21
-39.13
-45.52
-53.25
-61.51
-68.88
-73.72
-74.69
-71.24
-63.85
-53.85
-43.01
-33.04
-25.33
-20.79
-19.84
-22.43
-27.93
-35.13
-42.34
-47.78
-49.91
-47.70
-40.63
-28.59
-11.81
8.94
32.13
55.38
75.85
90.98
99.37
101.25
98.27
92.75
86.74
81.33
76.65
72.25
67.68
62.96
58.52
54.89
52.25
50.19
47.77
43.96
38.11
30.30
21.33
12.47
4.98
-0.20
-2.62
-2.30
0.36
4.62
9.44
13.66
16.23
16.54
14.58
10.94
6.51
2.09
-1.81
-5.00
-7.45
-9.07
-9.74
-9.38
-8.13
-6.40
-4.73
-3.62
-3.27
-3.63
-4.48
-5.62
-6.98
-8.56
-10.36
-12.27
-14.14
-15.76
-17.06
-18.06
-18.97
-20.05
-21.61
-23.89
-26.99
-30.74
-34.71
-38.21
-40.40
-40.55
-38.27
-33.62
-27.20
-19.91
-12.76
-6.48
-1.44
2.39
5.27
7.43
8.95
9.68
9.42
8.12
6.03
3.75
1.98
1.33
1.97
3.56
5.33
6.35
5.91
3.74
0.10
-4.41
-9.06
-13.31
-16.86
-19.68
-21.88
-23.74
-25.67
-28.12
-31.50
-35.89
-40.87
-45.56
-48.83
-49.72
-47.83
-43.34
-36.87
-29.11
-20.67
-11.99
-3.43
4.52
11.32
16.42
19.43
20.22
18.93
15.94
11.95
7.88
4.75
3.42
4.30
7.18
11.26
15.42
18.65
20.33
20.33
18.84
16.18
12.66
8.63
4.53
0.85
-1.98
-3.94
-5.41
-7.07
-9.41
-12.41
-15.33
-16.95
-16.23
-12.74
-7.00
-0.18
6.38
11.73
15.52
17.87
19.06
19.24
18.39
16.55
14.00
11.25
8.92
7.36
6.44
5.62
4.27
2.02
-1.00
-4.28
-7.20
-9.28
-10.45
-11.02
-11.50
-12.52
-14.57
-17.94
-22.57
-28.10
-33.98
-39.60
-44.46
-48.21
-50.61
-51.43
-50.50
-47.68
-43.05
-36.88
-29.66
-21.91
-14.17
-6.84
-0.30
5.24
9.77
13.46
16.65
19.63
22.39
24.49
25.15
23.60
19.61
13.75
7.38
2.25
-0.21
0.59
4.04
8.62
12.38
13.61
11.37
5.55
-3.20
-13.76
-24.80
-34.89
-42.70
-47.16
-47.75
-44.77
-39.30
-33.02
-27.62
-24.28
-23.25
-24.01
-25.56
-26.99
-27.79
-28.00
-27.99
-28.15
-28.65
-29.31
-29.68
-29.19
-27.45
-24.41
-20.47
-16.35
-12.92
-10.89
-10.52
-11.65
-13.70
-15.96
-17.84
-18.99
-19.43
-19.45
-19.42
-19.67
-20.25
-20.86
-20.88
-19.54
-16.10
-10.00
-1.06
10.45
23.78
37.66
50.58
61.01
67.88
70.92
70.73
68.63
66.20
64.83
65.42
68.19
72.71
77.97
82.60
85.21
84.80
81.12
74.79
67.05
59.15
51.91
45.37
38.94
31.80
23.40
13.73
3.41
-6.50
-14.78
-20.24
-22.03
-19.82
-13.96
-5.49
4.10
13.23
20.53
25.24
27.17
26.69
24.50
21.46
18.38
15.80
14.00
12.90
12.22
11.62
10.87
9.90
8.82
7.79
6.98
6.48
6.22
6.02
5.54
4.48
2.56
-0.23
-3.76
-7.73
-11.84
-15.95
-20.09
-24.38
-28.88
-33.42
-37.48
-40.20
-40.60
-37.77
-31.27
-21.22
-8.50
5.51
19.10
30.69
39.14
43.96
45.37
44.07
40.99
36.95
32.50
28.02
23.84
20.39
18.20
17.66
18.81
21.21
24.02
26.23
26.96
25.63
21.99
16.11
8.38
-0.50
-9.53
-17.61
-23.89
-28.04
-30.47
-32.10
-34.04
-37.10
-41.44
-46.46
-50.98
-53.69
-53.60
-50.41
-44.62
-37.28
-29.55
-22.23
-15.61
-9.45
-3.24
3.40
10.60
18.09
25.45
32.28
38.35
43.62
48.15
51.93
54.72
56.13
55.64
52.77
47.31
39.46
29.77
19.12
8.41
-1.76
-11.19
-20.03
-28.62
-37.08
-45.17
-52.37
-58.07
-61.93
-64.04
-64.81
-64.79
-64.28
-63.22
-61.22
-57.72
-52.22
-44.38
-34.04
-21.37
-6.84
8.70
24.05
37.88
48.99
56.53
60.13
59.91
56.46
50.64
43.50
36.10
29.42
24.18
20.64
18.36
16.25
12.81
6.70
-2.54
-14.16
-26.17
-36.07
-41.82
-42.69
-39.53
-34.40
-29.57
-26.72
-26.50
-28.69
-32.74
-38.11
-44.47
-51.25
-57.37
-61.19
-60.89
-55.21
-44.08
-28.83
-11.85
4.21
17.25
26.30
31.48
33.57
33.49
31.81
28.69
24.19
18.59
12.61
7.39
4.12
3.63
6.10
11.08
17.65
24.83
31.83
38.04
43.04
46.37
47.67
46.75
43.83
39.51
34.56
29.58
24.84
20.18
15.47
10.90
7.25
5.61
6.96
11.45
18.16
25.23
30.44
32.06
29.40
23.05
14.61
6.09
-0.67
-4.54
-5.14
-2.82
1.68
7.46
13.59
19.15
23.22
25.03
24.09
20.44
14.65
7.69
0.63
-5.69
-10.84
-14.81
-17.83
-20.18
-22.07
-23.64
-25.04
-26.42
-27.97
-29.73
-31.47
-32.69
-32.75
-31.14
-27.72
-22.78
-16.98
-11.09
-5.68
-1.01
2.88
5.98
8.20
9.29
9.06
7.50
4.92
1.88
-1.01
-3.27
-4.67
-5.18
-4.96
-4.20
-3.14
-2.07
-1.24
-0.95
-1.37
-2.53
-4.30
-6.44
-8.68
-10.91
-13.16
-15.67
-18.69
-22.34
-26.42
-30.42
-33.54
-34.93
-33.95
-30.41
-24.60
-17.26
-9.32
-1.71
4.92
10.21
14.09
16.66
18.11
18.60
18.24
17.16
15.54
13.58
11.59
9.84
8.56
7.82
7.49
7.36
7.17
6.82
6.36
5.89
5.46
4.92
3.90
2.07
-0.70
-4.18
-7.90
-11.39
-14.39
-17.06
-19.80
-23.04
-26.96
-31.27
-35.28
-38.07
-38.81
-36.96
-32.48
-25.79
-17.68
-9.10
-0.99
5.94
11.31
15.14
17.73
19.51
20.82
21.84
22.50
22.72
22.44
21.81
21.06
20.45
20.13
20.06
20.15
20.20
20.11
19.84
19.52
19.29
19.36
19.81
20.60
21.48
22.03
21.81
20.55
18.18
14.85
10.79
6.23
1.24
-4.11
-9.67
-15.08
-19.79
-23.07
-24.21
-22.70
-18.37
-11.54
-2.90
6.53
15.69
23.64
29.72
33.65
35.47
35.49
34.24
32.35
30.41
28.95
28.25
28.35
29.03
29.85
30.33
30.15
29.23
27.80
26.28
25.07
24.44
24.36
24.46
24.25
23.14
20.76
17.11
12.65
8.14
4.46
2.25
1.60
1.93
2.16
1.11
-1.91
-6.84
-12.69
-17.96
-21.06
-20.88
-17.12
-10.35
-1.75
7.28
15.52
22.24
27.26
30.75
33.02
34.29
34.64
34.13
32.93
31.40
30.02
29.11
28.65
28.23
27.13
24.65
20.36
14.29
6.91
-1.03
-8.60
-14.99
-19.65
-22.45
-23.74
-24.29
-25.03
-26.69
-29.62
-33.65
-38.26
-42.71
-46.18
-47.90
-47.19
-43.84
-38.46
-32.50
-27.93
-26.42
-28.50
-33.23
-38.54
-42.24
-42.90
-40.34
-35.42
-29.25
-22.60
-15.73
-8.69
-1.84
4.04
7.92
9.04
7.43
3.86
-0.42
-4.26
-7.10
-9.11
-10.92
-13.24
-16.45
-20.47
-24.88
-29.08
-32.46
-34.37
-34.24
-31.54
-26.10
-18.22
-8.80
0.87
9.46
15.93
19.72
20.68
18.87
14.46
7.72
-0.86
-10.47
-20.09
-28.75
-35.81
-41.12
-44.84
-47.23
-48.31
-47.89
-45.71
-41.76
-36.57
-31.07
-26.38
-23.38
-22.47
-23.53
-25.96
-28.99
-31.81
-33.70
-34.16
-32.99
-30.35
-26.77
-23.01
-19.75
-17.40
-15.91
-14.85
-13.64
-11.83
-9.27
-6.17
-2.92
0.12
2.84
5.34
7.85
10.53
13.27
15.76
17.60
18.50
18.34
17.20
15.23
12.59
9.41
5.86
2.23
-1.07
-3.61
-5.04
-5.22
-4.24
-2.39
-0.02
2.50
4.79
6.52
7.42
7.35
6.30
4.49
2.29
0.14
-1.55
-2.57
-2.90
-2.78
-2.54
-2.49
-2.73
-3.08
-3.13
-2.47
-0.92
1.33
3.82
5.98
7.37
7.79
7.25
5.90
3.93
1.49
-1.28
-4.19
-7.06
-9.73
-12.09
-14.10
-15.76
-17.06
-18.02
-18.62
-18.85
-18.65
-17.93
-16.63
-14.78
-12.61
-10.48
-8.88
-8.22
-8.74
-10.36
-12.72
-15.17
-16.95
-17.35
-15.91
-12.50
-7.39
-1.26
5.08
10.85
15.55
19.01
21.37
22.87
23.65
23.65
22.71
20.69
17.73
14.29
11.04
8.60
7.32
7.14
7.51
7.57
6.29
2.71
-3.75
-12.92
-23.72
-34.12
-41.74
-44.44
-41.15
-32.23
-19.35
-4.81
9.19
21.13
30.28
36.51
39.82
40.12
37.34
31.57
23.32
13.58
3.59
-5.54
-13.02
-18.56
-22.22
-24.30
-25.18
-25.29
-25.12
-25.11
-25.65
-26.88
-28.69
-30.76
-32.70
-34.29
-35.49
-36.44
-37.35
-38.41
-39.80
-41.66
-44.13
-47.22
-50.73
-54.14
-56.59
-57.15
-55.02
-49.90
-42.07
-32.35
-21.89
-11.81
-3.00
4.06
9.19
12.50
14.15
14.39
13.32
11.06
7.66
3.30
-1.75
-6.99
-11.84
-15.73
-18.20
-19.05
-18.38
-16.59
-14.34
-12.45
-11.69
-12.54
-15.04
-18.73
-22.76
-26.23
-28.43
-29.11
-28.35
-26.52
-24.08
-21.48
-19.23
-17.79
-17.49
-18.34
-19.82
-20.81
-19.93
-15.95
-8.37
2.34
14.87
27.48
38.70
47.68
54.34
59.07
62.38
64.61
65.91
66.39
66.18
65.52
64.56
63.19
61.16
58.21
54.40
50.25
46.57
44.10
43.12
43.23
43.40
42.40
39.24
33.48
25.38
15.69
5.40
-4.58
-13.58
-21.25
-27.55
-32.75
-37.36
-41.97
-46.95
-52.25
-57.19
-60.63
-61.29
-58.21
-51.12
-40.59
-27.79
-14.17
-1.13
10.31
19.51
26.29
30.77
33.29
34.32
34.26
33.47
32.17
30.60
28.97
27.58
26.73
26.68
27.52
29.06
30.94
32.64
33.68
33.79
32.92
31.33
29.34
27.25
25.10
22.74
19.90
16.31
11.79
6.26
-0.20
-7.33
-14.60
-21.19
-26.01
-28.00
-26.35
-20.86
-12.04
-1.03
10.71
21.78
31.10
38.07
42.59
44.88
45.31
44.34
42.44
40.01
37.39
34.82
32.36
30.03
27.86
25.98
24.63
23.97
23.95
24.19
24.11
23.16
21.08
17.95
14.19
10.27
6.47
2.87
-0.73
-4.56
-8.89
-13.87
-19.48
-25.46
-31.17
-35.63
-37.67
-36.21
-30.77
-21.73
-10.28
1.84
12.95
21.90
28.34
32.54
35.05
36.30
36.50
35.69
33.91
31.42
28.63
25.99
23.82
22.22
21.10
20.27
19.50
18.64
17.57
16.22
14.56
12.54
10.14
7.32
4.12
0.61
-3.17
-7.16
-11.42
-16.08
-21.22
-26.74
-32.14
-36.54
-38.86
-38.13
-33.86
-26.30
-16.38
-5.49
4.96
13.92
20.90
25.90
29.22
31.19
32.00
31.72
30.41
28.27
25.67
23.07
20.86
19.25
18.22
17.60
17.18
16.79
16.31
15.66
14.77
13.59
12.09
10.28
8.16
5.66
2.63
-1.10
-5.68
-11.15
-17.35
-23.87
-30.09
-35.19
-38.31
-38.73
-36.10
-30.58
-22.83
-13.86
-4.78
3.48
10.29
15.38
18.75
20.57
21.04
20.43
19.01
17.03
14.79
12.59
10.71
9.31
8.41
7.88
7.45
6.88
6.00
4.84
3.51
2.15
0.79
-0.66
-2.43
-4.69
-7.59
-11.13
-15.22
-19.65
-24.14
-28.27
-31.51
-33.20
-32.74
-29.77
-24.30
-16.85
-8.32
0.27
8.05
14.47
19.37
22.81
24.92
25.75
25.33
23.72
21.16
18.15
15.26
13.04
11.75
11.31
11.31
11.21
10.59
9.31
7.48
5.37
3.17
0.98
-1.30
-3.82
-6.67
-9.90
-13.54
-17.60
-22.04
-26.64
-30.90
-33.97
-34.96
-33.26
-28.76
-22.06
-14.14
-6.12
1.16
7.24
12.05
15.71
18.35
20.00
20.67
20.41
19.42
18.00
16.50
15.19
14.21
13.58
13.22
12.97
12.66
12.08
11.08
9.53
7.44
4.99
2.45
0.11
-1.98
-4.01
-6.45
-9.77
-14.14
-19.36
-24.76
-29.36
-32.18
-32.49
-30.00
-24.93
-17.94
-9.96
-2.01
5.10
10.83
15.00
17.65
18.96
19.12
18.37
16.97
15.28
13.72
12.62
12.11
12.07
12.19
12.12
11.61
10.62
9.29
7.86
6.52
5.33
4.18
2.92
1.32
-0.71
-3.24
-6.29
-9.87
-14.01
-18.65
-23.40
-27.60
-30.33
-30.70
-28.24
-23.09
-16.05
-8.25
-0.80
5.52
10.38
13.83
16.11
17.42
17.91
17.69
16.89
15.75
14.48
13.34
12.46
11.90
11.63
11.59
11.67
11.75
11.70
11.37
10.65
9.48
7.91
6.12
4.23
2.28
0.09
-2.64
-6.21
-10.69
-15.83
-21.07
-25.68
-28.87
-30.09
-29.01
-25.66
-20.38
-13.81
-6.80
-0.13
5.54
9.87
12.83
14.61
15.37
15.25
14.38
12.87
10.98
9.05
7.38
6.15
5.37
4.90
4.56
4.28
4.01
3.76
3.47
3.01
2.19
0.85
-1.05
-3.43
-6.10
-8.94
-11.95
-15.21
-18.82
-22.67
-26.32
-29.04
-30.06
-28.78
-25.13
-19.55
-12.89
-6.09
0.08
5.15
8.99
11.63
13.18
13.79
13.61
12.84
11.69
10.40
9.12
8.00
7.14
6.62
6.43
6.44
6.41
6.09
5.28
3.96
2.29
0.49
-1.27
-2.96
-4.69
-6.62
-8.90
-11.61
-14.71
-18.09
-21.51
-24.58
-26.72
-27.33
-25.91
-22.33
-16.89
-10.29
-3.48
2.66
7.58
11.11
13.43
14.91
15.88
16.51
16.80
16.62
15.91
14.73
13.33
12.00
11.00
10.41
10.06
9.72
9.13
8.19
6.95
5.58
4.27
3.13
2.14
1.12
-0.19
-2.10
-4.85
-8.56
-13.08
-17.96
-22.56
-26.08
-27.79
-27.25
-24.40
-19.65
-13.71
-7.46
-1.68
3.09
6.73
9.38
11.38
12.95
14.22
15.04
15.19
14.49
12.93
10.71
8.15
5.59
3.30
1.36
-0.25
-1.55
-2.57
-3.28
-3.66
-3.79
-3.82
-3.99
-4.49
-5.39
-6.69
-8.28
-10.14
-12.34
-15.01
-18.10
-21.30
-23.93
-25.18
-24.41
-21.52
-17.00
-11.76
-6.74
-2.52
0.83
3.59
6.09
8.44
10.46
11.83
12.27
11.78
10.61
9.07
7.41
5.73
3.95
2.03
-0.09
-2.29
-4.42
-6.27
-7.68
-8.56
-8.99
-9.17
-9.43
-10.09
-11.43
-13.53
-16.28
-19.32
-22.11
-23.99
-24.35
-22.79
-19.22
-13.92
-7.49
-0.67
5.89
11.69
16.49
20.15
22.63
23.91
24.12
23.43
22.18
20.69
19.28
18.14
17.36
16.86
16.48
15.92
14.91
13.25
10.95
8.23
5.39
2.67
0.13
-2.43
-5.34
-8.91
-13.22
-18.09
-23.06
-27.46
-30.64
-32.01
-31.23
-28.27
-23.42
-17.28
-10.62
-4.24
1.21
5.35
8.10
9.61
10.12
9.87
8.93
7.38
5.36
3.20
1.49
0.81
1.50
3.40
5.90
8.16
9.48
9.55
8.55
6.89
4.97
2.98
0.86
-1.58
-4.55
-8.12
-12.31
-17.05
-22.06
-26.87
-30.67
-32.60
-32.03
-28.85
-23.55
-17.05
-10.34
-4.15
1.18
5.59
8.99
11.22
11.98
11.19
9.05
6.16
3.33
1.25
0.22
0.15
0.57
0.97
0.96
0.40
-0.56
-1.69
-2.73
-3.54
-4.08
-4.48
-4.97
-5.87
-7.53
-10.18
-13.71
-17.66
-21.16
-23.29
-23.36
-21.16
-17.07
-11.86
-6.38
-1.28
3.10
6.74
9.76
12.30
14.36
15.84
16.55
16.34
15.16
13.17
10.68
8.14
5.97
4.46
3.60
3.20
2.91
2.47
1.80
1.06
0.49
0.28
0.37
0.45
0.08
-1.10
-3.27
-6.29
-9.76
-13.18
-16.04
-17.91
-18.48
-17.47
-14.73
-10.16
-3.83
3.95
12.59
21.20
28.77
34.32
37.27
37.65
36.07
33.50
30.86
28.62
26.58
24.04
20.02
13.67
4.65
-6.63
-18.94
-30.33
-38.64
-42.06
-39.92
-33.13
-24.08
-15.83
-10.99
-10.79
-14.65
-20.62
-26.17
-29.18
-28.52
-24.25
-17.36
-9.46
-2.25
2.99
5.97
7.64
10.08
15.70
26.21
41.68
60.31
79.11
95.09
106.40
112.73
114.98
114.21
110.89
104.51
94.19
79.42
60.89
40.43
20.34
2.50
-12.42
-24.97
-36.41
-47.91
-60.07
-72.80
-85.56
-97.69
-108.46
-117.12
-122.82
-124.93
-123.51
-119.78
-116.18
-115.76
-121.15
-133.19
-150.07
-167.20
-178.19
-176.67
-158.50
-123.52
-75.91
-23.12
26.50
66.02
91.64
102.93
102.09
92.65
78.45
63.02
49.43
40.11
36.56
38.91
45.80
54.57
62.09
65.67
63.93
57.14
47.15
36.70
28.52
24.44
24.84
28.71
34.27
39.76
44.10
47.12
49.20
50.79
51.97
52.36
51.43
48.82
44.69
39.66
34.54
30.04
26.52
24.01
22.21
20.78
19.38
17.76
15.77
13.42
10.80
8.03
5.22
2.36
-0.71
-4.19
-8.21
-12.64
-17.08
-20.81
-23.06
-23.20
-20.95
-16.55
-10.56
-3.79
3.06
9.54
15.54
21.12
26.37
31.22
35.47
38.77
40.90
41.77
41.52
40.41
38.68
36.49
33.95
31.19
28.45
25.95
23.86
22.16
20.75
19.52
18.49
17.81
17.52
17.44
16.98
15.37
11.95
6.48
-0.64
-8.52
-16.12
-22.62
-27.60
-31.02
-32.91
-33.21
-31.72
-28.26
-22.92
-16.24
-9.13
-2.66
2.31
5.43
6.90
7.34
7.54
8.16
9.68
12.28
15.93
20.36
25.12
29.62
33.28
35.68
36.62
36.18
34.63
32.27
29.33
25.90
22.00
17.67
13.08
8.38
3.63
-1.20
-6.20
-11.35
-16.36
-20.82
-24.41
-27.10
-29.19
-31.18
-33.53
-36.51
-40.20
-44.61
-49.72
-55.45
-61.43
-66.94
-70.90
-72.24
-70.27
-64.90
-56.74
-46.82
-36.40
-26.65
-18.62
-13.11
-10.73
-11.77
-16.06
-22.97
-31.39
-39.90
-47.09
-51.84
-53.64
-52.60
-49.36
-44.82
-39.85
-35.11
-30.93
-27.50
-24.95
-23.42
-23.00
-23.66
-25.06
-26.61
-27.54
-27.21
-25.37
-22.24
-18.46
-14.77
-11.74
-9.57
-8.06
-6.83
-5.57
-4.29
-3.32
-3.25
-4.63
-7.77
-12.57
-18.47
-24.65
-30.07
-33.77
-35.00
-33.41
-29.14
-22.78
-15.26
-7.51
-0.24
6.23
11.93
17.07
21.85
26.25
30.04
32.90
34.62
35.31
35.49
35.88
37.19
39.82
43.65
48.24
52.97
57.33
60.97
63.68
65.14
64.92
62.57
57.76
50.62
41.70
31.89
22.19
13.52
6.61
1.98
-0.07
0.44
3.15
7.31
12.04
16.50
20.22
23.13
25.48
27.55
29.42
30.92
31.77
31.83
31.25
30.48
29.98
30.08
30.78
31.89
33.26
34.81
36.62
38.73
41.06
43.34
45.26
46.53
47.07
46.86
45.95
44.26
41.67
37.99
33.15
27.17
20.17
12.24
3.40
-6.32
-16.68
-27.09
-36.67
-44.49
-49.98
-53.25
-55.03
-56.34
-58.00
-60.28
-62.86
-65.23
-67.03
-68.24
-69.09
-69.70
-69.82
-68.78
-65.88
-60.67
-53.42
-44.92
-36.20
-28.22
-21.58
-16.66
-13.75
-13.08
-14.51
-17.19
-19.43
-18.96
-13.80
-3.03
12.57
30.79
48.81
64.25
75.86
83.41
87.33
87.95
85.41
79.69
71.08
60.44
49.21
38.96
30.89
25.45
22.04
19.44
16.21
11.40
4.94
-2.27
-8.80
-13.34
-15.27
-15.02
-13.69
-12.62
-12.74
-14.33
-17.11
-20.58
-24.33
-28.22
-32.25
-36.44
-40.64
-44.58
-47.91
-50.37
-51.82
-52.30
-52.03
-51.37
-50.70
-50.45
-50.99
-52.61
-55.45
-59.35
-63.78
-67.89
-70.77
-71.80
-70.90
-68.64
-65.87
-63.42
-61.68
-60.47
-59.25
-57.46
-54.74
-51.07
-46.61
-41.53
-35.89
-29.70
-22.97
-15.79
-8.48
-1.45
4.86
10.16
14.43
17.92
20.98
23.81
26.19
27.48
26.83
23.66
17.86
10.00
1.04
-8.05
-16.52
-24.04
-30.52
-35.95
-40.12
-42.74
-43.49
-42.32
-39.50
-35.60
-31.38
-27.51
-24.59
-22.99
-22.95
-24.52
-27.52
-31.44
-35.39
-38.23
-38.82
-36.37
-30.65
-22.12
-11.73
-0.64
10.08
19.58
27.35
33.12
36.79
38.36
37.98
35.88
32.56
28.63
24.85
21.88
20.18
19.84
20.57
21.85
23.11
23.94
24.10
23.56
22.30
20.29
17.43
13.61
8.83
3.17
-3.17
-9.90
-16.60
-22.72
-27.58
-30.47
-30.83
-28.46
-23.60
-16.85
-9.10
-1.21
6.02
11.95
16.20
18.66
19.45
18.96
17.73
16.32
15.17
14.50
14.28
14.28
14.16
13.65
12.69
11.44
10.24
9.39
8.99
8.74
8.10
6.40
3.21
-1.54
-7.50
-14.01
-20.24
-25.29
-28.28
-28.44
-25.34
-19.09
-10.45
-0.69
8.73
16.57
22.18
25.56
27.23
27.85
28.00
27.96
27.70
27.07
25.92
24.24
22.16
19.96
17.84
15.89
14.05
12.19
10.15
7.84
5.14
1.84
-2.34
-7.70
-14.35
-22.04
-30.08
-37.52
-43.32
-46.61
-46.91
-44.06
-38.24
-29.80
-19.29
-7.47
4.72
16.24
26.10
33.66
38.78
41.82
43.55
44.85
46.48
48.91
52.36
56.81
62.09
67.83
73.50
78.37
81.76
83.06
81.92
78.25
72.28
64.38
55.20
45.49
36.10
27.74
20.85
15.40
10.97
6.79
2.03
-4.03
-11.64
-20.37
-28.97
-35.52
-38.03
-35.21
-27.15
-15.41
-2.53
8.99
17.56
22.83
25.47
26.37
26.11
24.71
21.91
17.61
12.15
6.27
0.84
-3.57
-6.88
-9.49
-12.04
-15.11
-18.89
-23.13
-27.20
-30.45
-32.41
-33.04
-32.60
-31.36
-29.29
-26.04
-21.05
-13.98
-5.09
4.79
14.48
23.05
30.26
36.66
43.23
50.76
59.33
68.12
75.81
81.16
83.63
83.59
82.02
79.97
78.07
76.21
73.72
69.76
63.77
55.75
46.26
36.24
26.76
18.73
12.70
8.83
6.86
6.24
6.27
6.21
5.40
3.44
0.18
-4.17
-9.10
-13.78
-17.33
-19.04
-18.53
-16.03
-12.18
-7.84
-3.75
-0.27
2.61
5.04
7.12
8.74
9.68
9.82
9.22
8.21
7.13
6.10
5.03
3.55
1.36
-1.60
-5.09
-8.71
-12.15
-15.36
-18.52
-21.87
-25.53
-29.32
-32.89
-35.70
-37.19
-36.66
-33.35
-26.53
-15.92
-2.07
13.38
27.92
38.81
44.03
42.92
36.34
26.30
15.13
4.79
-3.53
-9.36
-12.71
-13.73
-12.53
-9.29
-4.45
1.19
6.46
10.09
11.05
8.88
3.88
-3.03
-10.57
-17.50
-22.91
-26.19
-27.11
-25.71
-22.41
-17.95
-13.39
-9.78
-7.84
-7.72
-9.01
-10.94
-12.71
-13.73
-13.67
-12.43
-10.06
-6.67
-2.58
1.68
5.49
8.28
9.67
9.58
8.28
6.36
4.60
3.71
4.16
5.83
8.05
9.81
10.23
8.91
6.14
2.67
-0.65
-3.36
-5.47
-7.40
-9.61
-12.30
-15.33
-18.28
-20.61
-21.91
-21.98
-20.80
-18.57
-15.53
-11.92
-7.97
-3.93
-0.07
3.29
5.83
7.29
7.54
6.60
4.56
1.69
-1.59
-4.70
-6.98
-7.85
-7.05
-4.86
-2.07
0.35
1.58
1.28
-0.30
-2.53
-4.74
-6.52
-7.78
-8.73
-9.68
-10.94
-12.69
-14.90
-17.32
-19.51
-20.88
-20.93
-19.47
-16.74
-13.41
-10.27
-7.99
-6.77
-6.45
-6.59
-6.79
-6.88
-6.91
-7.02
-7.22
-7.30
-6.87
-5.58
-3.32
-0.36
2.73
5.31
6.85
7.16
6.39
4.86
2.99
1.02
-0.97
-3.03
-5.20
-7.47
-9.74
-11.95
-14.10
-16.23
-18.32
-20.10
-21.04
-20.52
-18.07
-13.78
-8.24
-2.42
2.72
6.61
9.10
10.36
10.57
9.82
8.10
5.52
2.46
-0.52
-2.85
-4.25
-4.77
-4.65
-4.16
-3.38
-2.31
-0.94
0.57
2.02
3.23
4.29
5.46
7.03
8.87
10.34
10.36
7.85
2.39
-5.46
-14.04
-21.00
-23.81
-20.36
-9.40
9.23
34.28
62.91
90.83
113.02
125.03
124.38
111.51
89.67
63.70
38.40
17.13
1.32
-9.28
-15.74
-19.28
-20.93
-21.60
-22.09
-23.09
-24.96
-27.65
-30.70
-33.49
-35.50
-36.44
-36.35
-35.55
-34.59
-34.04
-34.35
-35.59
-37.41
-39.14
-40.02
-39.49
-37.36
-33.81
-29.31
-24.48
-19.90
-15.99
-12.95
-10.66
-8.84
-7.16
-5.48
-3.86
-2.55
-1.75
-1.50
-1.60
-1.75
-1.77
-1.65
-1.60
-1.80
-2.36
-3.21
-4.25
-5.41
-6.75
-8.35
-10.22
-12.23
-14.18
-15.89
-17.35
-18.77
-20.39
-22.28
-24.26
-25.82
-26.42
-25.68
-23.58
-20.44
-16.77
-13.01
-9.40
-5.94
-2.60
0.57
3.36
5.45
6.63
6.86
6.32
5.36
4.26
3.20
2.19
1.14
-0.03
-1.28
-2.50
-3.53
-4.31
-4.90
-5.42
-6.05
-6.87
-7.90
-9.11
-10.49
-12.07
-13.85
-15.80
-17.78
-19.54
-20.79
-21.27
-20.76
-19.12
-16.27
-12.35
-7.67
-2.76
1.76
5.42
8.04
9.66
10.51
10.79
10.60
9.96
8.89
7.53
6.12
4.93
4.09
3.56
3.09
2.39
1.27
-0.23
-1.86
-3.25
-4.12
-4.40
-4.31
-4.26
-4.68
-5.84
-7.75
-10.22
-12.89
-15.33
-17.09
-17.71
-16.85
-14.33
-10.28
-5.17
0.25
5.18
8.98
11.37
12.46
12.59
12.07
11.10
9.72
8.00
6.15
4.52
3.46
3.17
3.54
4.20
4.78
5.02
4.89
4.52
3.98
3.25
2.24
0.91
-0.68
-2.45
-4.38
-6.66
-9.51
-13.07
-17.13
-21.17
-24.41
-26.15
-25.96
-23.78
-19.90
-14.83
-9.18
-3.51
1.72
6.16
9.62
12.03
13.39
13.82
13.52
12.81
12.07
11.71
11.95
12.80
14.01
15.21
16.04
16.36
16.23
15.84
15.41
15.05
14.72
14.24
13.36
11.84
9.52
6.41
2.68
-1.38
-5.38
-8.93
-11.60
-12.99
-12.75
-10.72
-7.06
-2.30
2.71
7.09
10.22
11.91
12.39
12.10
11.44
10.59
9.58
8.38
7.04
5.73
4.64
3.90
3.44
3.10
2.72
2.25
1.82
1.61
1.80
2.31
2.89
3.07
2.45
0.79
-1.84
-5.15
-8.70
-11.99
-14.58
-16.03
-15.98
-14.23
-10.85
-6.24
-1.11
3.81
7.98
11.23
13.75
15.87
17.84
19.66
21.11
21.92
21.95
21.32
20.27
19.13
18.07
17.22
16.61
16.33
16.57
17.48
19.12
21.32
23.64
25.56
26.57
26.42
25.12
22.92
20.16
17.15
14.14
11.37
9.16
7.88
7.83
9.13
11.60
14.83
18.33
21.68
24.58
26.88
28.49
29.42
29.79
29.93
30.29
31.31
33.17
35.69
38.32
40.36
41.10
40.02
36.76
31.27
23.75
14.71
5.00
-4.44
-12.71
-19.28
-24.09
-27.56
-30.32
-32.92
-35.64
-38.39
-40.86
-42.64
-43.40
-42.94
-41.24
-38.37
-34.51
-30.02
-25.37
-21.13
-17.86
-15.91
-15.31
-15.80
-16.92
-18.22
-19.38
-20.20
-20.57
-20.40
-19.63
-18.29
-16.57
-14.82
-13.40
-12.56
-12.23
-12.18
-12.06
-11.68
-11.13
-10.72
-10.80
-11.47
-12.52
-13.39
-13.46
-12.21
-9.53
-5.66
-1.17
3.27
7.12
10.02
11.90
12.87
13.25
13.46
13.90
14.87
16.41
18.29
20.10
21.38
21.89
21.64
20.95
20.22
19.85
20.07
20.80
21.58
21.44
18.99
12.85
2.27
-12.13
-28.11
-42.32
-51.36
-53.20
-48.01
-38.19
-27.30
-18.69
-14.19
-13.82
-16.05
-18.77
-20.25
-19.40
-16.10
-10.74
-4.05
3.20
10.39
17.28
24.22
32.14
42.13
54.68
68.77
81.29
87.59
82.94
64.76
34.40
-2.44
-37.19
-61.29
-69.34
-61.12
-41.35
-17.57
2.96
15.76
19.96
17.52
11.40
4.06
-3.18
-9.85
-15.41
-18.98
-19.56
-16.79
-11.48
-5.65
-1.79
-1.74
-5.78
-12.51
-19.46
-24.14
-25.14
-22.56
-17.85
-12.96
-9.45
-7.90
-7.87
-8.42
-8.67
-8.32
-7.72
-7.57
-8.51
-10.84
-14.41
-18.69
-23.03
-26.80
-29.47
-30.73
-30.44
-28.60
-25.39
-21.05
-15.88
-10.23
-4.46
1.05
5.99
10.12
13.38
15.90
18.03
20.10
22.40
24.89
27.24
28.84
29.09
27.62
24.46
20.10
15.33
10.97
7.52
5.12
3.44
1.92
0.07
-2.32
-5.06
-7.73
-9.78
-10.84
-10.83
-9.99
-8.79
-7.74
-7.24
-7.40
-8.07
-8.87
-9.33
-9.04
-7.81
-5.66
-2.82
0.38
3.64
6.76
9.58
12.08
14.24
15.97
17.18
17.73
17.54
16.68
15.32
13.76
12.24
10.89
9.70
8.59
7.54
6.50
5.46
4.31
2.88
1.07
-1.06
-3.26
-5.24
-6.87
-8.28
-9.80
-11.77
-14.30
-17.27
-20.41
-23.50
-26.40
-29.05
-31.21
-32.41
-32.06
-29.74
-25.55
-20.18
-14.73
-10.24
-7.35
-6.07
-5.86
-6.01
-5.93
-5.31
-4.18
-2.75
-1.29
-0.02
0.86
1.28
1.25
0.90
0.45
0.08
-0.19
-0.46
-0.93
-1.81
-3.17
-4.94
-7.04
-9.37
-11.89
-14.56
-17.32
-20.05
-22.68
-25.30
-27.99
-30.81
-33.60
-35.93
-37.16
-36.75
-34.48
-30.62
-25.78
-20.69
-15.88
-11.55
-7.58
-3.78
-0.08
3.39
6.35
8.53
9.81
10.31
10.33
10.17
10.07
10.14
10.36
10.66
11.02
11.41
11.80
12.12
12.25
12.04
11.35
10.03
7.94
4.99
1.19
-3.21
-7.77
-11.94
-15.30
-17.71
-19.32
-20.38
-20.93
-20.70
-19.24
-16.26
-12.02
-7.35
-3.42
-1.25
-1.25
-2.98
-5.49
-7.53
-8.20
-7.41
-5.52
-3.15
-0.91
0.80
1.95
2.76
3.73
5.25
7.31
9.64
11.80
13.29
13.83
13.71
13.77
15.52
20.42
28.87
40.36
53.32
64.84
71.21
68.97
56.11
33.81
5.98
-22.45
-45.32
-57.06
-55.22
-41.37
-20.53
0.58
17.12
26.31
26.00
17.87
6.61
-3.16
-8.43
-8.25
-3.67
5.16
17.09
26.96
31.73
31.52
27.48
22.03
18.80
22.09
38.47
71.65
116.37
165.54
212.37
249.55
271.63
276.66
249.50
186.31
119.39
63.26
15.05
-25.24
-57.89
-83.27
-101.84
-114.28
-118.77
-114.43
-106.09
-96.84
-87.01
-77.42
-69.22
-63.51
-60.87
-58.84
-54.72
-49.63
-43.55
-35.21
-24.96
-14.70
-7.16
-4.89
-7.85
-14.57
-24.58
-35.64
-44.21
-47.86
-45.66
-38.16
-26.98
-13.73
-0.23
10.70
17.29
19.07
16.17
9.06
-1.41
-14.05
-26.97
-38.02
-45.46
-47.87
-44.64
-36.42
-24.93
-12.23
-0.02
10.69
19.59
26.65
31.77
34.71
35.28
33.67
30.49
26.53
22.35
18.13
13.72
9.04
4.37
0.38
-2.09
-2.46
-0.73
2.55
6.37
9.68
11.63
11.85
10.51
8.29
6.03
4.51
4.21
5.25
7.60
11.26
16.29
22.60
29.67
36.49
41.81
44.77
45.29
44.17
42.66
41.81
41.89
42.36
42.26
40.75
37.65
33.41
28.93
25.13
22.61
21.52
21.54
22.14
22.66
22.54
21.40
19.04
15.48
10.80
5.14
-1.35
-8.50
-16.22
-24.39
-32.85
-41.17
-48.62
-54.17
-56.87
-56.26
-52.79
-47.81
-43.13
-40.27
-39.85
-41.46
-43.94
-46.01
-46.65
-45.23
-41.56
-35.90
-29.17
-23.09
-19.62
-20.08
-24.15
-29.52
-32.69
-30.50
-21.93
-8.87
4.62
14.17
17.18
13.84
6.84
-0.14
-4.01
-3.14
2.60
12.47
25.34
39.89
54.47
67.02
75.27
77.20
71.78
59.34
41.65
21.58
2.36
-13.27
-23.75
-28.97
-30.10
-28.84
-26.63
-24.11
-21.27
-17.90
-14.20
-10.90
-9.03
-9.30
-11.81
-16.07
-21.28
-26.61
-31.27
-34.54
-35.84
-35.03
-32.67
-29.99
-28.43
-28.93
-31.37
-34.52
-36.63
-36.19
-32.69
-26.68
-19.36
-11.99
-5.35
0.35
5.24
9.49
13.02
15.54
16.74
16.54
15.27
13.62
12.34
11.95
12.57
13.97
15.69
17.32
18.65
19.62
20.26
20.53
20.21
18.99
16.47
12.36
6.58
-0.52
-8.21
-15.43
-21.13
-24.47
-25.22
-23.71
-20.65
-16.89
-13.02
-9.24
-5.49
-1.66
2.23
5.86
8.78
10.53
10.92
10.05
8.34
6.33
4.45
2.90
1.61
0.39
-0.84
-1.99
-2.81
-3.08
-2.78
-2.12
-1.55
-1.51
-2.32
-4.09
-6.69
-9.80
-12.97
-15.61
-17.03
-16.69
-14.35
-10.25
-5.13
0.00
4.22
6.91
7.91
7.40
5.76
3.40
0.67
-2.19
-5.01
-7.69
-10.10
-12.01
-13.06
-12.92
-11.50
-9.05
-6.19
-3.52
-1.33
0.68
3.18
6.78
11.55
16.80
21.41
24.34
25.13
24.07
21.95
19.65
17.80
16.61
16.11
16.33
17.42
19.61
23.07
27.76
33.34
39.26
44.82
49.26
51.91
52.29
50.30
46.19
40.57
34.19
27.70
21.53
15.83
10.65
6.09
2.38
-0.16
-1.28
-0.99
0.46
2.61
4.96
7.09
8.61
9.22
8.58
6.51
3.05
-1.39
-6.07
-10.11
-12.86
-14.18
-14.49
-14.58
-15.13
-16.40
-18.13
-19.72
-20.70
-20.97
-20.93
-21.12
-21.97
-23.44
-25.13
-26.44
-26.97
-26.61
-25.52
-23.98
-22.18
-20.24
-18.23
-16.37
-14.92
-14.19
-14.36
-15.40
-17.09
-19.17
-21.44
-23.76
-26.04
-28.16
-29.83
-30.72
-30.53
-29.10
-26.52
-23.01
-18.86
-14.33
-9.62
-4.96
-0.58
3.22
6.14
8.00
8.76
8.56
7.65
6.41
5.21
4.43
4.38
5.22
6.94
9.26
11.79
14.10
15.88
17.11
17.90
18.42
18.65
18.27
16.75
13.64
8.76
2.39
-4.76
-11.86
-18.12
-23.01
-26.19
-27.52
-26.92
-24.40
-20.19
-14.77
-8.91
-3.45
0.90
3.80
5.32
5.88
5.95
5.93
5.93
5.87
5.54
4.84
3.83
2.74
1.89
1.51
1.61
2.01
2.42
2.57
2.43
2.09
1.74
1.47
1.15
0.42
-1.09
-3.59
-6.86
-10.25
-12.92
-14.08
-13.38
-11.00
-7.61
-4.04
-0.94
1.38
3.06
4.46
5.92
7.56
9.21
10.53
11.18
11.00
10.09
8.72
7.17
5.56
3.88
2.00
-0.13
-2.45
-4.73
-6.72
-8.28
-9.47
-10.49
-11.55
-12.75
-14.03
-15.27
-16.41
-17.52
-18.72
-20.12
-21.59
-22.75
-23.09
-22.12
-19.62
-15.75
-11.01
-6.11
-1.68
1.84
4.37
6.05
7.15
7.91
8.48
8.93
9.28
9.59
9.96
10.38
10.84
11.26
11.60
11.87
12.08
12.20
12.00
11.27
9.87
7.85
5.53
3.28
1.24
-0.72
-3.03
-6.17
-10.30
-15.18
-20.15
-24.40
-27.30
-28.52
-28.10
-26.30
-23.51
-20.14
-16.63
-13.34
-10.53
-8.23
-6.26
-4.29
-2.11
0.21
2.37
3.97
4.84
5.14
5.34
5.87
6.92
8.27
9.48
10.18
10.28
10.06
9.94
10.21
10.82
11.47
11.70
11.15
9.68
7.38
4.46
1.20
-2.10
-5.12
-7.48
-8.82
-8.85
-7.47
-4.85
-1.37
2.48
6.22
9.57
12.42
14.81
16.75
18.09
18.67
18.39
17.41
16.17
15.29
15.20
15.95
17.09
17.94
17.90
16.73
14.69
12.30
10.07
8.18
6.42
4.32
1.44
-2.47
-7.30
-12.62
-17.82
-22.30
-25.63
-27.68
-28.56
-28.55
-27.87
-26.63
-24.73
-21.92
-17.88
-12.28
-4.80
4.82
16.61
29.99
43.57
55.18
62.60
64.38
60.59
52.73
43.16
34.06
26.85
22.19
20.49
22.38
28.57
39.07
52.36
65.04
72.67
71.36
59.50
38.61
13.17
-10.70
-26.95
-31.12
-21.49
0.35
29.74
59.96
83.99
96.50
95.41
82.37
61.98
39.92
21.13
8.44
2.41
1.92
5.11
10.16
15.50
19.85
22.10
21.51
17.86
11.69
4.20
-3.02
-8.52
-11.38
-11.52
-9.71
-7.32
-5.81
-6.25
-9.00
-13.56
-18.91
-23.98
-28.04
-30.98
-33.10
-34.85
-36.40
-37.60
-38.02
-37.20
-34.87
-30.99
-25.78
-19.60
-12.94
-6.28
-0.13
5.12
9.14
11.77
12.98
12.91
11.92
10.53
9.36
8.85
9.05
9.49
9.32
7.78
4.50
-0.28
-5.80
-11.18
-15.77
-19.27
-21.80
-23.65
-25.08
-26.19
-26.93
-27.21
-26.98
-26.27
-25.18
-23.78
-22.09
-19.96
-17.26
-13.88
-9.86
-5.40
-0.83
3.47
7.16
9.94
11.69
12.33
11.90
10.50
8.31
5.53
2.45
-0.63
-3.42
-5.70
-7.43
-8.78
-10.11
-11.77
-13.98
-16.72
-19.81
-23.06
-26.39
-29.76
-33.13
-36.17
-38.30
-38.85
-37.32
-33.69
-28.49
-22.61
-16.97
-12.23
-8.58
-5.82
-3.51
-1.22
1.32
4.10
6.92
9.45
11.41
12.68
13.23
13.14
12.49
11.22
9.24
6.46
2.94
-1.08
-5.11
-8.63
-11.24
-12.82
-13.53
-13.76
-13.95
-14.52
-15.71
-17.63
-20.25
-23.36
-26.55
-29.18
-30.49
-29.86
-27.09
-22.52
-16.97
-11.38
-6.40
-2.20
1.52
5.25
9.20
13.20
16.67
19.04
20.01
19.74
18.67
17.27
15.84
14.38
12.83
11.14
9.38
7.65
5.98
4.27
2.36
0.19
-2.16
-4.48
-6.64
-8.75
-11.19
-14.43
-18.72
-23.82
-28.97
-33.11
-35.26
-34.86
-31.93
-27.05
-21.01
-14.55
-8.19
-2.23
3.15
7.86
11.81
15.03
17.65
19.76
21.31
22.09
21.83
20.41
17.99
15.09
12.39
10.49
9.63
9.59
9.86
9.81
9.02
7.35
4.99
2.34
-0.25
-2.57
-4.65
-6.67
-8.96
-11.83
-15.51
-20.03
-25.07
-29.91
-33.51
-34.79
-33.04
-28.26
-21.21
-13.12
-5.33
1.30
6.45
10.30
13.24
15.53
17.21
18.14
18.24
17.55
16.31
14.90
13.61
12.61
11.88
11.19
10.23
8.66
6.28
3.12
-0.50
-4.09
-7.11
-9.19
-10.30
-10.70
-10.88
-11.33
-12.37
-14.07
-16.16
-18.15
-19.44
-19.42
-17.73
-14.35
-9.70
-4.55
0.18
3.79
6.01
7.14
7.85
8.93
10.85
13.57
16.60
19.17
20.66
20.81
19.85
18.30
16.69
15.24
13.86
12.22
10.06
7.37
4.47
1.79
-0.30
-1.72
-2.61
-3.25
-3.89
-4.73
-5.94
-7.75
-10.44
-14.18
-18.94
-24.27
-29.34
-33.14
-34.77
-33.64
-29.63
-23.14
-15.02
-6.34
1.77
8.41
13.14
16.04
17.67
18.79
20.05
21.66
23.36
24.55
24.63
23.33
20.89
17.95
15.21
13.21
12.07
11.61
11.42
11.18
10.70
9.86
8.60
6.78
4.28
1.12
-2.52
-6.33
-10.03
-13.54
-17.01
-20.69
-24.65
-28.65
-32.07
-34.12
-34.11
-31.65
-26.80
-20.00
-11.94
-3.45
4.73
11.95
17.86
22.34
25.54
27.77
29.41
30.72
31.79
32.48
32.61
32.07
31.00
29.83
29.17
29.59
31.38
34.39
38.06
41.47
43.64
43.66
40.88
35.02
26.21
15.09
2.64
-9.92
-21.44
-31.19
-38.93
-44.97
-49.90
-54.25
-58.10
-61.03
-62.24
-60.95
-56.83
-50.21
-41.95
-33.06
-24.35
-16.21
-8.70
-1.78
4.50
9.92
14.14
16.94
18.33
18.51
17.90
16.89
15.84
14.94
14.21
13.60
13.03
12.47
11.94
11.52
11.21
10.83
10.07
8.60
6.19
2.97
-0.68
-4.20
-7.10
-9.25
-10.94
-12.77
-15.35
-18.97
-23.33
-27.51
-30.28
-30.61
-28.10
-23.14
-16.68
-9.85
-3.49
1.96
6.46
10.16
13.18
15.62
17.61
19.31
20.90
22.43
23.81
24.78
25.12
24.72
23.64
22.10
20.36
18.64
17.19
16.15
15.54
15.20
14.73
13.68
11.66
8.63
4.85
0.91
-2.68
-5.68
-8.21
-10.70
-13.66
-17.39
-21.89
-26.82
-31.55
-35.33
-37.43
-37.26
-34.53
-29.37
-22.28
-14.15
-6.00
1.23
7.00
11.17
14.05
16.12
17.86
19.50
21.00
22.07
22.41
21.89
20.68
19.25
18.10
17.54
17.51
17.65
17.50
16.77
15.46
13.75
11.90
10.03
8.20
6.40
4.74
3.36
2.24
1.07
-0.76
-3.87
-8.64
-14.81
-21.50
-27.36
-30.98
-31.33
-28.10
-21.83
-13.79
-5.59
1.29
5.94
8.23
8.73
8.37
7.95
7.87
8.05
8.12
7.82
7.08
6.12
5.14
4.23
3.24
1.89
0.00
-2.30
-4.67
-6.67
-8.03
-8.84
-9.45
-10.27
-11.57
-13.35
-15.42
-17.61
-19.82
-22.07
-24.36
-26.49
-28.03
-28.30
-26.62
-22.65
-16.56
-9.08
-1.28
5.81
11.54
15.79
18.79
20.90
22.34
23.10
23.12
22.45
21.34
20.21
19.38
18.91
18.64
18.33
17.86
17.36
17.05
17.06
17.22
17.14
16.34
14.55
11.87
8.68
5.43
2.32
-0.85
-4.52
-9.04
-14.33
-19.69
-24.00
-26.12
-25.35
-21.78
-16.14
-9.57
-3.18
2.32
6.61
9.63
11.39
11.87
11.05
9.16
6.69
4.28
2.52
1.70
1.70
2.15
2.67
2.99
3.02
2.69
1.85
0.34
-1.84
-4.44
-6.97
-9.00
-10.38
-11.49
-13.01
-15.61
-19.62
-24.74
-30.29
-35.29
-38.90
-40.52
-39.87
-36.91
-31.84
-25.07
-17.32
-9.41
-2.12
4.00
8.79
12.44
15.30
17.70
19.81
21.63
23.06
23.96
24.23
23.81
22.74
21.11
19.06
16.80
14.50
12.33
10.41
8.88
7.82
7.19
6.72
5.96
4.48
2.06
-1.21
-5.06
-9.30
-13.94
-19.09
-24.65
-29.98
-33.88
-35.03
-32.59
-26.65
-18.25
-8.99
-0.45
6.45
11.43
14.82
17.16
18.99
20.74
22.61
24.65
26.69
28.33
29.04
28.46
26.57
23.79
20.84
18.38
16.72
15.71
14.90
13.87
12.40
10.56
8.41
5.85
2.54
-1.85
-7.36
-13.61
-19.87
-25.44
-30.00
-33.60
-36.49
-38.72
-39.96
-39.57
-37.00
-32.07
-25.21
-17.30
-9.31
-1.92
4.57
10.28
15.43
20.13
24.26
27.57
29.79
30.87
30.99
30.45
29.51
28.25
26.64
24.62
22.31
19.98
17.95
16.35
15.08
13.77
12.02
9.66
6.77
3.70
0.77
-1.83
-4.22
-6.72
-9.69
-13.41
-17.93
-23.01
-28.12
-32.44
-35.00
-34.98
-31.96
-26.19
-18.59
-10.46
-3.05
2.85
7.14
10.25
12.83
15.45
18.25
21.10
23.64
25.56
26.60
26.57
25.39
23.11
19.99
16.49
13.17
10.54
8.91
8.30
8.49
9.08
9.61
9.67
8.93
7.28
4.76
1.59
-2.01
-5.82
-9.77
-13.89
-18.16
-22.39
-26.12
-28.72
-29.53
-28.18
-24.67
-19.43
-13.28
-7.09
-1.61
2.82
6.26
9.06
11.60
14.04
16.28
18.02
19.02
19.19
18.76
18.07
17.42
16.91
16.41
15.72
14.70
13.38
11.91
10.45
9.02
7.54
5.92
4.16
2.36
0.59
-1.11
-2.90
-5.01
-7.64
-10.89
-14.66
-18.63
-22.27
-24.92
-25.89
-24.79
-21.60
-16.86
-11.49
-6.43
-2.32
0.73
3.10
5.35
7.85
10.64
13.38
15.57
16.79
16.91
16.12
14.79
13.30
11.87
10.49
9.06
7.53
6.01
4.80
4.09
3.92
3.94
3.62
2.47
0.30
-2.67
-5.97
-9.15
-12.01
-14.65
-17.33
-20.11
-22.72
-24.57
-24.93
-23.30
-19.62
-14.32
-8.18
-2.11
3.19
7.30
10.16
11.97
13.11
13.90
14.55
15.05
15.30
15.16
14.57
13.54
12.19
10.61
8.87
7.03
5.18
3.45
2.00
0.88
0.04
-0.70
-1.61
-2.88
-4.61
-6.82
-9.41
-12.28
-15.25
-18.11
-20.59
-22.39
-23.25
-23.00
-21.62
-19.32
-16.40
-13.23
-10.02
-6.75
-3.28
0.55
4.62
8.54
11.70
13.55
13.93
13.09
11.59
9.98
8.58
7.34
6.01
4.38
2.50
0.65
-0.82
-1.70
-2.11
-2.37
-2.77
-3.46
-4.35
-5.25
-6.07
-6.94
-8.18
-10.13
-12.88
-16.21
-19.61
-22.49
-24.44
-25.26
-24.94
-23.59
-21.28
-18.11
-14.20
-9.84
-5.41
-1.32
2.14
4.89
7.08
8.88
10.41
11.59
12.20
12.02
10.96
9.17
6.94
4.65
2.69
1.38
0.87
1.12
1.79
2.34
2.21
1.09
-0.93
-3.41
-5.74
-7.56
-8.87
-10.08
-11.74
-14.31
-17.85
-21.98
-26.00
-29.13
-30.76
-30.61
-28.80
-25.71
-21.76
-17.24
-12.25
-6.85
-1.22
4.22
8.89
12.30
14.34
15.34
15.91
16.59
17.58
18.68
19.49
19.67
19.15
18.14
17.08
16.28
15.92
15.86
15.85
15.60
14.91
13.80
12.36
10.73
8.86
6.56
3.38
-1.05
-6.81
-13.46
-20.05
-25.38
-28.41
-28.59
-26.09
-21.69
-16.40
-11.11
-6.27
-1.81
2.59
7.15
11.75
15.88
18.83
20.08
19.51
17.45
14.50
11.20
7.87
4.56
1.34
-1.70
-4.34
-6.41
-7.97
-9.24
-10.45
-11.71
-12.90
-13.83
-14.50
-15.21
-16.46
-18.73
-22.02
-25.87
-29.36
-31.57
-31.96
-30.54
-27.74
-24.20
-20.36
-16.40
-12.37
-8.34
-4.55
-1.38
0.84
2.04
2.42
2.37
2.21
2.03
1.68
0.94
-0.25
-1.75
-3.20
-4.34
-5.09
-5.63
-6.24
-7.10
-8.24
-9.49
-10.66
-11.72
-12.84
-14.38
-16.69
-19.93
-23.97
-28.43
-32.66
-35.98
-37.74
-37.52
-35.17
-30.92
-25.38
-19.31
-13.47
-8.32
-3.92
-0.02
3.80
7.87
12.17
16.35
19.83
22.02
22.61
21.73
19.88
17.81
16.17
15.24
14.84
14.46
13.49
11.53
8.58
5.05
1.58
-1.25
-3.06
-3.88
-4.14
-4.55
-5.87
-8.63
-12.97
-18.48
-24.29
-29.26
-32.27
-32.51
-29.76
-24.34
-17.12
-9.25
-1.82
4.40
9.10
12.49
14.98
16.99
18.82
20.53
22.01
23.14
23.81
23.99
23.63
22.81
21.61
20.19
18.74
17.38
16.10
14.81
13.35
11.62
9.63
7.46
5.22
2.98
0.81
-1.30
-3.49
-6.06
-9.42
-13.90
-19.47
-25.51
-30.91
-34.34
-34.79
-31.93
-26.25
-18.88
-11.12
-4.05
1.78
6.33
9.92
13.00
15.84
18.59
21.18
23.41
25.14
26.19
26.44
25.78
24.20
21.85
19.07
16.33
14.11
12.61
11.77
11.24
10.61
9.65
8.27
6.53
4.44
1.84
-1.59
-6.14
-11.78
-17.98
-23.77
-27.99
-29.68
-28.42
-24.44
-18.49
-11.60
-4.65
1.75
7.35
12.09
16.01
19.13
21.49
23.10
23.97
24.13
23.63
22.61
21.26
19.83
18.51
17.31
16.12
14.71
12.93
10.80
8.58
6.54
4.84
3.41
1.93
-0.01
-2.78
-6.56
-11.31
-16.76
-22.42
-27.60
-31.42
-33.06
-31.89
-27.81
-21.30
-13.34
-5.13
2.38
8.63
13.55
17.39
20.48
23.04
25.15
26.76
27.84
28.36
28.33
27.73
26.49
24.59
22.04
18.97
15.61
12.20
9.06
6.35
4.20
2.60
1.41
0.37
-0.92
-2.91
-6.05
-10.57
-16.41
-23.03
-29.52
-34.80
-37.88
-38.23
-35.86
-31.25
-25.11
-18.11
-10.76
-3.44
3.59
10.01
15.55
20.05
23.47
25.93
27.49
28.16
27.82
26.44
24.11
21.17
18.08
15.25
12.87
10.92
9.28
7.84
6.66
5.80
5.21
4.65
3.72
2.05
-0.61
-4.32
-9.08
-14.86
-21.48
-28.43
-34.74
-39.13
-40.36
-37.85
-31.92
-23.78
-14.99
-6.87
-0.09
5.36
9.83
13.71
17.17
20.14
22.47
24.06
24.83
24.86
24.29
23.26
21.95
20.44
18.76
16.92
14.90
12.76
10.66
8.82
7.37
6.35
5.56
4.66
3.25
0.97
-2.41
-6.94
-12.51
-18.79
-25.20
-30.93
-34.98
-36.35
-34.45
-29.34
-21.81
-13.13
-4.64
2.77
8.81
13.69
17.78
21.25
23.95
25.57
25.84
24.84
22.92
20.62
18.43
16.57
14.98
13.46
11.79
9.83
7.63
5.36
3.20
1.28
-0.47
-2.22
-4.16
-6.48
-9.36
-12.94
-17.43
-22.93
-29.31
-36.02
-42.09
-46.31
-47.58
-45.31
-39.68
-31.53
-22.12
-12.71
-4.20
3.00
8.88
13.66
17.54
20.70
23.19
25.09
26.48
27.48
28.20
28.64
28.67
28.06
26.60
24.14
20.78
16.78
12.54
8.44
4.75
1.57
-1.10
-3.35
-5.28
-7.03
-8.85
-11.09
-14.14
-18.22
-23.19
-28.47
-33.17
-36.33
-37.25
-35.66
-31.76
-26.12
-19.45
-12.48
-5.83
0.07
5.01
9.00
12.30
15.25
18.21
21.41
24.80
28.14
30.97
32.87
33.48
32.66
30.58
27.68
24.55
21.78
19.77
18.58
18.05
17.87
17.74
17.39
16.55
14.93
12.13
7.91
2.30
-4.19
-10.63
-15.87
-18.96
-19.40
-17.25
-13.04
-7.50
-1.32
5.00
11.16
16.98
22.35
27.08
30.94
33.69
35.13
35.18
33.95
31.75
28.98
26.08
23.32
20.80
18.43
16.07
13.63
11.10
8.58
6.23
4.17
2.46
1.10
-0.08
-1.30
-2.92
-5.35
-8.88
-13.50
-18.70
-23.54
-26.86
-27.70
-25.65
-21.03
-14.72
-7.76
-1.03
4.97
10.11
14.42
17.95
20.61
22.27
22.85
22.39
21.08
19.18
16.95
14.65
12.41
10.37
8.56
6.93
5.41
3.89
2.33
0.72
-0.91
-2.62
-4.51
-6.77
-9.57
-12.98
-16.97
-21.27
-25.44
-28.82
-30.71
-30.53
-28.03
-23.40
-17.25
-10.47
-3.88
1.99
7.02
11.35
15.17
18.52
21.28
23.35
24.71
25.51
25.99
26.30
26.44
26.25
25.48
24.00
21.86
19.23
16.40
13.69
11.34
9.49
8.19
7.24
6.21
4.57
1.91
-1.83
-6.25
-10.64
-14.23
-16.44
-17.03
-16.04
-13.71
-10.33
-6.25
-1.80
2.67
6.86
10.54
13.58
15.92
17.54
18.42
18.56
18.08
17.21
16.26
15.50
14.95
14.43
13.58
12.12
10.04
7.70
5.58
4.09
3.31
2.89
2.28
0.93
-1.47
-4.93
-9.27
-14.12
-19.08
-23.61
-27.17
-29.26
-29.59
-28.21
-25.47
-21.82
-17.64
-13.14
-8.41
-3.56
1.17
5.42
8.87
11.32
12.77
13.41
13.51
13.32
13.01
12.58
11.87
10.62
8.66
5.99
2.89
-0.14
-2.54
-3.98
-4.50
-4.58
-4.97
-6.31
-8.93
-12.67
-16.94
-20.89
-23.65
-24.54
-23.28
-20.05
-15.45
-10.35
-5.61
-1.81
0.96
3.00
4.77
6.58
8.38
9.86
10.62
10.48
9.56
8.24
6.90
5.75
4.74
3.67
2.41
0.97
-0.43
-1.51
-2.16
-2.45
-2.67
-3.20
-4.33
-6.24
-8.86
-11.98
-15.23
-18.22
-20.54
-21.84
-21.87
-20.53
-17.91
-14.32
-10.21
-6.12
-2.54
0.19
1.92
2.72
2.92
2.89
3.02
3.52
4.32
5.15
5.60
5.34
4.24
2.45
0.31
-1.81
-3.60
-4.97
-5.92
-6.54
-6.92
-7.18
-7.50
-8.14
-9.35
-11.24
-13.65
-16.11
-18.07
-19.04
-18.82
-17.53
-15.50
-13.12
-10.69
-8.38
-6.28
-4.39
-2.71
-1.14
0.39
1.92
3.36
4.51
5.22
5.49
5.50
5.52
5.76
6.11
6.25
5.80
4.54
2.64
0.58
-1.13
-2.21
-2.76
-3.10
-3.55
-4.25
-5.18
-6.29
-7.64
-9.40
-11.62
-14.07
-16.05
-16.74
-15.54
-12.51
-8.38
-4.31
-1.29
0.25
0.59
0.42
0.46
0.95
1.74
2.40
2.55
2.05
1.10
-0.03
-1.09
-2.01
-2.84
-3.68
-4.58
-5.51
-6.40
-7.14
-7.70
-8.09
-8.41
-8.87
-9.72
-11.19
-13.29
-15.81
-18.26
-20.05
-20.67
-19.94
-17.99
-15.25
-12.26
-9.44
-6.96
-4.82
-2.82
-0.83
1.23
3.31
5.29
7.02
8.31
8.97
8.84
7.92
6.33
4.33
2.26
0.38
-1.15
-2.30
-3.08
-3.54
-3.73
-3.73
-3.71
-3.89
-4.47
-5.62
-7.41
-9.82
-12.68
-15.76
-18.69
-21.07
-22.48
-22.63
-21.37
-18.82
-15.33
-11.38
-7.54
-4.22
-1.64
0.29
1.85
3.37
5.03
6.72
8.15
8.95
8.91
8.07
6.72
5.29
4.11
3.45
3.28
3.45
3.68
3.75
3.50
2.90
2.03
0.94
-0.33
-1.77
-3.36
-5.09
-6.91
-8.78
-10.76
-12.96
-15.58
-18.74
-22.36
-26.07
-29.35
-31.60
-32.37
-31.49
-29.08
-25.55
-21.47
-17.39
-13.73
-10.74
-8.48
-6.81
-5.54
-4.41
-3.21
-1.79
-0.14
1.59
3.18
4.35
4.92
4.84
4.25
3.40
2.59
2.06
1.87
1.97
2.17
2.30
2.26
2.01
1.60
1.03
0.25
-0.86
-2.36
-4.17
-6.11
-7.96
-9.70
-11.58
-14.05
-17.42
-21.66
-26.11
-29.81
-31.75
-31.36
-28.67
-24.25
-18.91
-13.35
-8.10
-3.41
0.49
3.52
5.73
7.31
8.63
9.98
11.48
12.90
13.82
13.83
12.80
10.94
8.73
6.80
5.65
5.50
6.19
7.31
8.25
8.37
7.35
5.16
2.14
-1.20
-4.36
-7.08
-9.38
-11.49
-13.81
-16.68
-20.34
-24.69
-29.26
-33.23
-35.63
-35.67
-33.00
-27.91
-21.15
-13.74
-6.60
-0.40
4.60
8.46
11.52
14.22
16.93
19.77
22.56
24.91
26.41
26.84
26.29
25.04
23.40
21.57
19.67
17.82
16.23
15.22
14.93
15.31
15.91
16.09
15.22
12.98
9.49
5.22
0.86
-3.01
-6.09
-8.46
-10.61
-13.27
-17.11
-22.36
-28.62
-34.82
-39.59
-41.70
-40.54
-36.25
-29.66
-21.89
-14.01
-6.83
-0.77
4.04
7.69
10.47
12.78
15.01
17.40
19.92
22.29
24.09
24.99
24.87
23.87
22.31
20.59
19.03
17.92
17.44
17.74
18.83
20.46
22.15
23.25
23.12
21.48
18.47
14.62
10.55
6.65
2.94
-0.83
-4.95
-9.56
-14.56
-19.73
-24.79
-29.45
-33.34
-35.98
-36.77
-35.18
-31.07
-24.79
-17.23
-9.50
-2.61
2.86
6.78
9.47
11.38
12.98
14.60
16.37
18.25
20.00
21.30
21.79
21.26
19.69
17.38
14.80
12.40
10.46
9.04
8.05
7.37
6.83
6.23
5.28
3.60
0.86
-3.01
-7.83
-13.07
-18.24
-23.06
-27.66
-32.38
-37.51
-42.88
-47.73
-50.86
-51.05
-47.59
-40.55
-30.77
-19.57
-8.38
1.76
10.35
17.38
23.09
27.75
31.42
34.00
35.38
35.64
35.05
34.01
32.82
31.50
29.85
27.60
24.73
21.59
18.81
16.97
16.24
16.17
15.95
14.74
12.05
7.93
2.73
-3.19
-9.68
-16.82
-24.66
-32.83
-40.42
-46.09
-48.55
-46.97
-41.42
-32.76
-22.45
-11.92
-2.26
6.09
13.27
19.81
26.25
32.86
39.55
45.93
51.54
56.07
59.50
62.02
63.90
65.30
66.22
66.57
66.21
65.08
63.21
60.58
57.13
52.68
47.01
39.91
31.32
21.37
10.42
-0.96
-12.04
-21.99
-30.05
-35.60
-38.21
-37.67
-33.99
-27.52
-19.01
-9.49
-0.16
7.95
14.25
18.73
21.85
24.15
26.05
27.65
28.80
29.34
29.27
28.87
28.48
28.37
28.48
28.62
28.57
28.30
28.11
28.39
29.39
30.94
32.32
32.50
30.52
25.87
18.63
9.50
-0.52
-10.23
-18.45
-24.11
-26.41
-25.06
-20.36
-13.22
-4.93
3.17
10.05
15.09
18.12
19.29
18.85
17.26
15.01
12.67
10.76
9.62
9.24
9.35
9.48
9.17
8.02
5.97
3.18
0.10
-2.67
-4.57
-5.33
-5.12
-4.56
-4.47
-5.60
-8.37
-12.72
-18.22
-24.19
-29.88
-34.52
-37.38
-37.90
-35.92
-31.75
-26.18
-20.17
-14.56
-9.72
-5.63
-2.04
1.27
4.26
6.69
8.24
8.70
8.02
6.33
3.86
0.90
-2.25
-5.33
-8.16
-10.67
-12.92
-14.98
-16.82
-18.36
-19.40
-19.85
-19.79
-19.50
-19.50
-20.29
-22.17
-25.08
-28.41
-31.25
-32.59
-31.75
-28.50
-23.15
-16.30
-8.69
-1.01
6.21
12.48
17.45
20.99
23.15
24.22
24.58
24.56
24.36
24.00
23.41
22.53
21.30
19.65
17.54
15.01
12.26
9.67
7.67
6.52
6.15
6.09
5.63
4.08
1.07
-3.31
-8.48
-13.54
-17.48
-19.48
-19.12
-16.47
-12.10
-6.84
-1.63
2.84
6.23
8.62
10.37
11.95
13.67
15.59
17.48
19.03
19.98
20.24
19.86
18.96
17.60
15.78
13.45
10.62
7.44
4.11
0.91
-1.91
-4.10
-5.57
-6.33
-6.60
-6.82
-7.55
-9.28
-12.29
-16.36
-20.82
-24.72
-27.13
-27.47
-25.70
-22.23
-17.71
-12.75
-7.81
-3.16
1.01
4.56
7.36
9.36
10.72
11.68
12.52
13.33
13.98
14.23
13.80
12.66
11.00
9.21
7.71
6.84
6.71
7.19
7.98
8.73
9.16
9.03
8.23
6.67
4.36
1.43
-1.83
-4.94
-7.41
-8.98
-9.80
-10.39
-11.46
-13.64
-17.12
-21.61
-26.47
-30.94
-34.33
-36.11
-36.00
-33.93
-30.10
-24.94
-19.17
-13.54
-8.74
-5.07
-2.46
-0.51
1.29
3.31
5.74
8.44
11.13
13.45
15.09
15.85
15.68
14.73
13.32
11.87
10.82
10.54
11.14
12.44
13.97
15.18
15.61
15.08
13.72
11.92
10.09
8.49
7.12
5.77
4.10
1.88
-0.95
-4.29
-7.87
-11.34
-14.47
-17.15
-19.52
-21.95
-24.76
-28.04
-31.44
-34.28
-35.66
-34.90
-31.79
-26.74
-20.63
-14.46
-9.02
-4.72
-1.49
0.95
2.92
4.58
5.92
6.85
7.31
7.34
7.05
6.63
6.19
5.81
5.59
5.68
6.25
7.40
9.04
10.83
12.37
13.25
13.31
12.62
11.44
10.03
8.54
6.94
5.11
2.93
0.44
-2.20
-4.74
-6.92
-8.54
-9.53
-10.02
-10.38
-11.12
-12.79
-15.74
-19.92
-24.78
-29.39
-32.75
-34.14
-33.29
-30.48
-26.36
-21.58
-16.70
-12.05
-7.78
-3.99
-0.78
1.82
3.82
5.37
6.66
7.83
8.84
9.51
9.68
9.34
8.69
8.03
7.54
7.15
6.60
5.59
4.11
2.40
0.92
-0.02
-0.43
-0.65
-1.12
-2.11
-3.58
-5.16
-6.44
-7.20
-7.55
-7.89
-8.78
-10.76
-14.03
-18.34
-22.94
-26.77
-28.87
-28.71
-26.40
-22.58
-18.12
-13.72
-9.69
-6.03
-2.64
0.48
3.20
5.35
6.94
8.22
9.50
10.99
12.62
14.01
14.75
14.53
13.30
11.32
9.00
6.75
4.87
3.45
2.43
1.62
0.88
0.13
-0.52
-0.83
-0.53
0.50
2.09
3.75
4.86
4.86
3.50
0.83
-2.74
-6.65
-10.26
-12.88
-13.88
-12.68
-8.97
-2.81
5.24
14.26
23.16
31.04
37.38
42.14
45.61
48.18
50.09
51.35
51.72
50.91
48.76
45.30
40.83
35.76
30.47
25.27
20.35
15.79
11.56
7.61
3.85
0.14
-3.64
-7.51
-11.51
-15.62
-19.83
-24.10
-28.34
-32.43
-36.18
-39.46
-42.19
-44.44
-46.39
-48.27
-50.35
-52.73
-55.31
-57.61
-58.93
-58.55
-56.06
-51.59
-45.78
-39.57
-33.77
-28.90
-25.03
-22.03
-19.67
-17.87
-16.57
-15.72
-15.18
-14.74
-14.24
-13.60
-12.82
-11.88
-10.78
-9.55
-8.34
-7.35
-6.73
-6.48
-6.31
-5.87
-4.96
-3.72
-2.62
-2.30
-3.12
-5.08
-7.74
-10.54
-13.01
-15.03
-16.78
-18.60
-20.87
-23.86
-27.67
-32.15
-36.82
-40.92
-43.57
-44.06
-42.10
-37.93
-32.09
-25.26
-17.99
-10.67
-3.65
2.63
7.76
11.48
13.88
15.36
16.43
17.47
18.48
19.18
19.25
18.56
17.30
15.85
14.65
13.97
13.81
13.94
14.01
13.66
12.65
10.86
8.42
5.55
2.56
-0.32
-2.97
-5.46
-8.03
-11.04
-14.81
-19.53
-25.06
-30.86
-36.01
-39.42
-40.15
-37.75
-32.37
-24.82
-16.27
-7.92
-0.68
5.02
9.24
12.43
15.19
17.99
21.01
24.09
26.77
28.47
28.77
27.49
24.79
21.18
17.29
13.74
10.86
8.68
6.92
5.20
3.23
0.96
-1.46
-3.83
-6.04
-8.13
-10.31
-12.84
-15.91
-19.66
-24.18
-29.50
-35.46
-41.56
-46.81
-49.92
-49.67
-45.42
-37.44
-26.96
-15.64
-5.07
3.83
10.97
16.83
22.13
27.34
32.58
37.63
42.15
45.79
48.20
49.06
48.15
45.53
41.58
37.01
32.64
29.06
26.49
24.68
23.15
21.38
19.18
16.62
14.01
11.70
9.87
8.35
6.70
4.26
0.32
-5.50
-13.20
-22.26
-31.65
-39.95
-45.65
-47.48
-44.67
-37.26
-26.26
-13.44
-0.99
9.13
15.82
19.17
20.31
20.94
22.44
25.48
29.82
34.63
38.96
42.13
43.89
44.28
43.52
41.86
39.62
37.21
35.15
33.79
33.20
33.08
32.87
32.03
30.23
27.45
23.94
20.06
16.12
12.21
8.18
3.65
-1.80
-8.51
-16.38
-24.73
-32.25
-37.37
-38.75
-35.79
-28.93
-19.53
-9.29
0.34
8.60
15.50
21.49
27.00
32.16
36.75
40.46
43.12
44.82
45.82
46.31
46.25
45.34
43.25
39.92
35.66
31.27
27.58
25.20
24.20
24.01
23.82
22.81
20.63
17.37
13.55
9.69
6.13
2.84
-0.46
-4.21
-8.81
-14.49
-21.25
-28.68
-35.88
-41.55
-44.25
-42.99
-37.60
-28.96
-18.66
-8.41
0.60
7.95
13.92
19.00
23.50
27.39
30.42
32.39
33.33
33.49
33.21
32.66
31.83
30.60
28.86
26.67
24.22
21.84
19.77
18.12
16.76
15.49
14.06
12.29
10.11
7.51
4.48
0.99
-2.98
-7.42
-12.32
-17.57
-23.01
-28.26
-32.65
-35.31
-35.40
-32.39
-26.39
-18.16
-8.87
0.24
8.25
14.70
19.58
23.14
25.71
27.64
29.23
30.68
32.04
33.16
33.70
33.34
31.90
29.52
26.62
23.72
21.20
19.15
17.36
15.52
13.37
10.91
8.33
5.86
3.62
1.51
-0.74
-3.44
-6.88
-11.15
-16.23
-21.92
-27.79
-33.18
-37.17
-38.84
-37.58
-33.34
-26.72
-18.82
-10.76
-3.41
2.83
8.04
12.46
16.34
19.75
22.62
24.79
26.16
26.74
26.59
25.89
24.78
23.34
21.62
19.64
17.48
15.35
13.56
12.38
11.86
11.74
11.54
10.76
9.16
6.83
4.09
1.27
-1.42
-3.99
-6.61
-9.54
-13.04
-17.35
-22.45
-28.07
-33.50
-37.73
-39.66
-38.50
-34.20
-27.43
-19.48
-11.73
-5.18
-0.18
3.51
6.46
9.14
11.73
14.11
16.03
17.39
18.27
18.87
19.28
19.39
18.88
17.47
15.16
12.34
9.61
7.55
6.42
6.11
6.20
6.26
5.97
5.18
3.84
1.94
-0.47
-3.22
-6.04
-8.57
-10.60
-12.21
-13.79
-15.85
-18.71
-22.35
-26.34
-30.06
-32.90
-34.39
-34.23
-32.33
-28.81
-24.02
-18.51
-12.92
-7.82
-3.52
-0.03
2.86
5.38
7.66
9.66
11.27
12.41
13.04
13.19
12.88
12.16
11.06
9.66
8.08
6.55
5.34
4.70
4.75
5.34
6.07
6.36
5.71
3.95
1.24
-1.91
-4.99
-7.62
-9.78
-11.73
-13.85
-16.50
-19.87
-23.84
-28.02
-31.78
-34.37
-35.11
-33.62
-29.97
-24.71
-18.73
-12.94
-8.03
-4.23
-1.34
1.06
3.41
5.89
8.45
10.80
12.63
13.68
13.86
13.17
11.62
9.32
6.41
3.14
-0.08
-2.80
-4.62
-5.35
-5.09
-4.22
-3.30
-2.88
-3.36
-4.86
-7.20
-9.97
-12.62
-14.68
-16.03
-16.93
-18.00
-19.97
-23.22
-27.51
-31.95
-35.20
-36.08
-34.04
-29.36
-23.07
-16.46
-10.57
-5.94
-2.53
-0.03
1.91
3.56
5.08
6.61
8.26
10.08
11.95
13.51
14.31
14.05
12.69
10.61
8.35
6.50
5.32
4.82
4.74
4.75
4.58
4.06
3.22
2.13
0.96
-0.13
-1.01
-1.71
-2.45
-3.68
-5.97
-9.71
-14.89
-20.93
-26.80
-31.35
-33.68
-33.43
-30.75
-26.21
-20.45
-14.12
-7.78
-2.00
2.77
6.28
8.64
10.32
11.90
13.77
15.96
18.07
19.57
20.05
19.40
17.77
15.52
13.01
10.59
8.52
6.91
5.74
4.85
3.95
2.84
1.42
-0.24
-1.94
-3.47
-4.76
-5.82
-6.82
-8.02
-9.70
-12.07
-15.16
-18.71
-22.17
-24.85
-26.06
-25.41
-22.92
-18.99
-14.30
-9.60
-5.48
-2.22
0.15
1.87
3.21
4.38
5.43
6.27
6.75
6.81
6.47
5.82
4.95
4.03
3.30
3.09
3.71
5.31
7.69
10.32
12.50
13.72
13.76
12.82
11.32
9.65
7.94
6.11
3.89
1.02
-2.57
-6.72
-11.06
-15.05
-18.19
-19.98
-20.20
-18.83
-16.10
-12.33
-7.93
-3.28
1.25
5.27
8.45
10.64
11.90
12.48
12.69
12.78
12.81
12.72
12.39
11.77
10.86
9.75
8.50
7.13
5.62
4.00
2.31
0.64
-0.87
-2.10
-2.96
-3.55
-4.16
-5.30
-7.52
-11.13
-15.87
-20.98
-25.34
-27.91
-28.21
-26.37
-22.95
-18.70
-14.17
-9.68
-5.40
-1.48
1.91
4.67
6.83
8.55
10.00
11.23
12.07
12.29
11.72
10.39
8.51
6.37
4.17
1.98
-0.18
-2.30
-4.27
-5.90
-7.06
-7.74
-8.05
-8.22
-8.45
-8.86
-9.58
-10.68
-12.26
-14.31
-16.66
-18.88
-20.35
-20.55
-19.17
-16.36
-12.61
-8.52
-4.64
-1.15
2.01
5.00
7.93
10.80
13.47
15.88
17.98
19.73
21.06
21.83
21.86
21.09
19.64
17.82
16.03
14.60
13.65
13.11
12.69
12.12
11.19
9.86
8.14
6.11
3.77
1.03
-2.19
-5.87
-9.85
-13.80
-17.25
-19.69
-20.70
-20.05
-17.79
-14.23
-9.92
-5.43
-1.18
2.59
5.92
8.87
11.52
13.86
15.78
17.25
18.26
18.83
18.98
18.72
18.04
16.99
15.70
14.34
13.06
11.99
11.19
10.67
10.48
10.56
10.79
10.86
10.40
9.02
6.60
3.27
-0.56
-4.40
-7.91
-10.95
-13.58
-15.80
-17.40
-18.00
-17.18
-14.75
-10.96
-6.47
-2.04
1.63
4.27
5.97
7.06
7.93
8.91
10.16
11.69
13.38
15.01
16.30
17.04
17.16
16.73
15.93
14.95
13.83
12.54
10.96
9.06
6.94
4.77
2.70
0.78
-1.08
-2.99
-5.01
-7.09
-9.17
-11.30
-13.59
-16.15
-18.91
-21.47
-23.23
-23.59
-22.28
-19.44
-15.56
-11.26
-7.01
-3.12
0.25
2.94
4.81
5.74
5.82
5.36
4.81
4.54
4.68
5.05
5.32
5.20
4.62
3.78
2.94
2.34
2.02
1.78
1.39
0.66
-0.35
-1.44
-2.37
-3.01
-3.46
-4.02
-5.06
-6.86
-9.48
-12.75
-16.27
-19.55
-22.13
-23.65
-23.92
-22.91
-20.66
-17.32
-13.20
-8.78
-4.60
-1.21
1.08
2.30
2.77
3.00
3.41
4.20
5.35
6.65
7.86
8.71
8.98
8.55
7.39
5.67
3.75
2.14
1.27
1.37
2.40
3.98
5.57
6.54
6.25
4.29
0.58
-4.56
-10.41
-16.14
-21.15
-25.32
-29.00
-32.76
-36.96
-41.49
-45.59
-48.16
-48.14
-44.98
-38.96
-31.08
-22.73
-15.26
-9.47
-5.43
-2.63
-0.33
2.06
4.77
7.72
10.69
13.52
16.09
18.21
19.54
19.62
18.18
15.31
11.53
7.61
4.16
1.46
-0.64
-2.35
-3.77
-4.72
-4.87
-4.01
-2.24
-0.01
2.09
3.57
4.27
4.36
4.11
3.75
3.31
2.67
1.55
-0.27
-2.93
-6.35
-10.22
-13.96
-16.87
-18.35
-18.11
-16.25
-13.28
-9.90
-6.69
-4.00
-1.86
-0.08
1.60
3.38
5.38
7.64
10.10
12.63
14.95
16.79
17.87
18.05
17.33
15.87
13.85
11.46
8.89
6.38
4.22
2.68
1.90
1.83
2.23
2.69
2.88
2.59
1.83
0.82
-0.24
-1.27
-2.37
-3.80
-5.81
-8.52
-11.76
-15.10
-17.92
-19.67
-19.99
-18.87
-16.62
-13.70
-10.62
-7.68
-5.05
-2.69
-0.54
1.51
3.57
5.74
8.05
10.44
12.59
14.05
14.40
13.42
11.33
8.73
6.36
4.77
4.06
3.91
3.76
3.18
2.00
0.44
-1.15
-2.48
-3.50
-4.39
-5.44
-6.90
-8.88
-11.35
-14.21
-17.25
-20.16
-22.50
-23.74
-23.40
-21.29
-17.60
-12.84
-7.77
-3.03
0.97
4.15
6.61
8.48
9.88
10.89
11.56
11.96
12.11
11.95
11.40
10.39
9.01
7.38
5.71
4.13
2.59
0.99
-0.74
-2.56
-4.28
-5.69
-6.78
-7.72
-8.90
-10.74
-13.52
-17.21
-21.54
-25.93
-29.69
-32.11
-32.61
-30.90
-27.13
-21.88
-15.98
-10.34
-5.61
-1.96
0.85
3.40
6.20
9.47
12.91
15.90
17.77
18.13
17.10
15.21
13.11
11.26
9.73
8.26
6.60
4.68
2.74
1.18
0.29
-0.02
-0.15
-0.60
-1.78
-3.78
-6.59
-10.11
-14.31
-19.11
-24.17
-28.77
-31.94
-32.77
-30.79
-26.20
-19.78
-12.53
-5.32
1.37
7.40
12.79
17.59
21.79
25.37
28.29
30.52
31.89
32.25
31.48
29.65
27.05
24.14
21.28
18.69
16.39
14.24
12.22
10.41
8.91
7.73
6.71
5.55
3.94
1.62
-1.48
-5.34
-9.79
-14.37
-18.42
-21.09
-21.60
-19.58
-15.28
-9.52
-3.37
2.27
6.95
10.75
14.04
17.14
20.17
22.96
25.24
26.75
27.36
27.11
26.16
24.67
22.85
20.79
18.57
16.18
13.63
10.99
8.43
6.17
4.48
3.49
3.15
3.11
2.79
1.50
-1.33
-5.90
-11.87
-18.31
-24.05
-27.92
-29.18
-27.70
-23.86
-18.40
-12.12
-5.76
0.20
5.58
10.51
15.31
20.26
25.36
30.27
34.26
36.72
37.26
35.94
33.19
29.51
25.29
20.79
16.28
12.17
9.00
7.20
6.76
7.25
7.85
7.84
6.86
5.09
2.98
0.99
-0.78
-2.55
-4.76
-7.65
-11.05
-14.35
-16.69
-17.27
-15.67
-11.96
-6.68
-0.69
5.10
9.95
13.40
15.40
16.25
16.42
16.49
16.79
17.33
17.85
17.98
17.46
16.32
14.78
13.18
11.71
10.41
9.19
8.00
6.90
5.91
5.04
4.09
2.78
0.91
-1.46
-3.99
-6.24
-7.96
-9.24
-10.56
-12.53
-15.59
-19.72
-24.37
-28.51
-30.95
-30.73
-27.48
-21.57
-14.03
-6.17
0.83
6.29
10.13
12.72
14.61
16.32
18.11
20.02
21.82
23.20
23.79
23.33
21.77
19.29
16.29
13.24
10.55
8.49
7.14
6.47
6.33
6.51
6.73
6.71
6.16
4.96
3.12
0.79
-1.79
-4.39
-6.84
-9.06
-11.16
-13.36
-15.89
-18.77
-21.72
-24.09
-25.11
-24.23
-21.32
-16.85
-11.63
-6.47
-1.94
1.78
4.79
7.22
9.14
10.49
11.25
11.61
11.88
12.35
13.07
13.79
14.03
13.40
11.82
9.62
7.41
5.80
5.11
5.24
5.77
6.14
5.89
4.87
3.10
0.88
-1.44
-3.43
-4.75
-5.32
-5.46
-5.83
-7.25
-10.33
-15.08
-20.81
-26.22
-29.89
-30.71
-28.37
-23.32
-16.66
-9.62
-3.24
1.76
5.11
6.81
7.14
6.59
5.78
5.39
5.85
7.27
9.19
10.89
11.56
10.70
8.32
4.94
1.36
-1.58
-3.24
-3.38
-2.17
-0.24
1.59
2.45
1.86
-0.20
-3.29
-6.74
-10.00
-12.77
-15.10
-17.10
-18.89
-20.50
-21.94
-23.33
-24.72
-26.04
-26.96
-26.90
-25.34
-22.14
-17.73
-12.93
-8.60
-5.22
-2.72
-0.62
1.57
4.09
6.80
9.33
11.29
12.43
12.80
12.54
11.91
11.14
10.42
9.90
9.66
9.72
9.89
9.94
9.57
8.56
6.85
4.56
1.91
-0.80
-3.33
-5.59
-7.63
-9.63
-11.90
-14.72
-18.34
-22.78
-27.78
-32.68
-36.52
-38.26
-37.13
-32.97
-26.44
-18.76
-11.37
-5.38
-1.30
1.07
2.37
3.34
4.45
5.90
7.59
9.33
10.99
12.41
13.44
13.87
13.47
12.11
9.96
7.48
5.34
4.18
4.26
5.42
6.99
8.13
8.17
6.91
4.62
1.85
-0.72
-2.72
-4.08
-5.04
-6.09
-7.76
-10.52
-14.51
-19.49
-24.74
-29.26
-32.10
-32.62
-30.82
-27.19
-22.53
-17.56
-12.71
-8.15
-3.87
0.04
3.45
6.12
8.00
9.24
10.17
11.10
12.20
13.33
14.23
14.76
14.88
14.83
14.89
15.22
15.80
16.43
16.86
16.90
16.37
15.11
12.98
9.89
5.91
1.43
-2.94
-6.55
-9.03
-10.43
-11.30
-12.40
-14.43
-17.67
-21.85
-26.19
-29.74
-31.67
-31.54
-29.37
-25.49
-20.40
-14.63
-8.55
-2.47
3.38
8.79
13.59
17.63
20.82
23.09
24.44
24.91
24.63
23.77
22.54
21.09
19.53
18.01
16.66
15.68
15.31
15.69
16.82
18.45
20.12
21.32
21.69
21.20
20.22
19.37
19.21
20.02
21.57
23.36
24.74
25.23
24.65
23.09
20.87
18.46
16.55
15.95
17.45
21.45
27.64
34.97
41.92
47.08
49.64
49.54
47.36
43.85
39.60
34.91
29.85
24.46
18.85
13.26
7.96
3.06
-1.51
-5.88
-10.15
-14.26
-17.99
-20.98
-22.88
-23.53
-22.99
-21.55
-19.61
-17.53
-15.57
-13.84
-12.42
-11.38
-10.88
-11.07
-12.08
-13.94
-16.65
-20.11
-24.06
-28.15
-31.83
-34.47
-35.48
-34.45
-31.33
-26.44
-20.39
-13.91
-7.68
-2.19
2.34
5.93
8.85
11.46
14.13
17.07
20.24
23.31
25.80
27.32
27.66
26.97
25.58
23.88
22.21
20.70
19.25
17.73
15.96
13.89
11.50
8.74
5.45
1.44
-3.41
-8.99
-14.94
-20.76
-26.03
-30.57
-34.48
-38.04
-41.52
-45.08
-48.73
-52.30
-55.46
-57.63
-58.11
-56.32
-52.14
-46.02
-39.08
-32.57
-27.40
-23.80
-21.24
-18.96
-16.36
-13.30
-10.11
-7.22
-4.94
-3.29
-2.22
-1.67
-1.69
-2.38
-3.63
-5.15
-6.52
-7.46
-8.00
-8.45
-9.24
-10.61
-12.46
-14.57
-16.69
-18.87
-21.36
-24.51
-28.54
-33.22
-37.95
-41.75
-43.62
-42.79
-39.00
-32.66
-24.70
-16.26
-8.43
-1.88
3.21
6.99
9.83
12.07
13.95
15.58
16.97
18.04
18.58
18.33
17.06
14.74
11.55
7.92
4.40
1.49
-0.39
-1.10
-0.79
0.02
0.61
0.29
-1.39
-4.39
-8.23
-12.20
-15.76
-18.74
-21.53
-24.71
-28.68
-33.32
-37.81
-41.00
-41.75
-39.40
-34.05
-26.45
-17.76
-9.08
-1.20
5.58
11.24
15.89
19.55
22.15
23.64
24.23
24.28
24.24
24.43
24.81
25.02
24.60
23.27
21.09
18.44
15.76
13.34
11.34
9.75
8.53
7.67
7.05
6.42
5.31
3.23
-0.16
-4.85
-10.42
-16.09
-20.83
-23.65
-23.78
-20.91
-15.23
-7.47
1.36
10.19
18.18
24.93
30.50
35.24
39.54
43.60
47.34
50.42
52.43
53.00
51.95
49.31
45.31
40.23
34.45
28.33
22.23
16.48
11.28
6.70
2.61
-1.15
-4.80
-8.38
-11.92
-15.39
-18.86
-22.54
-26.75
-31.72
-37.32
-42.89
-47.30
-49.25
-47.78
-42.69
-34.68
-25.10
-15.44
-6.81
0.43
6.50
11.92
17.12
22.18
26.92
31.02
34.24
36.49
37.81
38.21
37.64
36.02
33.29
29.61
25.44
21.50
18.50
17.01
17.11
18.41
20.18
21.49
21.45
19.43
15.10
8.52
0.16
-9.21
-18.46
-26.37
-31.82
-34.03
-32.82
-28.69
-22.69
-16.17
-10.32
-5.84
-2.71
-0.42
1.77
4.38
7.44
10.59
13.40
15.55
17.06
18.14
19.02
19.74
20.14
19.92
18.92
17.22
15.15
13.24
11.95
11.58
12.14
13.30
14.52
15.10
14.34
11.79
7.44
1.84
-3.97
-8.70
-11.21
-10.87
-7.74
-2.52
3.76
10.11
15.79
20.46
24.01
26.46
27.87
28.30
27.87
26.84
25.50
24.16
22.93
21.80
20.59
19.11
17.23
14.96
12.42
9.85
7.47
5.49
4.00
2.97
2.25
1.60
0.69
-0.78
-3.09
-6.33
-10.33
-14.50
-18.01
-19.90
-19.51
-16.66
-11.79
-5.78
0.40
6.02
10.69
14.43
17.49
20.25
23.06
26.13
29.43
32.63
35.20
36.58
36.43
34.80
32.06
28.71
25.19
21.73
18.40
15.30
12.73
11.08
10.69
11.53
13.15
14.71
15.34
14.38
11.67
7.43
2.11
-3.69
-9.43
-14.49
-18.24
-20.13
-19.81
-17.34
-13.18
-8.08
-2.72
2.43
7.19
11.51
15.30
18.35
20.38
21.19
20.79
19.42
17.41
15.05
12.61
10.27
8.18
6.41
4.89
3.42
1.78
-0.09
-1.96
-3.41
-4.06
-3.81
-2.99
-2.17
-1.99
-2.80
-4.65
-7.30
-10.42
-13.58
-16.30
-17.97
-17.93
-15.73
-11.30
-5.07
2.05
8.98
14.75
18.75
20.81
21.20
20.47
19.21
17.93
16.79
15.76
14.58
13.02
10.92
8.26
5.18
1.85
-1.60
-4.99
-8.16
-10.90
-13.12
-14.82
-16.19
-17.49
-18.96
-20.73
-22.79
-25.08
-27.50
-29.97
-32.37
-34.56
-36.35
-37.60
-38.26
-38.37
-37.99
-37.09
-35.54
-33.18
-30.05
-26.41
-22.74
-19.54
-17.06
-15.21
-13.62
-11.92
-9.97
-8.04
-6.64
-6.23
-6.95
-8.46
-10.15
-11.43
-11.92
-11.66
-10.93
-10.09
-9.39
-8.92
-8.62
-8.41
-8.24
-8.11
-8.05
-8.08
-8.26
-8.59
-9.15
-10.00
-11.27
-13.09
-15.50
-18.35
-21.16
-23.23
-23.85
-22.61
-19.57
-15.31
-10.66
-6.40
-2.95
-0.31
1.82
3.72
5.46
6.84
7.57
7.49
6.76
5.74
4.82
4.22
3.88
3.51
2.82
1.66
0.13
-1.46
-2.77
-3.53
-3.65
-3.26
-2.59
-1.95
-1.63
-1.89
-2.74
-4.10
-5.70
-7.27
-8.60
-9.64
-10.55
-11.61
-13.14
-15.35
-18.25
-21.41
-24.08
-25.35
-24.53
-21.49
-16.76
-11.41
-6.56
-3.03
-1.05
-0.33
-0.35
-0.66
-0.99
-1.22
-1.23
-0.97
-0.46
0.16
0.60
0.55
-0.12
-1.32
-2.81
-4.33
-5.66
-6.68
-7.33
-7.54
-7.32
-6.79
-6.25
-6.05
-6.46
-7.54
-9.09
-10.76
-12.20
-13.23
-13.90
-14.53
-15.54
-17.26
-19.77
-22.79
-25.69
-27.76
-28.37
-27.31
-24.84
-21.52
-18.02
-14.75
-11.83
-9.10
-6.42
-3.83
-1.53
0.26
1.45
2.22
2.84
3.49
4.11
4.41
4.09
3.11
1.69
0.23
-0.90
-1.54
-1.81
-1.93
-2.12
-2.42
-2.83
-3.33
-3.95
-4.84
-6.10
-7.71
-9.49
-11.14
-12.47
-13.54
-14.77
-16.73
-19.86
-24.10
-28.81
-32.91
-35.25
-35.16
-32.65
-28.35
-23.16
-17.92
-13.09
-8.80
-4.92
-1.24
2.30
5.64
8.53
10.62
11.57
11.29
9.98
8.15
6.49
5.52
5.40
5.84
6.28
6.17
5.23
3.60
1.65
-0.17
-1.66
-2.85
-3.99
-5.40
-7.26
-9.63
-12.44
-15.64
-19.18
-23.09
-27.16
-30.92
-33.59
-34.29
-32.45
-28.09
-21.94
-15.07
-8.58
-3.10
1.27
4.90
8.35
12.04
16.01
19.90
23.14
25.10
25.41
24.10
21.57
18.51
15.62
13.36
11.89
11.06
10.52
9.98
9.20
8.10
6.61
4.67
2.26
-0.60
-3.74
-7.07
-10.53
-14.30
-18.64
-23.70
-29.16
-34.14
-37.41
-37.79
-34.80
-28.83
-21.06
-12.88
-5.36
1.12
6.77
11.96
16.90
21.48
25.34
28.17
29.92
30.70
30.71
30.13
29.03
27.51
25.69
23.71
21.64
19.44
16.99
14.20
11.14
8.11
5.47
3.53
2.26
1.32
0.11
-2.05
-5.60
-10.56
-16.55
-22.80
-28.30
-32.08
-33.37
-31.75
-27.27
-20.47
-12.18
-3.47
4.66
11.50
16.78
20.72
23.83
26.68
29.61
32.63
35.40
37.36
38.05
37.28
35.24
32.46
29.55
26.91
24.50
22.04
19.19
15.92
12.62
9.90
8.20
7.45
7.06
6.24
4.30
0.99
-3.66
-9.42
-16.06
-23.21
-30.07
-35.34
-37.52
-35.48
-29.10
-19.50
-8.63
1.39
9.19
14.44
17.77
20.28
22.83
25.76
28.81
31.44
33.09
33.48
32.63
30.82
28.47
25.98
23.61
21.46
19.50
17.70
16.05
14.56
13.20
11.91
10.50
8.77
6.49
3.54
-0.14
-4.54
-9.57
-15.07
-20.72
-25.96
-29.97
-31.83
-30.81
-26.64
-19.68
-10.83
-1.33
7.67
15.41
21.61
26.46
30.36
33.62
36.33
38.33
39.40
39.42
38.47
36.79
34.71
32.51
30.38
28.44
26.73
25.29
24.08
22.94
21.65
20.02
17.94
15.53
12.94
10.23
7.25
3.55
-1.31
-7.50
-14.67
-21.89
-27.87
-31.37
-31.60
-28.50
-22.67
-15.14
-7.03
0.83
7.87
13.88
18.81
22.78
25.96
28.62
30.99
33.15
34.97
36.13
36.30
35.27
33.13
30.19
26.91
23.78
21.17
19.29
18.19
17.69
17.46
17.01
15.95
14.03
11.30
7.94
4.25
0.42
-3.48
-7.57
-12.09
-17.21
-22.88
-28.62
-33.49
-36.37
-36.32
-33.05
-27.09
-19.60
-11.89
-4.93
0.88
5.68
9.82
13.55
16.96
19.94
22.40
24.30
25.63
26.38
26.48
25.83
24.44
22.41
20.03
17.66
15.63
14.18
13.39
13.09
12.92
12.38
11.14
9.11
6.55
3.93
1.60
-0.35
-2.23
-4.58
-7.88
-12.37
-17.82
-23.61
-28.87
-32.70
-34.37
-33.53
-30.26
-25.07
-18.71
-11.99
-5.57
0.13
4.91
8.69
11.49
13.48
14.87
15.98
17.07
18.20
19.20
19.70
19.37
18.09
16.07
13.74
11.61
10.03
9.09
8.58
8.13
7.38
6.13
4.46
2.59
0.74
-1.08
-3.03
-5.42
-8.54
-12.48
-17.13
-22.13
-26.91
-30.77
-32.95
-32.89
-30.37
-25.72
-19.69
-13.27
-7.31
-2.29
1.74
5.01
7.80
10.29
12.50
14.40
16.00
17.34
18.44
19.24
19.54
19.10
17.83
15.88
13.64
11.66
10.37
9.96
10.21
10.66
10.75
10.06
8.47
6.17
3.51
0.87
-1.53
-3.66
-5.61
-7.59
-9.87
-12.71
-16.32
-20.79
-25.94
-31.17
-35.56
-38.07
-37.93
-34.95
-29.62
-22.97
-16.11
-9.97
-4.93
-0.99
2.16
4.92
7.59
10.31
13.07
15.69
17.90
19.42
20.07
19.81
18.76
17.11
15.09
12.85
10.59
8.63
7.30
6.91
7.51
8.87
10.43
11.56
11.72
10.68
8.54
5.67
2.60
-0.23
-2.50
-4.21
-5.56
-6.97
-8.89
-11.63
-15.20
-19.29
-23.31
-26.54
-28.38
-28.48
-26.81
-23.61
-19.34
-14.53
-9.59
-4.78
-0.14
4.41
8.92
13.31
17.26
20.39
22.44
23.49
23.96
24.41
25.28
26.61
28.03
28.99
29.09
28.42
27.59
27.47
28.80
31.74
35.79
39.97
43.11
44.37
43.38
40.30
35.67
30.25
24.95
20.77
18.62
18.91
21.14
23.73
24.44
21.17
12.99
0.54
-14.26
-29.10
-42.43
-53.97
-64.49
-74.86
-85.13
-94.11
-99.91
-101.01
-97.22
-90.15
-82.58
-77.29
-75.91
-78.33
-82.99
-87.89
-91.59
-93.80
-95.17
-96.51
-98.16
-99.54
-99.52
-96.97
-91.31
-82.75
-72.08
-60.43
-48.94
-38.56
-30.01
-23.73
-19.89
-18.41
-19.09
-21.61
-25.65
-30.85
-36.62
-42.19
-46.60
-48.99
-48.87
-46.17
-41.26
-34.64
-26.78
-17.95
-8.40
1.52
11.11
19.41
25.44
28.48
28.37
25.62
21.24
16.49
12.50
10.12
9.72
11.25
14.30
18.27
22.50
26.49
29.84
32.36
34.04
34.95
35.32
35.49
35.87
36.82
38.40
40.25
41.62
41.63
39.64
35.58
30.02
24.02
18.65
14.74
12.61
12.14
12.96
14.63
16.83
19.35
22.07
24.93
27.89
30.86
33.68
36.11
37.88
38.86
39.17
39.16
39.27
39.71
40.34
40.66
40.09
38.23
35.12
31.21
27.20
23.72
21.19
19.68
19.08
19.13
19.51
19.86
19.85
19.18
17.71
15.43
12.42
8.73
4.34
-0.79
-6.53
-12.47
-17.95
-22.20
-24.65
-25.12
-23.78
-21.07
-17.43
-13.25
-8.82
-4.46
-0.57
2.51
4.61
5.84
6.59
7.40
8.64
10.48
12.75
15.12
17.18
18.53
18.94
18.22
16.39
13.60
10.22
6.76
3.77
1.67
0.64
0.54
1.03
1.77
2.46
2.93
3.14
3.06
2.56
1.46
-0.46
-3.31
-6.95
-10.88
-14.40
-16.74
-17.35
-15.99
-12.76
-7.99
-2.08
4.48
11.19
17.50
22.95
27.16
30.03
31.65
32.20
31.84
30.66
28.73
26.24
23.54
21.07
19.15
17.77
16.65
15.41
13.79
11.69
9.21
6.48
3.54
0.45
-2.78
-6.08
-9.32
-12.36
-15.19
-17.93
-20.80
-23.90
-27.12
-30.10
-32.23
-32.90
-31.73
-28.67
-24.13
-18.78
-13.32
-8.27
-3.81
0.11
3.67
6.99
9.99
12.51
14.37
15.36
15.43
14.57
12.96
10.92
8.81
6.99
5.62
4.61
3.69
2.58
1.18
-0.42
-2.02
-3.49
-4.90
-6.46
-8.38
-10.77
-13.60
-16.80
-20.41
-24.46
-28.94
-33.48
-37.36
-39.61
-39.39
-36.33
-30.74
-23.47
-15.61
-8.13
-1.65
3.71
8.07
11.69
14.79
17.41
19.53
21.09
22.16
22.79
23.07
22.94
22.23
20.73
18.40
15.50
12.55
10.16
8.77
8.41
8.65
8.87
8.53
7.39
5.55
3.31
0.93
-1.54
-4.27
-7.51
-11.51
-16.23
-21.44
-26.56
-30.94
-33.97
-35.21
-34.56
-32.12
-28.12
-22.83
-16.63
-9.95
-3.37
2.59
7.61
11.62
14.76
17.20
18.96
19.89
19.90
19.04
17.63
16.14
14.93
14.07
13.38
12.50
11.23
9.59
7.79
6.06
4.57
3.29
2.06
0.67
-1.05
-3.14
-5.47
-7.83
-10.06
-12.18
-14.41
-17.11
-20.56
-24.70
-29.02
-32.65
-34.62
-34.14
-30.94
-25.29
-17.98
-9.92
-1.99
5.17
11.19
15.87
19.20
21.34
22.60
23.42
24.13
24.89
25.57
25.86
25.41
24.08
22.03
19.51
16.78
13.94
10.93
7.70
4.25
0.72
-2.78
-6.21
-9.63
-13.15
-16.73
-20.27
-23.56
-26.51
-29.27
-32.07
-35.09
-38.13
-40.53
-41.34
-39.81
-35.72
-29.60
-22.49
-15.47
-9.22
-3.78
1.25
6.29
11.41
16.20
19.94
22.05
22.37
21.25
19.35
17.33
15.54
13.99
12.46
10.71
8.65
6.44
4.35
2.65
1.55
1.13
1.37
2.06
2.79
2.93
1.77
-1.24
-6.27
-12.90
-20.15
-26.77
-31.51
-33.45
-32.23
-28.06
-21.59
-13.69
-5.27
2.92
10.31
16.48
21.20
24.35
26.00
26.40
25.99
25.33
24.86
24.86
25.35
26.15
26.96
27.47
27.48
26.84
25.56
23.78
21.78
19.85
18.09
16.32
14.13
11.09
6.88
1.62
-4.26
-10.04
-14.99
-18.57
-20.41
-20.35
-18.33
-14.38
-8.64
-1.46
6.58
14.75
22.35
28.89
34.12
38.09
40.83
42.34
42.40
40.81
37.51
32.70
26.82
20.41
13.92
7.64
1.78
-3.43
-7.75
-10.88
-12.71
-13.38
-13.38
-13.38
-14.05
-15.84
-18.85
-22.81
-27.10
-30.92
-33.43
-33.91
-32.00
-27.77
-21.78
-14.83
-7.84
-1.45
4.02
8.61
12.53
15.98
19.00
21.46
23.28
24.46
25.15
25.55
25.71
25.53
24.76
23.27
21.19
19.00
17.26
16.41
16.43
16.92
17.25
16.81
15.30
12.70
9.30
5.51
1.88
-1.03
-2.65
-2.56
-0.69
2.63
6.72
10.68
13.68
15.11
14.61
12.11
7.77
1.97
-4.77
-11.83
-18.62
-24.67
-29.66
-33.41
-35.84
-36.98
-36.95
-35.98
-34.35
-32.24
-29.60
-26.03
-20.87
-13.44
-3.44
8.69
21.70
33.73
42.91
47.86
48.21
44.65
38.63
31.87
25.84
21.42
18.88
18.01
18.43
19.77
21.70
24.01
26.46
28.78
30.68
31.89
32.24
31.72
30.50
28.82
26.98
25.22
23.65
22.28
20.94
19.37
17.30
14.61
11.31
7.51
3.28
-1.46
-6.85
-12.98
-19.74
-26.76
-33.49
-39.44
-44.31
-48.03
-50.64
-52.07
-52.11
-50.40
-46.67
-40.97
-33.77
-25.81
-17.92
-10.76
-4.68
0.26
4.14
7.07
9.07
10.11
10.17
9.29
7.58
5.20
2.29
-0.94
-4.26
-7.48
-10.46
-13.12
-15.39
-17.13
-18.08
-17.96
-16.65
-14.31
-11.54
-9.03
-7.38
-6.77
-6.89
-7.13
-6.93
-6.03
-4.57
-2.91
-1.48
-0.58
-0.33
-0.68
-1.52
-2.69
-4.02
-5.39
-6.72
-8.00
-9.25
-10.53
-11.85
-13.16
-14.42
-15.55
-16.54
-17.34
-17.89
-18.04
-17.65
-16.55
-14.77
-12.50
-10.07
-7.98
-6.66
-6.31
-6.77
-7.43
-7.41
-5.82
-2.21
3.28
9.78
16.03
20.70
22.89
22.32
19.34
14.74
9.48
4.49
0.43
-2.31
-3.68
-3.93
-3.53
-3.11
-3.22
-4.20
-6.10
-8.68
-11.39
-13.62
-14.82
-14.74
-13.56
-11.88
-10.51
-10.17
-11.20
-13.34
-15.98
-18.38
-20.04
-20.84
-21.05
-21.12
-21.37
-21.90
-22.56
-23.05
-23.07
-22.41
-21.04
-19.07
-16.77
-14.48
-12.45
-10.76
-9.15
-7.17
-4.30
-0.25
4.94
10.86
16.87
22.32
26.65
29.43
30.42
29.59
27.23
23.95
20.54
17.67
15.74
14.58
13.72
12.56
10.79
8.38
5.51
2.45
-0.65
-3.59
-6.08
-7.63
-7.79
-6.36
-3.67
-0.51
2.14
3.53
3.42
2.14
0.34
-1.21
-1.85
-1.02
1.82
7.01
14.57
23.89
33.68
42.17
47.60
48.70
45.03
37.04
25.93
13.34
1.08
-9.16
-16.20
-19.60
-19.78
-17.93
-15.53
-13.80
-13.41
-14.30
-15.97
-17.78
-19.26
-20.24
-20.76
-20.91
-20.82
-20.61
-20.43
-20.50
-20.93
-21.76
-22.79
-23.75
-24.38
-24.55
-24.30
-23.88
-23.64
-23.93
-25.12
-27.44
-30.84
-34.86
-38.70
-41.35
-42.06
-40.58
-37.29
-33.05
-28.73
-24.92
-21.69
-18.74
-15.62
-12.06
-8.13
-4.22
-0.87
1.53
2.84
3.20
2.95
2.44
1.86
1.22
0.49
-0.44
-1.48
-2.50
-3.32
-3.89
-4.25
-4.54
-4.91
-5.39
-5.95
-6.60
-7.47
-8.86
-11.06
-14.23
-18.12
-22.05
-25.05
-26.21
-25.08
-21.90
-17.53
-13.07
-9.42
-6.98
-5.60
-4.79
-4.11
-3.26
-2.15
-0.82
0.76
2.50
4.29
5.69
6.22
5.47
3.38
0.42
-2.59
-4.87
-5.97
-5.95
-5.28
-4.50
-4.04
-4.03
-4.44
-5.28
-6.59
-8.66
-11.62
-15.48
-19.89
-24.20
-27.58
-29.33
-29.10
-26.94
-23.28
-18.73
-13.81
-8.93
-4.31
-0.13
3.44
6.18
7.97
8.78
8.77
8.14
7.14
5.90
4.52
3.05
1.52
-0.06
-1.74
-3.65
-5.89
-8.48
-11.26
-13.97
-16.36
-18.49
-20.69
-23.58
-27.76
-33.58
-40.90
-49.14
-57.44
-64.87
-70.64
-74.09
-74.71
-72.16
-66.21
-56.76
-43.80
-27.50
-8.35
12.59
33.64
52.68
67.67
77.31
81.47
81.15
78.03
73.66
68.97
64.24
59.39
54.45
49.78
45.98
43.49
42.30
41.90
41.60
40.90
39.68
38.07
36.23
34.07
31.09
26.75
20.65
12.90
4.15
-4.54
-12.04
-17.35
-19.91
-19.60
-16.76
-12.06
-6.30
-0.31
5.33
10.30
14.53
18.12
21.08
23.41
24.99
25.80
25.91
25.51
24.84
23.94
22.76
21.05
18.68
15.74
12.66
9.98
8.15
7.26
7.06
7.07
6.79
5.86
3.99
1.02
-3.17
-8.48
-14.51
-20.55
-25.66
-29.01
-30.05
-28.58
-24.79
-19.11
-12.08
-4.33
3.44
10.59
16.69
21.57
25.28
28.03
29.97
31.20
31.74
31.60
30.81
29.45
27.61
25.43
23.13
21.01
19.38
18.42
18.09
18.11
18.14
17.90
17.25
16.13
14.53
12.42
9.70
6.38
2.61
-1.37
-5.22
-8.54
-11.01
-12.30
-12.09
-10.17
-6.51
-1.38
4.66
10.85
16.47
20.99
24.26
26.40
27.76
28.75
29.61
30.37
30.88
30.82
29.86
27.80
24.62
20.53
15.90
11.13
6.43
1.84
-2.76
-7.50
-12.28
-16.80
-20.73
-23.83
-26.14
-27.93
-29.57
-31.36
-33.55
-36.31
-39.65
-43.40
-46.94
-49.33
-49.52
-46.82
-41.15
-33.26
-24.45
-16.04
-8.88
-3.14
1.48
5.46
9.15
12.56
15.44
17.43
18.26
17.79
16.14
13.61
10.60
7.57
5.01
3.34
2.91
3.91
6.27
9.67
13.51
17.11
19.83
21.31
21.54
20.84
19.57
17.94
15.86
13.07
9.25
4.29
-1.64
-8.14
-14.63
-20.48
-25.07
-27.87
-28.64
-27.42
-24.63
-20.96
-17.15
-13.78
-11.13
-9.08
-7.30
-5.35
-2.92
-0.06
2.86
5.22
6.44
6.32
5.10
3.39
1.81
0.70
-0.06
-0.89
-2.17
-3.95
-5.99
-7.89
-9.46
-10.88
-12.60
-15.12
-18.63
-23.02
-27.86
-32.71
-37.16
-40.91
-43.62
-44.87
-44.20
-41.29
-36.14
-29.22
-21.38
-13.66
-6.97
-1.87
1.54
3.57
4.78
5.76
6.95
8.53
10.36
12.06
13.16
13.31
12.41
10.70
8.63
6.80
5.70
5.66
6.73
8.73
11.27
13.79
15.63
16.17
14.97
11.97
7.52
2.21
-3.31
-8.71
-13.98
-19.38
-25.06
-30.76
-35.80
-39.18
-39.97
-37.68
-32.51
-25.22
-16.98
-8.96
-2.07
3.20
6.83
9.17
10.74
12.07
13.58
15.42
17.55
19.79
21.90
23.70
25.07
25.96
26.32
26.08
25.12
23.39
20.91
17.78
14.26
10.70
7.52
5.00
3.23
2.01
0.93
-0.56
-2.91
-6.43
-11.26
-17.33
-24.34
-31.60
-38.04
-42.37
-43.46
-40.93
-35.35
-28.34
-21.90
-17.67
-16.48
-18.07
-21.47
-25.35
-28.26
-28.69
-25.00
-15.69
0.22
22.49
49.38
77.82
104.23
125.48
139.60
145.80
144.11
134.97
119.13
97.90
73.52
49.04
27.67
11.83
2.30
-2.04
-3.57
-5.01
-8.24
-13.82
-20.99
-28.21
-33.89
-36.86
-36.71
-33.79
-28.96
-23.30
-17.66
-12.56
-8.04
-3.88
0.12
4.07
7.80
11.04
13.56
15.30
16.25
16.46
15.92
14.55
12.38
9.56
6.44
3.38
0.66
-1.61
-3.43
-4.85
-5.97
-6.84
-7.59
-8.45
-9.74
-11.78
-14.83
-18.96
-24.07
-29.82
-35.64
-40.79
-44.33
-45.36
-43.23
-37.73
-29.30
-18.89
-7.75
2.87
12.09
19.59
25.53
30.47
34.98
39.43
43.78
47.75
50.86
52.74
53.27
52.59
50.99
48.84
46.36
43.64
40.74
37.72
34.71
31.83
29.06
26.25
23.07
19.12
14.09
7.82
0.36
-8.14
-17.33
-26.75
-35.72
-43.39
-48.80
-51.12
-49.91
-45.29
-38.01
-29.18
-20.08
-11.74
-4.70
0.91
5.33
8.80
11.49
13.40
14.45
14.64
14.14
13.20
12.07
10.85
9.42
7.57
5.21
2.42
-0.50
-3.15
-5.18
-6.42
-6.92
-6.89
-6.63
-6.49
-6.83
-8.02
-10.42
-14.24
-19.45
-25.57
-31.68
-36.60
-39.11
-38.39
-34.30
-27.43
-18.87
-9.86
-1.41
5.91
12.00
16.99
21.08
24.44
27.16
29.24
30.68
31.36
31.19
30.08
28.06
25.29
22.04
18.63
15.30
12.23
9.51
7.19
5.19
3.37
1.49
-0.76
-3.56
-7.00
-11.00
-15.40
-20.06
-24.95
-30.08
-35.31
-40.24
-44.11
-46.00
-45.11
-41.06
-34.09
-25.00
-14.88
-4.73
4.83
13.57
21.53
28.76
35.08
40.16
43.63
45.26
45.11
43.46
40.76
37.46
33.94
30.52
27.38
24.53
21.78
18.87
15.65
12.22
8.94
6.23
4.34
3.11
2.03
0.48
-2.02
-5.68
-10.37
-15.83
-21.63
-27.20
-31.75
-34.30
-34.02
-30.55
-24.25
-16.17
-7.70
-0.09
6.03
10.65
14.31
17.55
20.67
23.48
25.49
26.22
25.55
23.73
21.28
18.68
16.19
13.80
11.46
9.19
7.18
5.70
4.93
4.84
5.18
5.59
5.70
5.20
3.84
1.50
-1.90
-6.32
-11.57
-17.26
-22.85
-27.63
-30.82
-31.76
-30.06
-25.81
-19.61
-12.38
-5.13
1.37
6.74
10.96
14.22
16.76
18.75
20.26
21.26
21.73
21.65
21.03
19.96
18.63
17.22
15.88
14.74
13.78
12.94
12.16
11.41
10.69
9.94
9.03
7.70
5.73
3.02
-0.41
-4.48
-9.06
-14.06
-19.29
-24.37
-28.62
-31.21
-31.35
-28.64
-23.27
-15.95
-7.74
0.37
7.68
13.94
19.22
23.78
27.83
31.44
34.52
36.86
38.29
38.59
37.56
34.96
30.69
24.92
18.18
11.36
5.38
0.92
-1.80
-3.00
-3.14
-2.65
-1.90
-1.14
-0.62
-0.67
-1.55
-3.49
-6.58
-10.77
-15.89
-21.64
-27.47
-32.59
-36.07
-37.06
-35.14
-30.54
-24.10
-17.04
-10.55
-5.43
-1.92
0.22
1.53
2.46
3.24
3.74
3.60
2.50
0.34
-2.62
-5.85
-8.72
-10.74
-11.69
-11.56
-10.50
-8.63
-6.07
-2.99
0.24
3.11
5.07
5.72
4.88
2.54
-1.23
-6.34
-12.60
-19.56
-26.46
-32.28
-36.10
-37.36
-36.10
-32.86
-28.45
-23.54
-18.49
-13.38
-8.08
-2.53
3.17
8.70
13.57
17.34
19.68
20.66
20.59
19.95
19.19
18.53
17.93
17.19
16.15
14.80
13.33
11.95
10.70
9.44
7.85
5.68
2.80
-0.74
-4.76
-9.13
-13.74
-18.49
-23.11
-27.12
-29.79
-30.35
-28.35
-23.87
-17.55
-10.42
-3.51
2.50
7.38
11.34
14.71
17.64
20.08
21.81
22.70
22.75
22.12
20.97
19.32
17.13
14.39
11.27
8.17
5.56
3.75
2.72
2.10
1.33
-0.03
-2.22
-5.14
-8.54
-12.15
-15.86
-19.65
-23.70
-28.13
-32.91
-37.83
-42.41
-45.97
-47.79
-47.27
-44.09
-38.48
-31.18
-23.28
-15.89
-9.82
-5.32
-2.09
0.44
2.89
5.63
8.68
11.77
14.53
16.60
17.72
17.79
16.81
14.94
12.51
10.03
8.09
7.13
7.24
8.02
8.74
8.69
7.50
5.32
2.68
0.18
-1.90
-3.67
-5.57
-8.08
-11.53
-15.85
-20.64
-25.24
-28.89
-30.84
-30.60
-27.94
-23.09
-16.65
-9.52
-2.62
3.32
7.95
11.32
13.71
15.48
16.86
17.81
18.20
17.84
16.78
15.17
13.37
11.66
10.24
9.13
8.24
7.47
6.70
5.84
4.83
3.68
2.38
0.95
-0.58
-2.29
-4.24
-6.62
-9.54
-13.15
-17.51
-22.57
-28.06
-33.43
-37.81
-40.32
-40.26
-37.46
-32.27
-25.47
-17.98
-10.64
-4.00
1.57
5.92
9.09
11.29
12.94
14.56
16.54
18.93
21.40
23.24
23.80
22.74
20.24
16.86
13.39
10.42
8.19
6.57
5.23
3.85
2.32
0.78
-0.60
-1.71
-2.70
-3.87
-5.56
-7.90
-10.83
-14.20
-17.85
-21.70
-25.71
-29.73
-33.36
-35.89
-36.53
-34.70
-30.30
-23.88
-16.46
-9.20
-2.96
1.91
5.62
8.68
11.60
14.60
17.56
20.16
22.06
23.08
23.20
22.54
21.25
19.50
17.44
15.29
13.24
11.45
10.01
8.92
8.12
7.46
6.79
5.94
4.78
3.31
1.68
0.11
-1.23
-2.42
-3.82
-6.03
-9.49
-14.23
-19.68
-24.73
-28.17
-29.10
-27.26
-23.07
-17.40
-11.22
-5.25
0.10
4.77
8.76
12.12
14.85
16.93
18.35
19.20
19.60
19.68
19.48
18.79
17.26
14.47
10.19
4.68
-1.34
-6.82
-10.88
-13.12
-13.91
-14.09
-14.58
-15.93
-18.02
-20.30
-22.07
-22.89
-22.86
-22.40
-22.17
-22.68
-24.22
-26.65
-29.66
-32.67
-35.03
-36.01
-34.99
-31.57
-25.71
-17.95
-9.23
-0.75
6.44
11.79
15.36
17.59
19.05
20.02
20.39
19.91
18.34
15.79
12.70
9.66
7.15
5.29
3.99
2.92
1.74
0.24
-1.64
-3.81
-5.93
-7.47
-7.89
-6.83
-4.41
-1.26
1.62
3.21
2.85
0.36
-3.98
-9.53
-15.41
-20.64
-24.20
-25.23
-23.24
-18.35
-11.20
-2.91
5.38
12.74
18.61
22.75
25.14
25.85
24.98
22.82
19.66
15.97
12.21
8.75
5.88
3.70
2.14
1.03
0.03
-1.14
-2.73
-4.75
-7.03
-9.14
-10.63
-11.23
-10.92
-10.03
-8.99
-8.17
-7.73
-7.63
-7.75
-8.09
-8.67
-9.50
-10.38
-10.84
-10.31
-8.36
-5.01
-0.71
3.76
7.73
10.85
13.19
15.12
16.91
18.63
19.98
20.64
20.42
19.43
18.15
17.06
16.50
16.40
16.47
16.37
15.93
15.22
14.48
13.76
12.94
11.68
9.65
6.82
3.42
-0.17
-3.69
-7.19
-10.89
-14.86
-18.81
-21.97
-23.38
-22.40
-19.02
-14.00
-8.42
-3.31
0.85
4.17
7.08
9.98
12.90
15.56
17.62
18.92
19.58
19.90
20.07
19.99
19.35
17.83
15.49
12.77
10.34
8.76
8.16
8.23
8.40
8.16
7.23
5.54
3.06
-0.28
-4.53
-9.49
-14.52
-18.57
-20.51
-19.59
-15.90
-10.26
-3.91
2.05
7.11
11.31
15.01
18.48
21.62
24.06
25.38
25.43
24.37
22.66
20.69
18.71
16.66
14.34
11.60
8.50
5.35
2.52
0.29
-1.33
-2.53
-3.60
-4.79
-6.26
-8.20
-10.91
-14.66
-19.44
-24.75
-29.50
-32.41
-32.46
-29.44
-24.05
-17.54
-11.11
-5.47
-0.69
3.54
7.58
11.51
15.16
18.23
20.51
21.93
22.61
22.71
22.35
21.55
20.18
18.10
15.21
11.55
7.36
2.91
-1.54
-5.86
-10.13
-14.56
-19.43
-24.90
-31.03
-37.67
-44.46
-50.84
-56.12
-59.62
-60.91
-59.95
-57.15
-53.22
-48.95
-44.96
-41.60
-38.94
-36.84
-35.06
-33.31
-31.34
-28.99
-26.29
-23.49
-20.97
-18.90
-17.11
-14.86
-11.16
-5.11
3.57
14.46
26.64
39.08
50.96
61.80
71.21
78.76
83.92
86.23
85.62
82.38
77.25
70.95
63.96
56.37
48.14
39.35
30.49
22.41
16.03
11.96
10.19
10.15
10.98
11.95
12.74
13.53
14.66
16.37
18.53
20.65
22.19
22.73
22.19
20.78
18.74
16.36
13.82
11.29
8.94
6.91
5.29
4.05
3.08
2.24
1.40
0.47
-0.57
-1.72
-2.95
-4.24
-5.59
-6.97
-8.31
-9.58
-10.79
-12.09
-13.69
-15.78
-18.41
-21.29
-23.82
-25.30
-25.18
-23.34
-20.17
-16.33
-12.51
-9.11
-6.21
-3.70
-1.53
0.24
1.51
2.30
2.82
3.37
4.15
5.10
5.88
6.14
5.70
4.64
3.34
2.16
1.31
0.80
0.56
0.49
0.57
0.77
1.01
1.12
0.92
0.22
-1.07
-2.94
-5.26
-7.76
-10.05
-11.78
-12.71
-13.04
-13.33
-14.35
-16.68
-20.33
-24.60
-28.28
-30.13
-29.43
-26.21
-21.23
-15.57
-10.27
-5.88
-2.55
-0.04
1.95
3.69
5.29
6.82
8.29
9.73
11.15
12.54
13.78
14.72
15.22
15.19
14.74
14.10
13.54
13.23
13.11
12.92
12.30
11.05
9.19
7.00
4.80
2.84
1.14
-0.39
-1.84
-3.16
-4.23
-5.01
-5.65
-6.53
-8.08
-10.56
-13.89
-17.70
-21.45
-24.61
-26.79
-27.74
-27.35
-25.62
-22.70
-18.93
-14.82
-10.90
-7.60
-5.08
-3.29
-1.97
-0.90
0.06
0.99
1.86
2.65
3.30
3.74
3.80
3.35
2.37
1.02
-0.37
-1.37
-1.66
-1.20
-0.21
0.86
1.58
1.67
1.01
-0.30
-2.13
-4.28
-6.52
-8.61
-10.32
-11.51
-12.21
-12.62
-13.11
-14.06
-15.70
-18.11
-21.14
-24.60
-28.16
-31.45
-34.07
-35.56
-35.61
-34.07
-31.00
-26.75
-21.81
-16.73
-12.06
-8.19
-5.27
-3.21
-1.74
-0.51
0.66
1.79
2.70
3.19
3.28
3.17
3.15
3.31
3.52
3.48
3.00
2.11
1.14
0.45
0.25
0.42
0.54
0.27
-0.55
-1.70
-2.80
-3.58
-4.07
-4.68
-5.95
-8.30
-11.86
-16.42
-21.58
-26.81
-31.63
-35.58
-38.16
-38.97
-37.66
-34.26
-29.14
-23.08
-16.99
-11.65
-7.47
-4.44
-2.24
-0.36
1.56
3.65
5.84
7.87
9.44
10.38
10.62
10.16
9.18
7.92
6.71
5.88
5.59
5.74
5.92
5.70
4.73
2.95
0.62
-1.93
-4.44
-6.90
-9.54
-12.62
-16.35
-20.74
-25.65
-30.78
-35.69
-39.77
-42.32
-42.60
-40.11
-34.87
-27.48
-19.01
-10.75
-3.72
1.51
4.99
7.22
8.88
10.52
12.42
14.49
16.41
17.82
18.54
18.58
18.20
17.69
17.19
16.63
15.84
14.67
13.19
11.66
10.30
9.22
8.21
6.93
5.03
2.42
-0.76
-4.19
-7.67
-11.33
-15.54
-20.70
-26.75
-32.96
-38.02
-40.51
-39.51
-35.03
-28.02
-19.89
-11.95
-4.92
1.17
6.57
11.54
16.10
20.10
23.40
25.97
27.92
29.35
30.31
30.75
30.58
29.75
28.23
26.09
23.50
20.74
18.12
15.90
14.20
12.91
11.79
10.57
9.08
7.21
4.89
1.98
-1.68
-6.25
-11.84
-18.35
-25.47
-32.60
-38.83
-43.09
-44.41
-42.24
-36.71
-28.65
-19.39
-10.21
-2.09
4.57
9.92
14.37
18.33
22.08
25.61
28.73
31.14
32.56
32.90
32.27
30.96
29.28
27.57
26.06
24.90
24.21
23.98
24.03
24.00
23.41
21.86
19.27
15.85
12.09
8.51
5.35
2.52
-0.41
-4.00
-8.77
-14.89
-22.16
-29.83
-36.74
-41.57
-43.19
-41.05
-35.31
-26.91
-17.15
-7.34
1.61
9.25
15.58
20.76
24.97
28.35
31.00
33.12
34.90
36.47
37.77
38.56
38.54
37.56
35.78
33.65
31.76
30.58
30.27
30.58
30.95
30.78
29.65
27.40
24.19
20.31
16.09
11.87
7.86
4.19
0.76
-2.71
-6.69
-11.67
-17.91
-25.18
-32.64
-39.00
-42.94
-43.44
-40.31
-34.07
-25.79
-16.69
-7.73
0.48
7.65
13.74
18.70
22.51
25.22
27.07
28.40
29.56
30.68
31.61
32.03
31.66
30.44
28.57
26.41
24.29
22.42
20.85
19.56
18.52
17.71
16.95
16.01
14.67
12.81
10.60
8.29
6.08
3.87
1.30
-2.15
-6.86
-12.89
-19.96
-27.43
-34.46
-40.05
-43.17
-42.98
-39.06
-31.65
-21.74
-10.79
-0.29
8.71
15.82
21.23
25.39
28.63
31.10
32.75
33.52
33.50
32.92
31.97
30.78
29.36
27.66
25.75
23.80
21.97
20.44
19.18
18.02
16.71
15.01
12.76
9.89
6.46
2.63
-1.42
-5.50
-9.45
-13.22
-16.92
-20.83
-25.24
-30.32
-35.91
-41.41
-45.90
-48.30
-47.80
-44.04
-37.25
-28.13
-17.64
-6.73
3.74
13.15
21.07
27.25
31.70
34.64
36.56
38.07
39.74
41.93
44.63
47.43
49.71
50.89
50.60
48.85
45.97
42.43
38.67
34.97
31.50
28.34
25.47
22.78
20.05
16.99
13.41
9.36
5.14
1.08
-2.58
-5.96
-9.52
-13.73
-18.85
-24.69
-30.52
-35.32
-38.05
-38.00
-35.01
-29.46
-22.14
-14.03
-6.02
1.27
7.46
12.38
16.01
18.41
19.77
20.35
20.42
20.17
19.63
18.67
17.11
14.81
11.83
8.45
5.08
2.10
-0.22
-1.86
-2.99
-3.94
-5.11
-6.82
-9.24
-12.33
-15.93
-19.82
-23.90
-28.24
-33.11
-38.74
-45.13
-51.92
-58.30
-63.19
-65.56
-64.69
-60.42
-53.21
-43.95
-33.74
-23.67
-14.53
-6.74
-0.33
4.96
9.47
13.47
16.95
19.68
21.27
21.38
19.88
17.01
13.35
9.68
6.84
5.50
6.01
8.27
11.76
15.52
18.32
19.01
16.88
12.01
5.27
-1.94
-8.31
-13.09
-16.41
-19.07
-21.93
-25.45
-29.36
-32.83
-34.83
-34.50
-31.21
-24.45
-13.89
0.21
16.55
32.64
45.23
51.26
49.15
39.41
24.50
7.93
-6.95
-17.84
-23.78
-24.92
-22.04
-16.21
-8.60
-0.46
7.04
12.98
16.96
19.19
20.28
21.07
22.16
23.72
25.39
26.35
25.65
22.49
16.58
8.30
-1.30
-10.74
-18.40
-23.00
-23.78
-20.76
-14.73
-6.98
0.93
7.73
12.83
16.28
18.58
20.27
21.58
22.39
22.32
21.03
18.45
15.01
11.42
8.35
6.35
5.85
7.31
11.07
17.30
25.69
35.71
46.20
55.53
62.05
64.69
63.27
58.47
51.31
42.64
33.64
24.87
16.22
7.42
-1.35
-9.08
-14.35
-16.09
-14.31
-9.08
-1.74
5.29
9.59
9.82
6.44
1.43
-2.62
-3.59
1.22
12.62
28.98
46.95
63.22
75.93
85.19
92.54
91.12
78.22
56.09
30.62
6.92
-13.19
-30.36
-45.80
-58.50
-69.11
-75.84
-77.01
-72.64
-65.11
-58.26
-55.80
-60.26
-71.76
-87.96
-103.22
-112.19
-112.16
-103.89
-90.68
-76.51
-64.55
-56.40
-52.33
-50.91
-50.88
-51.95
-54.56
-59.14
-65.46
-72.53
-78.99
-83.72
-85.72
-84.73
-81.15
-75.48
-67.74
-57.33
-43.33
-25.12
-3.02
21.62
46.29
67.86
83.53
91.65
92.12
86.16
75.61
62.34
47.93
33.73
21.14
11.67
6.73
7.10
12.52
21.66
32.57
43.30
52.48
59.41
64.00
66.41
66.85
65.57
62.80
58.80
53.85
48.24
42.31
36.44
31.02
26.36
22.57
19.45
16.48
12.96
8.34
2.47
-4.11
-10.30
-14.67
-16.09
-14.14
-9.46
-3.53
1.82
4.93
4.93
1.88
-3.35
-9.43
-15.02
-19.05
-20.94
-20.50
-17.98
-13.89
-8.99
-4.12
-0.07
2.64
3.86
3.87
3.34
2.91
2.94
3.41
3.95
4.12
3.70
2.75
1.56
0.41
-0.63
-1.71
-3.07
-4.90
-7.13
-9.55
-11.91
-14.09
-16.14
-18.25
-20.64
-23.47
-26.67
-29.99
-32.90
-34.76
-34.98
-33.27
-29.70
-24.71
-18.96
-13.10
-7.55
-2.50
2.04
6.02
9.21
11.27
11.89
11.02
8.98
6.43
4.20
2.89
2.64
3.08
3.52
3.25
1.95
-0.18
-2.66
-4.88
-6.54
-7.59
-8.21
-8.57
-8.74
-8.81
-8.97
-9.60
-11.12
-13.77
-17.33
-21.11
-24.18
-25.71
-25.27
-22.90
-19.03
-14.22
-8.99
-3.75
1.21
5.63
9.28
12.03
13.85
14.86
15.26
15.18
14.62
13.52
11.75
9.38
6.67
4.00
1.72
-0.03
-1.35
-2.53
-3.75
-5.02
-6.13
-6.87
-7.28
-7.68
-8.61
-10.46
-13.24
-16.52
-19.59
-21.78
-22.71
-22.22
-20.31
-16.93
-12.08
-6.01
0.60
6.74
11.40
13.97
14.58
13.90
12.79
11.83
11.17
10.59
9.84
8.82
7.65
6.42
5.11
3.58
1.68
-0.54
-2.79
-4.72
-6.10
-6.96
-7.61
-8.45
-9.79
-11.62
-13.74
-15.90
-17.87
-19.55
-20.86
-21.66
-21.71
-20.70
-18.48
-15.17
-11.16
-6.99
-3.07
0.45
3.64
6.66
9.49
11.93
13.62
14.26
13.82
12.52
10.75
8.90
7.28
6.06
5.28
4.86
4.52
3.85
2.42
-0.02
-3.34
-7.05
-10.50
-13.29
-15.40
-17.22
-19.24
-21.68
-24.31
-26.49
-27.50
-26.89
-24.67
-21.36
-17.70
-14.39
-11.81
-9.99
-8.63
-7.30
-5.70
-3.81
-1.94
-0.69
-0.85
-3.02
-7.42
-13.53
-20.14
-25.55
-28.11
-26.83
-21.77
-13.86
-4.45
5.18
14.09
21.48
26.47
28.11
25.82
19.99
12.10
4.38
-1.09
-3.24
-2.31
0.44
3.57
6.03
7.49
8.23
8.72
9.42
10.60
12.25
14.09
15.62
16.10
14.86
11.43
5.75
-1.82
-10.45
-19.01
-26.39
-31.87
-35.49
-38.05
-40.82
-44.76
-49.98
-55.56
-59.96
-61.83
-60.67
-56.92
-51.65
-45.92
-40.52
-36.02
-33.05
-32.58
-35.65
-42.89
-53.73
-66.30
-77.68
-84.69
-84.94
-77.48
-63.13
-44.13
-23.49
-4.28
11.21
21.81
27.65
29.76
29.66
28.77
27.94
27.19
25.63
21.79
14.51
3.93
-7.85
-17.11
-19.85
-13.54
1.54
22.14
43.12
59.11
66.17
62.79
50.39
33.27
18.02
11.69
19.03
39.83
67.97
93.45
106.72
103.22
85.44
61.48
41.05
31.41
35.26
51.06
74.53
100.51
123.67
139.06
142.58
132.08
108.71
77.23
44.90
19.33
6.09
7.09
19.99
38.85
55.93
64.11
59.17
40.81
12.29
-21.26
-54.51
-83.08
-103.61
-113.48
-110.79
-94.75
-67.22
-33.43
-0.80
23.76
36.58
38.34
32.73
23.94
14.96
5.67
-6.44
-23.96
-46.65
-70.47
-88.93
-96.11
-88.82
-66.47
-32.33
7.10
43.76
70.71
84.17
84.25
74.37
60.64
51.95
55.73
75.12
107.81
147.85
188.24
222.94
247.66
248.18
216.87
157.93
86.64
19.52
-33.74
-70.79
-92.33
-103.18
-106.88
-104.39
-96.77
-86.30
-76.41
-69.97
-67.86
-68.96
-71.29
-72.56
-70.01
-62.59
-51.77
-41.08
-34.11
-32.47
-35.31
-40.01
-43.19
-41.47
-33.50
-20.48
-5.58
7.78
17.38
22.39
22.73
18.71
11.15
1.27
-9.19
-18.00
-23.02
-22.98
-18.31
-11.26
-4.91
-1.65
-2.46
-6.80
-13.32
-20.78
-28.37
-35.60
-41.84
-46.09
-47.39
-45.52
-41.57
-37.74
-36.45
-39.22
-45.93
-54.98
-64.07
-71.29
-75.69
-77.21
-76.27
-73.26
-68.40
-61.91
-54.22
-46.12
-38.56
-32.34
-27.63
-23.68
-18.82
-10.77
2.44
21.60
45.65
71.88
96.57
116.35
129.09
134.45
133.55
128.18
119.89
109.44
96.73
81.26
62.85
42.26
21.35
2.56
-12.16
-22.33
-29.29
-35.47
-42.88
-51.61
-59.45
-62.89
-59.04
-47.54
-30.97
-13.64
0.47
9.66
14.83
18.51
22.87
28.44
33.88
37.15
37.06
34.10
30.22
27.59
27.20
28.30
28.90
26.91
21.33
12.81
3.14
-5.66
-12.25
-16.34
-18.70
-20.54
-23.04
-26.96
-32.27
-38.27
-43.62
-46.91
-47.26
-44.85
-41.07
-37.93
-37.22
-39.55
-44.12
-48.95
-51.84
-51.19
-46.51
-38.38
-27.99
-16.64
-5.49
4.57
12.87
18.94
22.68
24.45
25.10
25.82
27.64
30.93
35.07
38.48
39.15
35.42
26.60
13.22
-3.24
-20.87
-37.83
-52.71
-64.50
-72.54
-76.53
-76.55
-73.12
-67.07
-59.42
-51.13
-42.98
-35.55
-29.30
-24.58
-21.57
-20.29
-20.52
-21.95
-24.13
-26.50
-28.39
-29.06
-27.81
-24.29
-18.68
-11.64
-4.25
2.46
7.90
12.08
15.68
19.73
25.19
32.53
41.51
51.16
60.07
66.89
70.72
71.38
69.35
65.50
60.72
55.65
50.64
45.81
41.25
36.99
32.98
28.97
24.65
19.73
14.27
8.78
4.14
1.20
0.34
1.34
3.36
5.32
6.41
6.27
5.06
3.25
1.41
0.16
0.16
2.10
6.40
13.07
21.47
30.41
38.58
44.95
49.02
50.91
51.01
49.69
47.16
43.49
38.83
33.39
27.58
21.81
16.49
12.04
8.82
7.08
6.70
7.09
7.30
6.35
3.66
-0.66
-6.02
-11.70
-17.26
-22.67
-28.02
-33.22
-37.79
-41.11
-42.86
-43.46
-43.89
-45.16
-47.71
-50.85
-53.04
-52.57
-48.32
-40.34
-29.78
-18.42
-7.88
0.80
7.40
12.31
16.23
19.88
23.82
28.40
33.80
39.92
46.32
52.11
55.98
56.55
52.88
44.99
34.02
21.95
10.83
2.01
-4.30
-8.89
-12.87
-16.95
-21.05
-24.52
-26.80
-27.94
-28.86
-30.90
-35.30
-42.47
-51.77
-61.59
-69.87
-74.64
-74.67
-69.61
-60.01
-47.14
-32.45
-17.25
-2.52
11.02
22.71
31.88
37.97
41.01
41.68
41.40
41.97
44.71
49.82
56.25
62.06
65.53
66.14
64.53
62.35
61.51
63.27
67.63
73.37
78.42
80.78
79.07
72.27
60.07
43.20
23.55
3.97
-12.21
-22.22
-25.64
-22.37
-14.40
-5.41
0.99
2.57
-1.11
-7.72
-16.31
-25.72
-34.47
-41.51
-46.40
-49.33
-50.70
-51.30
-51.99
-53.40
-55.57
-57.88
-59.92
-61.49
-62.50
-62.87
-62.50
-61.38
-59.65
-57.52
-55.01
-52.37
-49.93
-48.10
-47.08
-46.93
-47.63
-48.75
-49.75
-49.61
-47.57
-43.57
-38.30
-32.80
-27.86
-23.89
-20.14
-15.47
-7.98
3.95
21.03
42.73
67.60
93.92
119.73
143.96
160.67
164.21
152.25
127.54
96.22
64.24
38.49
18.97
5.04
-4.14
-8.93
-9.80
-8.05
-5.13
-2.55
-1.25
-1.92
-4.09
-7.16
-10.16
-12.34
-13.48
-13.90
-14.30
-15.18
-17.00
-19.44
-22.08
-24.43
-26.33
-28.14
-30.78
-35.27
-42.07
-50.85
-59.96
-67.30
-70.86
-69.61
-63.74
-54.56
-43.83
-33.10
-23.42
-15.08
-8.08
-2.27
2.47
6.37
9.71
12.77
15.68
18.18
19.86
20.21
19.01
16.49
13.31
10.32
8.26
7.55
8.25
10.12
12.71
15.44
17.67
18.77
18.32
16.26
12.96
9.17
5.63
2.75
0.35
-2.23
-5.79
-10.69
-16.52
-22.09
-25.89
-26.66
-23.93
-18.19
-10.66
-2.84
4.03
9.31
13.08
15.95
18.72
21.91
25.55
29.16
32.02
33.46
33.13
30.97
27.23
22.15
16.03
9.19
2.12
-4.47
-10.00
-14.21
-17.51
-20.68
-24.24
-27.86
-30.18
-29.43
-24.38
-15.12
-3.20
9.07
19.68
27.59
32.95
36.49
38.96
41.01
43.36
47.14
53.72
64.07
77.79
92.73
105.39
112.15
110.86
101.68
87.02
70.42
55.02
42.25
31.49
20.83
8.37
-6.41
-22.33
-37.01
-48.06
-54.20
-55.83
-54.64
-52.89
-52.77
-56.08
-64.04
-76.93
-93.25
-109.06
-118.02
-113.30
-90.56
-50.78
-1.06
47.42
83.79
101.70
101.53
89.12
72.42
57.53
46.89
39.72
34.21
29.54
26.40
26.12
29.14
34.39
39.70
43.11
44.04
43.40
42.87
43.82
46.41
49.37
50.65
48.39
41.71
31.15
18.41
5.74
-4.94
-12.70
-17.80
-21.36
-24.71
-28.69
-33.22
-37.51
-40.55
-41.83
-41.70
-41.31
-42.02
-44.82
-49.88
-56.52
-63.41
-68.95
-71.47
-69.49
-61.96
-48.57
-30.15
-8.87
12.06
29.20
39.94
43.38
40.51
33.62
25.32
17.60
11.41
6.84
3.53
1.09
-0.76
-2.36
-4.27
-7.26
-12.07
-19.00
-27.74
-37.49
-47.25
-56.32
-64.40
-71.51
-77.58
-82.14
-84.26
-82.83
-77.07
-66.92
-53.20
-37.22
-20.41
-3.87
11.44
24.42
33.56
37.17
34.31
25.64
13.83
2.74
-4.35
-6.33
-4.90
-3.56
-5.61
-12.23
-21.75
-30.56
-34.94
-32.79
-24.11
-10.64
5.19
21.18
35.54
46.93
54.33
57.02
54.67
47.43
36.08
22.02
7.38
-5.36
-14.20
-18.57
-20.08
-22.07
-28.20
-40.48
-57.98
-76.94
-92.45
-100.44
-98.90
-87.87
-68.51
-42.36
-11.23
22.10
53.51
78.12
91.84
93.05
83.36
66.98
48.91
33.27
22.32
16.51
15.11
16.77
19.66
21.63
20.50
14.64
3.64
-11.53
-29.00
-46.75
-63.35
-78.21
-91.18
-102.00
-109.83
-113.39
-111.35
-103.05
-88.85
-70.27
-49.55
-29.21
-11.37
2.57
12.22
17.94
20.58
21.12
20.52
19.64
19.25
19.83
21.42
23.41
24.63
23.85
20.30
14.06
6.18
-1.62
-7.40
-9.40
-6.21
3.00
18.17
37.87
59.18
77.97
90.08
92.64
85.01
68.76
46.74
22.01
-3.00
-26.32
-45.92
-59.49
-64.78
-60.42
-46.70
-25.72
-1.03
23.14
42.71
54.46
56.74
50.22
38.26
26.11
19.27
21.32
32.39
49.26
66.88
80.44
86.79
84.70
74.27
56.31
32.38
5.13
-21.54
-43.18
-56.33
-59.90
-55.61
-47.27
-39.10
-34.24
-34.10
-38.55
-46.57
-56.79
-67.67
-77.56
-84.74
-87.80
-86.05
-79.89
-70.70
-60.41
-50.82
-42.97
-37.07
-32.71
-29.29
-26.40
-23.95
-21.89
-20.05
-17.95
-15.06
-11.10
-6.42
-1.84
1.75
3.81
4.53
4.56
4.58
4.90
5.39
5.75
5.96
6.35
7.34
9.02
10.79
11.56
10.30
6.67
1.48
-3.47
-5.95
-4.10
2.96
14.77
29.74
45.63
60.21
71.97
80.49
86.44
91.14
95.87
101.25
106.86
111.30
112.66
109.07
99.38
83.68
63.47
41.53
21.31
6.08
-2.02
-2.59
2.83
11.34
19.53
24.49
24.48
19.18
9.37
-3.51
-17.94
-32.68
-46.82
-59.71
-70.74
-79.23
-84.54
-86.24
-84.42
-79.70
-73.08
-65.62
-58.06
-50.66
-43.32
-35.82
-28.16
-20.63
-13.71
-7.79
-3.00
0.80
3.97
6.82
9.52
12.02
14.08
15.44
15.91
15.54
14.61
13.57
12.85
12.61
12.68
12.60
11.84
10.06
7.16
3.31
-1.23
-6.16
-11.14
-15.68
-19.14
-20.84
-20.24
-17.27
-12.29
-6.06
0.58
6.95
12.68
17.62
21.79
25.25
27.99
29.98
31.15
31.47
30.98
29.81
28.18
26.34
24.45
22.58
20.65
18.51
16.05
13.25
10.23
7.15
4.14
1.29
-1.38
-3.80
-5.92
-7.76
-9.52
-11.66
-14.62
-18.70
-23.59
-28.44
-32.02
-33.21
-31.46
-26.94
-20.54
-13.34
-6.27
0.14
5.68
10.37
14.27
17.37
19.68
21.23
22.16
22.57
22.52
21.94
20.70
18.67
15.88
12.53
8.98
5.67
2.94
0.95
-0.36
-1.26
-2.08
-3.05
-4.10
-4.95
-5.13
-4.36
-2.71
-0.72
0.79
1.14
0.20
-1.41
-2.52
-1.93
1.02
6.07
12.11
17.70
21.84
24.45
26.45
29.23
34.03
41.31
50.66
61.04
71.03
79.05
83.47
82.81
76.24
64.13
48.44
32.24
18.57
9.03
2.93
-2.37
-9.93
-21.25
-35.04
-47.59
-54.44
-52.75
-42.80
-27.94
-13.11
-2.83
0.44
-3.42
-12.65
-24.51
-35.95
-43.93
-45.88
-40.33
-27.56
-9.89
8.93
25.15
36.36
42.28
44.31
44.37
43.85
43.16
42.13
40.62
38.93
37.49
36.39
35.11
32.63
28.07
21.26
12.95
4.50
-2.66
-7.74
-10.76
-12.53
-14.17
-16.69
-20.63
-26.09
-32.78
-40.17
-47.58
-54.23
-59.26
-62.03
-62.18
-59.78
-55.30
-49.41
-42.72
-35.60
-28.18
-20.61
-13.20
-6.60
-1.53
1.49
2.43
1.84
0.60
-0.43
-0.82
-0.63
-0.36
-0.60
-1.68
-3.61
-6.08
-8.69
-11.17
-13.46
-15.57
-17.56
-19.40
-21.00
-22.28
-23.34
-24.42
-25.87
-27.97
-30.70
-33.66
-36.11
-37.18
-36.17
-32.81
-27.33
-20.34
-12.64
-4.96
2.10
8.20
13.16
16.95
19.62
21.30
22.11
22.18
21.59
20.48
19.05
17.60
16.44
15.76
15.52
15.52
15.51
15.34
15.08
14.92
14.98
15.26
15.63
15.87
15.84
15.45
14.64
13.33
11.49
9.29
7.28
6.31
7.23
10.52
16.03
23.03
30.50
37.53
43.46
47.90
50.53
50.98
48.91
44.19
37.13
28.43
19.04
9.87
1.59
-5.48
-11.26
-15.83
-19.41
-22.24
-24.54
-26.34
-27.43
-27.41
-25.90
-22.94
-19.21
-15.95
-14.60
-16.15
-20.82
-27.95
-36.35
-44.84
-52.54
-58.92
-63.54
-65.92
-65.46
-61.79
-55.06
-46.05
-35.89
-25.71
-16.31
-8.12
-1.31
3.85
7.09
8.27
7.61
5.80
3.78
2.40
2.07
2.69
3.84
5.10
6.30
7.48
8.75
10.10
11.31
12.02
11.90
10.69
8.36
5.02
0.93
-3.46
-7.61
-10.89
-12.80
-13.02
-11.54
-8.55
-4.35
0.80
6.65
12.89
19.15
24.94
29.73
33.17
35.13
35.70
35.13
33.71
31.65
29.15
26.34
23.33
20.14
16.69
12.90
8.73
4.34
0.06
-3.75
-6.92
-9.68
-12.52
-16.01
-20.34
-25.12
-29.42
-32.07
-32.13
-29.22
-23.66
-16.39
-8.61
-1.55
3.90
7.29
8.79
9.14
9.44
10.78
13.73
18.03
22.50
25.48
25.40
21.41
13.70
3.45
-7.53
-17.28
-24.07
-26.77
-24.94
-19.01
-10.10
0.11
9.78
17.40
22.12
23.98
23.68
22.23
20.64
19.54
19.26
19.85
21.30
23.57
26.54
29.93
33.23
35.84
37.27
37.37
36.41
34.98
33.69
32.96
32.81
32.85
32.46
30.89
27.56
22.23
15.20
7.30
-0.24
-6.15
-9.50
-9.96
-7.88
-4.18
0.01
3.69
6.20
7.37
7.51
7.29
7.50
8.74
11.27
14.94
19.26
23.69
27.78
31.19
33.63
34.73
34.02
31.16
26.10
19.32
11.81
4.86
-0.35
-3.18
-3.75
-2.93
-2.01
-2.24
-4.46
-8.83
-14.91
-21.88
-28.87
-35.17
-40.44
-44.62
-47.83
-50.24
-51.94
-52.97
-53.43
-53.37
-52.88
-52.04
-50.80
-49.04
-46.68
-43.75
-40.47
-37.24
-34.48
-32.40
-30.88
-29.52
-27.78
-25.27
-21.87
-17.90
-13.95
-10.77
-8.92
-8.66
-9.77
-11.74
-13.97
-16.03
-17.85
-19.60
-21.63
-24.12
-26.95
-29.63
-31.35
-31.24
-28.60
-23.18
-15.26
-5.70
4.26
13.37
20.70
25.88
29.11
30.96
32.15
33.20
34.26
35.02
34.77
32.58
27.76
20.29
11.15
2.25
-4.18
-6.41
-3.86
2.69
11.41
20.21
27.36
31.90
33.64
32.86
30.12
26.04
21.42
17.22
14.41
13.82
15.71
19.73
24.91
29.92
33.45
34.62
33.22
29.67
24.87
19.79
15.23
11.49
8.45
5.66
2.57
-1.23
-5.79
-10.83
-15.74
-19.79
-22.42
-23.40
-23.00
-21.87
-20.83
-20.57
-21.35
-22.98
-24.93
-26.54
-27.30
-26.90
-25.22
-22.30
-18.37
-13.89
-9.52
-6.08
-4.13
-3.75
-4.42
-5.29
-5.57
-4.98
-3.85
-2.95
-3.05
-4.63
-7.65
-11.67
-16.12
-20.43
-24.15
-26.93
-28.52
-28.83
-28.09
-26.86
-25.89
-25.88
-27.07
-29.14
-31.25
-32.40
-31.76
-28.90
-23.96
-17.50
-10.31
-3.34
2.53
6.58
8.39
7.98
5.81
2.71
-0.41
-2.90
-4.50
-5.31
-5.58
-5.45
-4.94
-3.91
-2.33
-0.41
1.32
2.35
2.36
1.35
-0.26
-2.03
-3.64
-5.06
-6.39
-7.77
-9.10
-10.13
-10.53
-10.07
-8.70
-6.42
-3.20
1.07
6.56
13.07
19.81
25.36
28.11
26.85
21.48
13.11
3.66
-4.94
-11.52
-15.85
-18.36
-19.46
-19.22
-17.25
-13.20
-7.18
0.11
7.59
14.42
20.25
25.28
29.97
34.66
39.38
43.79
47.45
49.84
50.54
49.35
46.36
41.95
36.71
31.22
25.82
20.58
15.39
10.29
5.56
1.72
-0.72
-1.60
-1.23
-0.32
0.38
0.33
-0.56
-2.09
-3.93
-5.86
-7.99
-10.55
-13.79
-17.57
-21.24
-23.62
-23.35
-19.33
-11.29
0.04
12.94
25.09
34.14
38.25
36.70
29.99
19.72
7.99
-3.25
-12.83
-20.55
-27.07
-33.54
-41.19
-50.95
-62.96
-76.09
-87.95
-95.38
-95.66
-87.89
-73.76
-57.16
-42.56
-33.20
-29.71
-30.31
-32.02
-32.36
-30.24
-26.00
-20.58
-14.72
-8.82
-3.16
1.47
3.75
2.33
-3.26
-12.05
-21.57
-28.80
-31.39
-28.60
-21.52
-12.28
-2.94
5.47
12.99
20.18
27.24
33.59
37.99
39.35
37.50
33.41
28.83
25.50
24.45
25.71
28.51
31.76
34.55
36.42
37.36
37.68
37.71
37.73
37.82
37.93
37.86
37.39
36.34
34.67
32.45
29.81
26.95
24.00
21.09
18.45
16.50
15.77
16.69
19.28
22.91
26.38
28.33
27.81
24.76
20.08
15.32
12.09
11.43
13.60
18.00
23.46
28.59
32.22
33.65
32.78
30.09
26.42
22.62
19.38
17.06
15.80
15.71
16.87
19.41
23.36
28.61
34.98
42.31
50.38
58.75
66.39
71.75
73.01
68.94
59.56
46.40
32.14
19.43
9.93
3.54
-1.05
-5.45
-10.27
-14.72
-16.98
-15.48
-9.95
-1.83
6.26
11.70
12.78
9.13
1.26
-10.19
-24.84
-42.45
-62.27
-82.53
-100.58
-113.65
-119.83
-118.80
-111.98
-101.74
-90.62
-80.54
-72.57
-67.12
-64.22
-63.62
-64.63
-66.00
-65.98
-62.81
-55.36
-43.58
-28.34
-11.09
6.74
24.03
39.96
53.77
64.68
71.91
75.00
73.94
69.21
61.60
51.96
41.05
29.61
18.42
8.33
0.15
-5.58
-8.78
-9.90
-9.78
-9.50
-10.10
-12.31
-16.38
-21.98
-28.44
-34.82
-40.34
-44.49
-47.12
-48.42
-48.68
-48.17
-46.99
-45.04
-42.17
-38.34
-33.65
-28.27
-22.39
-16.12
-9.62
-3.11
2.98
8.23
12.29
15.09
16.74
17.48
17.59
17.19
16.42
15.37
14.16
12.90
11.75
10.89
10.52
10.73
11.37
12.01
11.93
10.48
7.37
2.77
-2.72
-8.48
-14.10
-19.47
-24.69
-29.74
-34.31
-37.87
-39.89
-39.97
-38.02
-34.15
-28.65
-21.93
-14.46
-6.85
0.30
6.41
11.08
14.16
15.71
16.02
15.42
14.23
12.73
11.14
9.62
8.38
7.59
7.34
7.52
7.73
7.40
6.03
3.38
-0.23
-3.99
-6.91
-8.25
-7.94
-6.78
-6.04
-6.96
-10.11
-15.09
-20.68
-25.37
-27.93
-27.75
-25.00
-20.30
-14.40
-8.05
-1.80
3.90
8.63
12.06
14.03
14.59
14.03
12.80
11.37
10.16
9.38
9.07
9.10
9.19
8.98
8.12
6.34
3.67
0.37
-3.08
-6.23
-8.86
-11.16
-13.53
-16.43
-20.15
-24.82
-30.33
-36.50
-43.03
-49.32
-54.43
-57.17
-56.55
-52.14
-44.38
-34.36
-23.52
-13.09
-3.91
3.59
9.35
13.40
16.05
17.74
18.98
20.13
21.25
22.03
21.98
20.87
18.90
16.82
15.54
15.68
17.34
20.05
22.94
25.09
25.73
24.43
21.19
16.41
10.87
5.40
0.56
-3.56
-7.40
-11.59
-16.58
-22.28
-28.07
-33.00
-36.15
-36.84
-34.70
-29.60
-21.69
-11.47
0.16
12.06
23.16
32.88
41.29
48.86
56.01
62.58
67.70
70.15
69.01
64.19
56.59
47.69
38.96
31.27
24.78
19.23
14.42
10.43
7.50
5.68
4.49
2.97
0.09
-4.69
-11.10
-18.13
-24.51
-29.28
-32.19
-33.76
-35.04
-37.12
-40.70
-45.83
-51.81
-57.37
-60.98
-61.36
-57.81
-50.50
-40.35
-28.69
-16.87
-5.83
3.88
12.14
18.88
24.13
27.92
30.41
31.94
32.90
33.60
34.16
34.46
34.23
33.23
31.33
28.53
24.95
20.78
16.35
12.11
8.51
5.82
3.92
2.34
0.47
-2.15
-5.62
-9.57
-13.49
-16.97
-19.96
-22.82
-26.20
-30.77
-36.85
-44.29
-52.29
-59.52
-64.35
-65.28
-61.37
-52.60
-39.88
-24.77
-8.95
6.18
19.70
31.06
39.98
46.31
50.08
51.61
51.48
50.42
49.01
47.43
45.51
42.97
39.68
35.87
31.99
28.48
25.49
22.85
20.19
17.22
13.94
10.60
7.52
4.80
2.03
-1.64
-7.15
-15.00
-24.79
-35.09
-43.81
-48.90
-49.09
-44.25
-35.21
-23.45
-10.53
2.17
13.56
22.81
29.39
33.13
34.37
33.76
32.13
30.12
28.05
25.96
23.87
21.85
20.09
18.76
17.94
17.48
17.12
16.56
15.57
14.08
12.12
9.72
6.86
3.38
-1.04
-6.75
-14.04
-22.95
-33.04
-43.29
-52.21
-58.07
-59.31
-55.13
-45.71
-32.26
-16.76
-1.34
12.27
23.11
31.00
36.30
39.47
40.75
40.17
37.74
33.75
28.85
23.93
19.85
17.05
15.56
14.95
14.70
14.35
13.58
12.20
10.07
7.21
3.72
-0.10
-3.98
-7.86
-12.09
-17.28
-24.03
-32.48
-42.00
-51.21
-58.20
-61.09
-58.53
-50.25
-37.18
-21.15
-4.44
10.89
23.50
32.91
39.32
43.29
45.42
46.13
45.77
44.58
42.85
40.84
38.78
36.76
34.76
32.66
30.25
27.35
23.90
20.04
16.09
12.42
9.15
6.16
3.01
-0.77
-5.44
-11.10
-17.71
-25.19
-33.46
-42.15
-50.30
-56.37
-58.59
-55.55
-46.94
-33.72
-17.88
-1.69
12.99
25.16
34.67
41.76
46.81
50.01
51.50
51.51
50.45
48.82
47.04
45.33
43.67
41.97
40.15
38.26
36.40
34.68
33.10
31.58
29.96
28.04
25.60
22.37
18.19
13.05
7.17
1.09
-4.57
-9.38
-13.45
-17.36
-22.09
-28.39
-36.37
-45.17
-53.17
-58.39
-59.25
-55.01
-46.03
-33.62
-19.59
-5.81
6.24
15.69
22.29
26.30
28.25
28.89
28.88
28.85
29.16
29.96
31.14
32.38
33.27
33.45
32.79
31.43
29.74
28.09
26.62
25.14
23.24
20.49
16.65
11.84
6.46
1.11
-3.67
-7.57
-10.61
-13.16
-15.88
-19.53
-24.69
-31.59
-39.82
-48.38
-55.68
-59.97
-59.72
-54.14
-43.41
-28.84
-12.49
3.34
16.74
26.63
32.89
36.13
37.25
37.07
36.12
34.59
32.58
30.21
27.73
25.40
23.44
21.92
20.75
19.79
18.85
17.87
16.76
15.45
13.81
11.70
9.04
5.94
2.73
-0.17
-2.44
-4.06
-5.44
-7.27
-10.28
-14.93
-21.10
-28.07
-34.66
-39.50
-41.38
-39.42
-33.25
-23.10
-9.80
5.30
20.48
33.99
44.34
50.61
52.53
50.44
45.19
38.01
30.32
23.62
19.15
17.62
18.83
21.64
24.26
24.85
22.25
16.49
8.73
0.71
-6.08
-10.99
-14.46
-17.44
-20.72
-24.27
-27.26
-28.53
-27.50
-24.72
-21.91
-21.35
-24.96
-33.67
-47.13
-63.97
-82.18
-99.34
-112.72
-119.47
-117.25
-104.93
-83.60
-56.63
-28.95
-5.56
10.25
17.77
18.73
16.13
12.79
10.29
8.80
7.63
6.07
3.98
1.91
0.68
0.94
2.84
5.98
9.55
12.73
14.87
15.65
14.89
12.35
7.52
-0.33
-11.71
-26.22
-42.13
-56.26
-64.69
-63.97
-52.54
-31.64
-5.42
20.11
38.98
47.12
43.87
32.00
16.76
3.74
-2.86
-1.58
6.43
18.28
30.81
41.66
49.63
54.55
56.66
56.28
53.61
48.99
43.06
36.86
31.56
28.01
26.43
26.26
26.53
26.32
25.20
23.34
21.41
20.05
19.51
19.49
19.24
17.84
14.66
9.56
3.01
-4.09
-10.75
-16.20
-20.05
-22.47
-24.02
-25.46
-27.47
-30.49
-34.48
-38.96
-42.98
-45.25
-44.62
-40.42
-32.87
-23.10
-12.74
-3.40
3.85
8.70
11.45
12.66
12.82
12.20
10.92
9.17
7.25
5.63
4.75
4.82
5.70
6.95
7.94
8.15
7.25
5.28
2.55
-0.50
-3.44
-5.96
-7.92
-9.32
-10.30
-11.08
-12.01
-13.40
-15.49
-18.32
-21.50
-24.40
-26.13
-25.92
-23.25
-18.09
-10.88
-2.45
6.21
14.09
20.45
24.83
27.16
27.70
26.88
25.21
23.14
21.03
19.09
17.46
16.26
15.54
15.23
15.15
14.95
14.24
12.77
10.47
7.61
4.64
1.93
-0.37
-2.47
-4.84
-8.00
-12.22
-17.44
-23.15
-28.59
-32.86
-35.16
-35.01
-32.23
-27.02
-19.94
-11.76
-3.39
4.31
10.65
15.25
18.12
19.58
20.13
20.27
20.28
20.15
19.74
18.87
17.61
16.24
15.11
14.49
14.36
14.43
14.34
13.78
12.55
10.67
8.21
5.29
2.07
-1.27
-4.52
-7.64
-10.68
-13.92
-17.61
-21.79
-26.12
-29.96
-32.49
-32.99
-31.01
-26.53
-19.94
-12.01
-3.74
3.85
10.02
14.37
17.04
18.45
19.10
19.28
19.09
18.46
17.38
16.07
14.83
13.97
13.53
13.27
12.89
12.21
11.32
10.46
9.83
9.30
8.40
6.60
3.68
-0.10
-4.03
-7.32
-9.49
-10.63
-11.28
-12.18
-13.85
-16.39
-19.36
-22.12
-23.93
-24.32
-23.09
-20.46
-16.78
-12.51
-7.99
-3.47
0.77
4.36
6.88
8.08
8.03
7.27
6.53
6.40
7.11
8.35
9.61
10.49
10.91
11.16
11.56
12.24
13.06
13.70
13.89
13.57
12.91
12.09
11.23
10.24
8.92
7.09
4.72
1.95
-0.93
-3.52
-5.39
-6.09
-5.36
-3.18
0.17
4.12
7.99
11.14
13.16
13.90
13.56
12.58
11.60
11.20
11.84
13.75
16.83
20.61
24.38
27.47
29.42
30.17
29.77
28.38
26.16
23.05
18.91
13.60
7.27
0.48
-5.81
-10.78
-13.79
-14.52
-13.17
-10.35
-6.90
-3.57
-0.84
1.10
1.59
0.43
-1.81
-3.93
-4.57
-2.71
1.82
8.24
14.96
18.48
16.22
7.51
-6.36
-23.19
-41.01
-58.65
-75.83
-92.79
-112.26
-135.73
-162.49
-190.17
-216.27
-239.33
-258.85
-274.66
-286.33
-296.40
-306.01
-313.92
-316.90
-311.56
-296.09
-271.07
-239.49
-188.86
-118.84
-39.84
32.70
88.79
127.88
154.81
174.49
187.89
197.51
202.14
201.92
198.96
196.27
195.67
196.92
198.25
197.85
195.31
188.86
178.40
165.54
152.66
141.46
132.24
124.34
117.02
110.07
102.06
92.53
82.25
72.72
65.13
59.65
55.62
52.19
48.97
45.28
41.13
37.06
33.68
31.09
28.69
25.61
21.27
15.72
9.17
2.18
-4.51
-10.22
-14.47
-17.19
-18.75
-19.89
-21.50
-24.39
-28.83
-34.33
-39.67
-43.24
-43.74
-40.62
-34.35
-26.24
-17.98
-10.99
-6.18
-3.84
-3.88
-6.11
-10.31
-16.21
-23.33
-30.85
-37.75
-43.08
-46.18
-46.88
-45.48
-42.48
-38.52
-34.14
-29.66
-25.26
-20.98
-16.78
-12.72
-9.05
-6.11
-4.27
-3.75
-4.55
-6.48
-9.41
-13.24
-17.98
-23.60
-29.63
-35.26
-39.55
-41.83
-42.11
-41.04
-39.58
-38.38
-37.43
-35.83
-32.25
-25.40
-14.58
-0.01
17.13
34.89
50.86
62.83
69.15
69.24
63.74
54.34
43.17
32.23
22.98
16.06
11.48
8.85
7.53
6.73
5.68
3.73
0.65
-3.24
-7.30
-10.86
-13.68
-16.11
-18.90
-22.70
-27.73
-33.61
-39.43
-44.24
-47.30
-48.23
-46.97
-43.60
-38.37
-31.65
-24.02
-16.21
-8.97
-2.81
2.10
5.84
8.69
11.00
13.13
15.47
18.28
21.49
24.67
27.08
28.03
27.20
24.88
21.79
18.76
16.28
14.32
12.56
10.66
8.48
6.18
3.91
1.62
-0.98
-4.28
-8.55
-13.73
-19.55
-25.54
-31.24
-36.13
-39.62
-41.06
-39.83
-35.63
-28.59
-19.42
-9.30
0.48
8.70
14.54
17.72
18.59
18.00
17.03
16.64
17.27
18.76
20.47
21.72
22.25
22.44
23.12
25.12
28.75
33.52
38.39
42.22
44.23
44.31
42.87
40.47
37.50
34.01
29.71
24.23
17.33
9.10
0.04
-9.05
-17.08
-22.91
-25.70
-25.22
-21.92
-16.87
-11.34
-6.42
-2.70
-0.27
1.03
1.42
1.02
-0.13
-1.82
-3.72
-5.34
-6.27
-6.37
-5.75
-4.81
-3.96
-3.49
-3.44
-3.76
-4.25
-4.85
-5.56
-6.50
-7.82
-9.60
-11.90
-14.77
-18.29
-22.59
-27.73
-33.57
-39.63
-45.07
-48.83
-49.81
-47.27
-41.10
-31.90
-20.99
-10.04
-0.60
6.32
10.61
12.91
14.14
15.08
15.96
16.48
16.17
14.84
12.82
10.77
9.28
8.55
8.22
7.69
6.53
4.77
2.90
1.55
1.02
1.09
1.08
0.20
-2.00
-5.60
-10.23
-15.42
-20.69
-25.63
-29.70
-32.25
-32.55
-30.08
-24.74
-16.96
-7.63
2.16
11.43
19.42
25.69
30.06
32.48
33.02
31.92
29.65
26.94
24.54
23.02
22.48
22.51
22.33
21.21
18.79
15.24
11.15
7.24
4.00
1.56
-0.28
-1.89
-3.76
-6.33
-9.97
-14.91
-21.08
-27.91
-34.38
-39.21
-41.16
-39.50
-34.23
-26.14
-16.54
-6.87
1.74
8.75
14.21
18.47
21.85
24.43
26.05
26.44
25.53
23.52
20.91
18.29
16.05
14.31
12.87
11.36
9.56
7.51
5.46
3.64
2.11
0.63
-1.22
-3.78
-7.22
-11.52
-16.49
-21.89
-27.28
-32.13
-35.70
-37.26
-36.31
-32.80
-27.06
-19.72
-11.52
-3.10
4.89
11.85
17.20
20.57
21.92
21.70
20.60
19.25
18.09
17.15
16.29
15.34
14.32
13.39
12.76
12.41
12.13
11.55
10.44
8.77
6.75
4.65
2.57
0.29
-2.63
-6.68
-12.13
-18.81
-26.00
-32.53
-37.00
-38.09
-35.01
-27.88
-17.72
-6.25
4.63
13.47
19.64
23.36
25.42
26.62
27.46
27.96
27.79
26.64
24.53
21.79
18.95
16.45
14.47
12.91
11.50
10.04
8.43
6.61
4.57
2.17
-0.65
-3.79
-6.97
-9.89
-12.47
-15.02
-18.03
-21.97
-26.92
-32.43
-37.66
-41.61
-43.41
-42.52
-38.85
-32.64
-24.59
-15.61
-6.74
1.16
7.68
12.78
16.80
20.03
22.53
24.15
24.61
23.85
22.15
20.18
18.67
18.09
18.41
19.23
19.98
20.27
19.99
19.26
18.21
16.86
15.14
13.04
10.72
8.51
6.69
5.13
3.30
0.32
-4.54
-11.44
-19.71
-27.91
-34.32
-37.41
-36.34
-31.20
-23.01
-13.35
-3.86
4.18
10.19
14.18
16.63
18.04
18.77
18.96
18.70
18.21
17.77
17.63
17.78
18.01
18.02
17.72
17.25
16.92
16.87
16.86
16.43
15.04
12.47
8.89
4.79
0.71
-2.90
-5.83
-8.09
-9.82
-11.44
-13.56
-16.93
-22.05
-28.86
-36.55
-43.59
-48.23
-49.05
-45.56
-38.26
-28.46
-17.82
-7.74
1.02
8.31
14.35
19.36
23.32
26.05
27.40
27.63
27.45
27.73
29.10
31.55
34.40
36.60
37.34
36.33
33.95
31.01
28.26
26.06
24.25
22.34
19.83
16.48
12.42
8.07
3.92
0.33
-2.62
-5.11
-7.50
-10.27
-13.82
-18.37
-23.77
-29.47
-34.54
-37.95
-38.81
-36.74
-31.88
-24.76
-16.14
-6.84
2.31
10.48
16.90
21.12
23.09
23.26
22.38
21.15
19.97
18.83
17.51
15.84
13.90
11.93
10.30
9.26
8.85
8.95
9.32
9.70
9.74
9.14
7.74
5.51
2.61
-0.75
-4.31
-7.92
-11.56
-15.44
-19.85
-25.07
-31.05
-37.14
-42.14
-44.59
-43.34
-38.10
-29.64
-19.48
-9.31
-0.33
6.97
12.65
17.00
20.07
21.86
22.41
21.97
20.98
19.83
18.62
17.13
15.21
12.97
10.94
9.83
10.06
11.41
13.01
13.76
12.92
10.47
7.07
3.61
0.68
-1.77
-4.28
-7.53
-11.91
-17.34
-23.22
-28.72
-32.98
-35.29
-35.16
-32.48
-27.51
-21.00
-14.03
-7.69
-2.83
0.42
2.42
3.75
4.81
5.58
5.76
5.12
3.78
2.19
0.95
0.43
0.61
1.01
1.08
0.41
-0.97
-2.66
-4.17
-5.14
-5.63
-6.07
-7.07
-9.13
-12.41
-16.66
-21.28
-25.68
-29.50
-32.70
-35.35
-37.39
-38.40
-37.65
-34.47
-28.46
-19.71
-8.84
3.17
15.11
25.74
34.04
39.46
42.06
42.44
41.46
39.83
37.83
35.30
31.99
27.83
23.24
18.86
15.26
12.62
10.63
8.82
6.82
4.56
2.25
0.17
-1.59
-3.06
-4.45
-5.91
-7.56
-9.53
-12.07
-15.63
-20.65
-27.33
-35.30
-43.51
-50.54
-54.90
-55.66
-52.68
-46.59
-38.35
-29.00
-19.28
-9.71
-0.73
7.09
13.10
16.87
18.41
18.30
17.53
17.01
17.29
18.31
19.61
20.62
21.05
20.98
20.81
20.92
21.42
22.07
22.40
21.98
20.54
18.15
15.04
11.46
7.56
3.41
-0.89
-5.20
-9.21
-12.70
-15.61
-18.16
-20.78
-23.97
-28.09
-33.15
-38.69
-43.75
-47.07
-47.45
-44.23
-37.56
-28.42
-18.21
-8.20
0.77
8.48
15.00
20.42
24.67
27.59
29.12
29.52
29.36
29.36
30.15
31.97
34.61
37.49
39.84
41.02
40.71
39.07
36.54
33.75
31.21
29.12
27.38
25.74
23.92
21.73
19.11
16.10
12.81
9.41
6.11
3.17
0.79
-1.03
-2.52
-4.15
-6.44
-9.83
-14.43
-19.96
-25.93
-31.74
-36.86
-40.78
-42.96
-42.78
-39.81
-34.01
-25.98
-16.80
-7.76
0.16
6.69
12.16
17.11
21.84
26.09
29.21
30.63
30.27
28.73
26.96
25.72
25.18
24.91
24.25
22.79
20.79
19.07
18.39
18.97
20.26
21.28
21.19
19.75
17.36
14.70
12.23
10.03
7.87
5.50
2.85
0.05
-2.74
-5.49
-8.23
-11.01
-13.79
-16.45
-19.10
-22.11
-26.05
-31.42
-38.32
-46.16
-53.76
-59.68
-62.58
-61.70
-57.08
-49.41
-39.83
-29.51
-19.37
-10.00
-1.80
4.98
10.13
13.65
15.80
17.19
18.48
20.11
22.10
24.09
25.62
26.45
26.70
26.75
26.91
27.33
27.89
28.38
28.68
28.89
29.17
29.58
30.00
30.05
29.27
27.32
24.04
19.64
14.55
9.37
4.59
0.44
-3.17
-6.61
-10.19
-14.00
-17.88
-21.61
-25.15
-28.79
-32.86
-37.35
-41.60
-44.31
-44.03
-39.86
-32.00
-21.73
-10.94
-1.37
5.97
11.01
14.28
16.42
17.82
18.46
18.19
16.96
15.11
13.27
12.02
11.67
11.95
12.16
11.59
9.88
7.25
4.38
2.13
1.08
1.24
2.17
3.17
3.58
3.00
1.38
-1.08
-4.00
-7.02
-9.79
-12.17
-14.20
-16.24
-18.81
-22.40
-27.21
-32.95
-38.76
-43.49
-45.97
-45.42
-41.74
-35.50
-27.69
-19.39
-11.62
-4.99
0.15
3.73
5.89
6.93
7.31
7.47
7.73
8.09
8.23
7.64
5.92
3.03
-0.58
-4.09
-6.75
-8.13
-8.37
-8.02
-7.83
-8.34
-9.74
-11.72
-13.75
-15.35
-16.25
-16.57
-16.77
-17.54
-19.48
-22.82
-27.27
-31.92
-35.53
-36.93
-35.42
-31.01
-24.35
-16.49
-8.38
-0.71
6.19
12.21
17.29
21.27
23.92
25.11
24.83
23.31
20.91
18.23
15.79
14.02
13.06
12.69
12.41
11.62
9.92
7.25
3.94
0.54
-2.41
-4.70
-6.40
-7.93
-9.76
-12.27
-15.69
-20.04
-25.18
-30.68
-35.79
-39.55
-40.96
-39.24
-34.18
-26.27
-16.63
-6.63
2.51
10.14
16.12
20.67
24.03
26.20
27.07
26.60
25.11
23.27
21.85
21.26
21.34
21.36
20.47
18.11
14.39
9.97
5.71
2.27
-0.13
-1.70
-2.82
-3.88
-5.12
-6.74
-8.86
-11.67
-15.32
-19.91
-25.35
-31.27
-36.97
-41.45
-43.60
-42.48
-37.71
-29.63
-19.37
-8.47
1.53
9.56
15.30
19.01
21.22
22.34
22.62
22.14
21.13
19.99
19.16
18.84
18.85
18.65
17.76
16.04
13.91
12.07
11.00
10.61
10.28
9.16
6.71
3.04
-1.20
-5.24
-8.67
-11.70
-14.96
-19.12
-24.44
-30.54
-36.52
-41.27
-43.81
-43.55
-40.36
-34.47
-26.36
-16.70
-6.36
3.68
12.54
19.65
24.93
28.70
31.49
33.69
35.37
36.30
36.25
35.21
33.53
31.88
30.80
30.51
30.75
31.00
30.83
30.14
29.17
28.27
27.63
27.08
26.14
24.24
20.99
16.38
10.87
5.16
-0.07
-4.32
-7.46
-9.68
-11.46
-13.40
-16.20
-20.42
-26.27
-33.29
-40.27
-45.56
-47.45
-44.97
-38.25
-28.61
-17.94
-7.97
0.34
6.99
12.53
17.51
21.96
25.43
27.36
27.51
26.20
24.28
22.61
21.77
21.92
22.80
24.03
25.27
26.32
27.02
27.23
26.75
25.35
22.94
19.63
15.79
11.89
8.32
5.22
2.49
-0.13
-2.84
-5.60
-8.18
-10.34
-12.07
-13.77
-15.94
-18.90
-22.41
-25.50
-26.81
-25.19
-20.14
-12.08
-2.13
8.34
18.18
26.74
33.96
40.16
45.75
51.04
56.08
60.64
64.42
67.16
68.75
69.24
68.74
67.27
64.77
61.12
56.36
50.80
45.00
39.52
34.82
30.97
27.73
24.71
21.59
18.21
14.69
11.33
8.46
6.34
5.02
4.27
3.67
2.64
0.82
-1.85
-5.03
-8.09
-10.34
-11.40
-11.35
-10.63
-9.91
-9.70
-10.22
-11.36
-12.87
-14.51
-16.27
-18.20
-20.39
-22.84
-25.41
-27.84
-29.86
-31.29
-32.04
-32.08
-31.34
-29.86
-27.79
-25.48
-23.43
-22.12
-21.75
-22.12
-22.62
-22.50
-21.18
-18.58
-15.14
-11.66
-8.95
-7.42
-6.99
-7.14
-7.27
-6.94
-6.10
-5.06
-4.30
-4.11
-4.47
-5.13
-5.68
-5.82
-5.48
-4.80
-3.98
-3.10
-2.12
-0.99
0.21
1.28
1.82
1.65
0.82
-0.21
-0.78
-0.34
1.28
3.69
6.13
7.68
7.65
5.82
2.38
-2.12
-7.16
-12.21
-16.91
-21.04
-24.45
-27.09
-29.09
-30.69
-32.17
-33.63
-34.97
-35.87
-36.14
-35.81
-35.27
-35.13
-35.94
-37.90
-40.81
-44.08
-46.91
-48.64
-48.96
-48.07
-46.69
-45.90
-46.72
-49.83
-55.11
-61.73
-68.21
-72.94
-74.55
-72.11
-65.22
-53.90
-38.73
-20.86
-2.11
15.32
29.40
38.96
44.05
45.81
45.91
45.73
45.89
46.23
46.22
45.41
43.83
41.88
40.04
38.58
37.45
36.46
35.50
34.66
34.22
34.28
34.63
34.63
33.51
30.67
26.06
20.32
14.56
9.94
7.14
6.07
5.92
5.50
3.71
-0.02
-5.51
-11.89
-17.80
-21.84
-22.93
-20.67
-15.40
-8.13
-0.12
7.47
13.95
19.14
23.27
26.55
28.99
30.31
30.17
28.56
25.85
22.79
20.19
18.53
17.80
17.66
17.78
18.00
18.43
19.23
20.31
21.36
21.94
21.75
20.88
19.77
18.98
18.91
19.53
20.40
20.95
20.76
19.84
18.50
17.22
16.20
15.25
13.83
11.42
7.82
3.21
-1.73
-6.39
-10.34
-13.49
-16.02
-18.24
-20.30
-22.19
-23.77
-24.80
-25.16
-24.95
-24.49
-24.24
-24.60
-25.69
-27.25
-28.83
-30.03
-30.84
-31.52
-32.56
-34.31
-36.72
-39.43
-41.86
-43.49
-44.00
-43.35
-41.75
-39.55
-37.28
-35.47
-34.63
-35.00
-36.41
-38.24
-39.61
-39.57
-37.40
-32.79
-25.86
-17.13
-7.33
2.79
12.56
21.43
28.99
34.82
38.58
40.16
39.71
37.83
35.41
33.30
32.10
31.79
31.81
31.32
29.64
26.61
22.56
18.14
13.96
10.29
7.06
4.09
1.28
-1.31
-3.51
-5.22
-6.54
-7.71
-8.93
-10.29
-11.80
-13.49
-15.48
-17.98
-21.09
-24.63
-28.03
-30.37
-30.69
-28.26
-22.91
-15.28
-6.53
1.95
9.10
14.43
18.06
20.41
21.77
22.06
21.15
19.22
16.96
15.49
15.77
17.98
21.36
24.53
26.08
25.23
22.08
17.52
12.67
8.46
5.31
3.09
1.28
-0.78
-3.64
-7.56
-12.42
-17.75
-22.92
-27.35
-30.67
-32.83
-34.05
-34.85
-35.93
-37.84
-40.74
-44.17
-47.09
-48.23
-46.66
-42.19
-35.43
-27.47
-19.42
-11.95
-5.24
0.80
6.17
10.62
13.81
15.64
16.41
16.80
17.52
18.93
20.89
22.83
24.08
24.20
23.22
21.61
19.99
18.78
18.06
17.55
16.81
15.52
13.67
11.54
9.47
7.63
5.91
3.96
1.41
-1.92
-5.98
-10.47
-15.00
-19.04
-22.09
-23.59
-23.17
-20.66
-16.28
-10.48
-3.88
2.93
9.38
14.99
19.41
22.42
24.08
24.71
24.72
24.42
23.87
22.89
21.33
19.34
17.38
16.04
15.69
16.16
16.84
16.96
15.95
13.74
10.72
7.57
4.88
2.99
1.84
1.09
0.31
-0.97
-3.14
-6.38
-10.72
-15.91
-21.47
-26.72
-30.78
-32.90
-32.56
-29.81
-25.20
-19.63
-14.01
-8.96
-4.72
-1.21
1.71
4.09
5.92
6.98
7.10
6.24
4.55
2.49
0.71
-0.06
0.71
3.07
6.53
10.12
12.89
14.25
14.12
12.97
11.42
10.05
9.10
8.56
8.27
8.11
8.05
8.11
8.11
7.66
6.21
3.37
-0.72
-5.11
-8.33
-8.93
-6.18
-0.46
6.96
14.57
21.34
27.13
32.28
37.07
41.24
43.88
44.06
41.33
36.14
29.67
23.18
17.42
12.43
7.66
2.57
-2.95
-8.34
-12.67
-15.13
-15.44
-14.05
-11.96
-10.19
-9.45
-9.86
-11.04
-12.49
-13.91
-15.29
-16.81
-18.55
-20.42
-22.21
-23.86
-25.53
-27.62
-30.37
-33.55
-36.24
-37.07
-34.84
-29.16
-20.79
-11.50
-3.38
1.99
4.08
3.37
1.01
-1.91
-4.74
-7.34
-9.68
-11.58
-12.54
-12.09
-10.20
-7.51
-5.11
-3.99
-4.51
-6.22
-8.07
-9.06
-8.70
-7.14
-4.93
-2.62
-0.63
0.83
1.52
1.20
-0.29
-2.83
-5.90
-8.74
-10.78
-11.96
-12.88
-14.52
-17.75
-22.73
-28.66
-33.95
-36.75
-35.71
-30.58
-22.30
-12.52
-3.05
4.91
11.07
15.74
19.41
22.33
24.36
25.24
24.96
24.00
23.19
23.30
24.57
26.61
28.48
29.26
28.47
26.32
23.57
21.08
19.38
18.46
17.88
17.12
16.01
14.79
13.86
13.42
13.20
12.52
10.62
7.14
2.23
-3.42
-9.03
-14.10
-18.48
-22.23
-25.18
-26.76
-26.18
-22.85
-16.94
-9.40
-1.78
4.55
8.67
10.50
10.58
9.72
8.70
7.99
7.90
8.53
9.82
11.64
13.71
15.71
17.38
18.52
19.01
18.79
17.86
16.36
14.49
12.49
10.62
8.99
7.68
6.59
5.44
3.77
1.06
-3.09
-8.71
-15.38
-22.31
-28.54
-33.20
-35.64
-35.46
-32.41
-26.60
-18.50
-9.07
0.29
8.21
13.78
16.82
17.85
17.79
17.44
17.17
16.91
16.26
14.97
12.95
10.48
8.01
5.99
4.63
3.95
3.77
3.90
4.32
5.12
6.36
7.75
8.66
8.20
5.56
0.49
-6.54
-14.39
-21.81
-27.86
-32.34
-35.85
-39.41
-43.91
-49.49
-55.38
-59.94
-61.28
-58.02
-49.96
-38.30
-25.17
-12.92
-3.19
3.51
7.70
10.34
12.36
14.29
16.33
18.51
20.81
23.15
25.30
26.84
27.42
26.91
25.62
24.11
22.99
22.45
22.33
22.28
21.99
21.53
21.16
21.20
21.70
22.33
22.49
21.60
19.36
15.88
11.59
6.99
2.37
-2.24
-6.97
-11.76
-16.36
-20.40
-23.77
-26.85
-30.40
-35.08
-40.81
-46.54
-50.51
-51.04
-47.30
-39.81
-29.93
-19.29
-9.15
-0.10
7.63
13.84
18.23
20.60
21.16
20.74
20.39
21.01
22.82
25.30
27.49
28.49
27.95
26.24
24.21
22.77
22.55
23.55
25.25
26.83
27.46
26.74
24.73
21.96
19.07
16.54
14.42
12.40
9.97
6.82
2.97
-1.17
-5.04
-8.24
-10.74
-12.90
-15.25
-18.20
-21.92
-26.23
-30.96
-35.87
-40.74
-45.06
-47.95
-48.28
-45.16
-38.46
-28.97
-18.21
-7.77
1.20
8.23
13.41
17.03
19.38
20.66
21.09
20.90
20.39
19.73
19.02
18.31
17.73
17.45
17.56
17.85
17.93
17.46
16.44
15.26
14.47
14.29
14.44
14.25
13.00
10.44
7.01
3.49
0.81
-0.60
-1.00
-1.13
-1.98
-4.27
-8.31
-13.82
-20.16
-26.45
-31.88
-35.75
-37.53
-36.85
-33.47
-27.38
-18.99
-9.19
0.75
9.54
16.34
20.96
23.82
25.56
26.64
27.12
26.84
25.81
24.42
23.38
23.35
24.50
26.41
28.21
29.04
28.53
26.91
24.86
23.17
22.20
21.75
21.23
19.91
17.47
14.12
10.53
7.30
4.60
1.95
-1.51
-6.54
-13.30
-21.25
-29.41
-36.74
-42.37
-45.69
-46.35
-44.24
-39.61
-33.24
-26.28
-19.91
-14.92
-11.47
-9.16
-7.54
-6.40
-5.84
-6.11
-7.14
-8.43
-9.23
-8.97
-7.54
-5.27
-2.67
-0.08
2.47
5.03
7.59
9.86
11.31
11.45
10.13
7.57
4.21
0.56
-3.08
-6.56
-9.91
-13.17
-16.44
-19.82
-23.50
-27.65
-32.38
-37.72
-43.40
-48.92
-53.44
-56.03
-55.73
-52.02
-44.86
-34.92
-23.36
-11.56
-0.78
8.26
15.48
21.28
26.22
30.74
34.88
38.43
41.16
42.98
44.02
44.55
44.69
44.33
43.28
41.45
39.04
36.51
34.36
32.88
32.02
31.39
30.45
28.70
25.72
21.39
15.97
10.07
4.51
0.04
-3.09
-5.28
-7.30
-10.05
-14.12
-19.64
-26.34
-33.62
-40.66
-46.35
-49.51
-49.00
-44.39
-36.18
-25.91
-15.60
-6.98
-0.86
3.00
5.57
7.84
10.28
12.72
14.61
15.51
15.44
14.90
14.64
15.24
16.78
18.80
20.68
21.91
22.38
22.30
21.95
21.45
20.61
19.17
16.94
14.05
10.91
7.99
5.68
4.06
2.97
2.01
0.61
-1.78
-5.57
-10.96
-17.67
-24.90
-31.47
-35.93
-37.02
-34.00
-27.09
-17.33
-6.35
4.09
12.70
18.77
22.36
24.05
24.60
24.67
24.62
24.51
24.22
23.57
22.41
20.71
18.60
16.32
14.16
12.32
10.85
9.67
8.59
7.39
5.89
3.94
1.53
-1.30
-4.41
-7.66
-10.95
-14.21
-17.39
-20.47
-23.48
-26.52
-29.64
-32.78
-35.55
-37.28
-37.15
-34.55
-29.39
-22.27
-14.24
-6.47
0.25
5.73
10.35
14.64
18.89
22.87
25.98
27.59
27.34
25.41
22.44
19.18
16.44
14.60
13.72
13.40
13.07
12.05
9.86
6.45
2.17
-2.33
-6.51
-10.12
-13.34
-16.56
-20.16
-24.34
-29.12
-34.44
-40.06
-45.49
-49.89
-52.17
-51.26
-46.59
-38.43
-27.90
-16.58
-6.04
2.62
9.04
13.44
16.36
18.45
20.20
21.85
23.43
24.85
26.02
26.92
27.53
27.80
27.68
27.17
26.32
25.29
24.26
23.32
22.53
21.80
21.02
19.99
18.43
15.97
12.27
7.19
0.90
-6.23
-13.77
-21.35
-28.65
-35.15
-40.00
-42.14
-40.70
-35.39
-26.77
-16.08
-4.87
5.48
14.04
20.31
24.22
25.99
26.08
25.08
23.62
22.15
20.84
19.61
18.31
16.85
15.27
13.66
12.15
10.94
10.13
9.87
10.18
10.85
11.46
11.44
10.35
8.00
4.59
0.54
-3.66
-7.68
-11.40
-14.92
-18.49
-22.45
-27.21
-33.17
-40.55
-49.11
-57.89
-65.32
-69.52
-68.93
-63.05
-52.70
-39.91
-27.14
-16.45
-8.72
-3.54
0.36
4.26
8.83
13.92
18.89
23.14
26.53
29.35
32.00
34.54
36.62
37.69
37.50
36.28
34.80
33.80
33.57
33.81
33.81
32.90
30.89
28.16
25.36
23.09
21.45
20.06
18.22
15.34
11.19
5.94
0.12
-5.68
-11.09
-16.08
-20.90
-25.86
-31.10
-36.53
-41.90
-47.07
-52.13
-57.19
-62.11
-66.17
-68.13
-66.71
-61.31
-52.35
-41.31
-30.05
-20.07
-11.93
-5.29
0.54
6.09
11.34
15.91
19.49
22.14
24.31
26.54
29.06
31.72
34.04
35.57
36.07
35.59
34.36
32.70
30.92
29.35
28.32
27.98
28.14
28.10
26.96
24.03
19.27
13.41
7.59
2.80
-0.61
-2.97
-4.98
-7.25
-10.11
-13.70
-18.16
-23.72
-30.35
-37.53
-44.00
-48.22
-48.85
-45.42
-38.43
-29.11
-18.94
-9.11
-0.39
6.87
12.63
16.91
19.82
21.46
22.08
21.91
21.27
20.38
19.41
18.52
17.83
17.40
17.20
17.13
17.02
16.69
16.01
14.90
13.33
11.29
8.86
6.08
3.06
-0.07
-3.05
-5.69
-7.91
-9.95
-12.37
-15.86
-21.02
-27.92
-35.96
-43.88
-50.04
-53.05
-52.18
-47.58
-40.07
-30.82
-20.91
-11.20
-2.35
5.22
11.37
16.31
20.55
24.67
29.05
33.66
38.02
41.47
43.46
43.87
42.88
41.02
38.89
37.03
35.93
35.83
36.67
38.03
39.24
39.58
38.51
35.86
31.77
26.60
20.80
14.87
9.29
4.41
0.34
-3.05
-6.22
-9.78
-14.19
-19.55
-25.53
-31.53
-36.99
-41.53
-44.93
-47.00
-47.37
-45.47
-40.85
-33.38
-23.44
-11.90
0.14
11.62
21.57
29.34
34.60
37.46
38.45
38.38
38.06
37.95
38.03
37.83
36.78
34.53
31.05
26.69
21.95
17.42
13.70
11.29
10.53
11.29
13.08
15.11
16.68
17.36
17.05
15.85
13.84
11.04
7.53
3.61
-0.32
-3.81
-6.67
-9.11
-11.59
-14.54
-17.96
-21.47
-24.43
-26.50
-27.89
-29.41
-31.96
-36.04
-41.23
-46.11
-48.82
-47.68
-42.06
-32.58
-20.89
-9.02
1.37
9.37
14.83
18.07
19.57
19.69
18.76
17.13
15.28
13.77
13.07
13.40
14.56
15.99
16.95
16.83
15.42
12.93
9.99
7.35
5.56
4.71
4.55
4.56
4.28
3.50
2.32
1.07
0.06
-0.61
-1.12
-1.87
-3.36
-5.89
-9.37
-13.29
-16.88
-19.47
-20.79
-21.15
-21.32
-22.20
-24.52
-28.41
-33.35
-38.27
-41.86
-42.97
-40.93
-35.75
-28.12
-19.26
-10.52
-3.11
2.29
5.60
7.23
7.74
7.65
7.17
6.41
5.52
4.79
4.61
5.17
6.26
7.29
7.61
6.81
5.18
3.44
2.45
2.60
3.58
4.48
4.36
2.75
-0.08
-3.27
-5.83
-7.22
-7.64
-7.94
-9.24
-12.33
-17.38
-23.69
-29.96
-34.68
-36.62
-35.17
-30.45
-23.26
-14.75
-6.16
1.49
7.60
11.98
14.76
16.31
16.96
17.00
16.56
15.76
14.70
13.60
12.77
12.44
12.71
13.50
14.53
15.51
16.18
16.33
15.77
14.32
11.79
8.24
3.91
-0.66
-4.92
-8.49
-11.42
-14.14
-17.25
-21.28
-26.41
-32.49
-39.04
-45.35
-50.57
-53.66
-53.74
-50.28
-43.41
-33.96
-23.31
-12.99
-4.23
2.24
6.31
8.37
9.06
9.09
9.09
9.40
10.14
11.23
12.43
13.59
14.55
15.23
15.61
15.69
15.54
15.34
15.29
15.40
15.48
15.09
13.75
11.26
7.79
3.88
0.13
-3.13
-6.15
-9.56
-14.04
-19.82
-26.28
-32.08
-35.52
-35.31
-30.95
-22.99
-12.63
-1.37
9.53
19.28
27.44
33.95
38.82
42.19
44.31
45.58
46.34
46.83
47.04
46.84
46.11
44.93
43.54
42.19
40.91
39.48
37.46
34.57
30.81
26.64
22.71
19.47
16.90
14.46
11.44
7.48
2.82
-1.79
-5.44
-7.75
-8.97
-9.92
-11.67
-14.99
-20.13
-26.77
-34.25
-41.60
-47.70
-51.40
-51.74
-48.30
-41.39
-32.06
-21.86
-12.32
-4.50
1.16
4.84
7.14
8.76
10.39
12.50
15.29
18.58
21.87
24.51
25.99
26.13
25.25
23.96
22.88
22.33
22.17
21.92
20.97
18.87
15.61
11.47
6.90
2.29
-2.20
-6.50
-10.59
-14.43
-17.83
-20.70
-23.04
-24.97
-26.68
-28.31
-29.80
-31.04
-31.98
-32.80
-33.86
-35.55
-37.98
-40.80
-43.28
-44.57
-43.98
-41.24
-36.50
-30.12
-22.56
-14.28
-5.74
2.45
9.59
15.08
18.58
20.14
20.19
19.33
18.13
16.93
15.86
14.90
14.02
13.18
12.44
11.86
11.58
11.66
12.04
12.46
12.51
11.81
10.19
7.76
4.82
1.69
-1.48
-4.78
-8.46
-12.72
-17.62
-23.08
-28.81
-34.46
-39.54
-43.41
-45.50
-45.49
-43.56
-40.38
-36.90
-33.78
-31.21
-28.94
-26.52
-23.68
-20.46
-17.08
-13.71
-10.31
-6.77
-3.06
0.61
3.89
6.56
8.64
10.33
11.86
13.18
14.03
14.05
13.01
10.92
8.04
4.71
1.28
-2.05
-5.11
-7.90
-10.64
-13.70
-17.36
-21.68
-26.19
-30.04
-32.28
-32.19
-29.62
-24.83
-18.42
-11.05
-3.38
4.04
10.70
16.26
20.68
24.20
27.21
29.97
32.44
34.28
35.14
34.92
33.91
32.53
31.13
29.69
27.92
25.48
22.21
18.23
13.81
9.21
4.67
0.45
-3.17
-6.04
-8.33
-10.62
-13.83
-18.73
-25.61
-33.90
-42.30
-49.10
-52.73
-52.25
-47.48
-39.05
-28.09
-16.01
-4.23
6.11
14.23
19.80
22.96
24.27
24.56
24.69
25.30
26.53
27.98
28.90
28.60
26.77
23.73
20.23
17.15
15.11
14.26
14.28
14.55
14.37
13.10
10.34
6.05
0.56
-5.50
-11.54
-17.26
-22.76
-28.36
-34.20
-39.82
-44.10
-45.68
-43.60
-37.81
-29.30
-19.56
-9.98
-1.34
6.25
13.03
19.09
24.21
27.95
30.02
30.51
29.97
29.14
28.55
28.36
28.31
28.07
27.46
26.56
25.57
24.60
23.53
22.03
19.80
16.68
12.86
8.78
4.90
1.56
-1.31
-4.04
-7.18
-11.26
-16.56
-23.08
-30.41
-37.78
-44.16
-48.42
-49.65
-47.34
-41.61
-33.17
-23.20
-12.94
-3.44
4.78
11.66
17.35
22.06
25.78
28.45
30.07
30.86
31.25
31.70
32.51
33.67
34.93
35.91
36.26
35.78
34.51
32.65
30.52
28.40
26.45
24.66
22.90
21.06
19.14
17.25
15.45
13.63
11.48
8.59
4.65
-0.32
-6.01
-12.01
-18.16
-24.47
-31.13
-38.03
-44.67
-50.00
-52.88
-52.42
-48.31
-40.95
-31.35
-20.71
-10.17
-0.55
7.74
14.69
20.46
25.23
29.05
31.90
33.69
34.47
34.45
33.95
33.31
32.75
32.43
32.42
32.77
33.39
34.11
34.63
34.65
33.93
32.46
30.38
27.78
24.75
21.30
17.40
13.13
8.73
4.49
0.65
-2.70
-5.71
-8.73
-12.20
-16.49
-21.78
-27.93
-34.57
-41.11
-46.81
-50.93
-52.72
-51.59
-47.23
-39.80
-30.00
-19.05
-8.33
0.92
8.06
13.02
16.15
18.01
19.03
19.45
19.33
18.70
17.66
16.40
15.20
14.28
13.77
13.63
13.72
13.81
13.78
13.52
12.93
11.90
10.24
7.83
4.67
0.95
-2.90
-6.38
-9.16
-11.28
-13.13
-15.41
-18.82
-23.73
-29.94
-36.63
-42.47
-46.00
-46.00
-41.96
-34.28
-24.22
-13.51
-3.79
3.88
9.19
12.43
14.23
15.13
15.49
15.53
15.45
15.52
15.88
16.53
17.11
17.20
16.47
14.93
13.03
11.40
10.55
10.68
11.52
12.53
13.05
12.53
10.66
7.56
3.72
-0.19
-3.56
-6.10
-8.05
-10.05
-12.88
-17.00
-22.38
-28.30
-33.50
-36.63
-36.62
-33.13
-26.65
-18.33
-9.59
-1.60
4.97
10.04
13.99
17.25
20.12
22.63
24.72
26.38
27.84
29.38
31.14
33.02
34.64
35.56
35.52
34.60
33.21
31.92
31.27
31.44
32.16
32.77
32.41
30.45
26.69
21.46
15.44
9.36
3.62
-1.75
-7.02
-12.41
-17.97
-23.53
-28.85
-33.71
-37.84
-40.87
-42.29
-41.66
-38.81
-33.97
-27.70
-20.64
-13.42
-6.49
-0.32
4.68
8.24
10.42
11.66
12.65
14.05
16.14
18.83
21.79
24.71
27.44
29.94
32.23
34.24
35.81
36.70
36.69
35.69
33.73
31.02
27.84
24.54
21.43
18.63
16.24
14.30
12.78
11.57
10.44
8.97
6.69
3.33
-0.95
-5.65
-10.06
-13.66
-16.29
-18.06
-19.22
-19.77
-19.58
-18.44
-16.43
-13.97
-11.79
-10.48
-10.32
-11.04
-12.12
-12.99
-13.46
-13.73
-14.25
-15.39
-17.27
-19.69
-22.30
-24.80
-27.07
-28.98
-30.30
-30.65
-29.70
-27.44
-24.29
-20.97
-18.13
-16.00
-14.27
-12.32
-9.87
-7.13
-4.91
-3.96
-4.56
-6.21
-7.99
-9.06
-9.25
-9.13
-9.64
-11.64
-15.42
-20.66
-26.65
-32.45
-37.13
-39.87
-39.95
-36.87
-30.63
-21.80
-11.59
-1.54
6.85
12.58
15.32
15.45
13.89
11.65
9.52
7.89
6.64
5.45
4.09
2.63
1.34
0.54
0.37
0.69
1.17
1.38
1.08
0.22
-1.03
-2.34
-3.50
-4.44
-5.37
-6.69
-8.76
-11.68
-15.14
-18.63
-21.75
-24.58
-27.59
-31.34
-35.97
-40.84
-44.73
-46.32
-44.70
-39.74
-32.02
-22.54
-12.36
-2.53
5.95
12.24
15.73
16.34
14.61
11.66
8.98
7.88
9.18
12.97
18.46
24.26
28.88
31.20
30.89
28.52
25.23
22.21
20.19
19.14
18.40
17.13
14.55
10.46
5.09
-1.07
-7.47
-13.82
-20.03
-26.16
-32.23
-38.21
-44.12
-49.99
-55.80
-61.29
-65.75
-68.10
-67.20
-62.34
-53.68
-42.29
-29.83
-17.93
-7.63
0.85
7.88
13.99
19.45
24.12
27.61
29.52
29.77
28.65
26.71
24.63
22.86
21.52
20.41
19.23
17.80
16.27
15.00
14.28
14.12
14.11
13.70
12.47
10.36
7.69
4.90
2.20
-0.48
-3.34
-6.52
-9.96
-13.43
-16.83
-20.31
-24.27
-29.18
-35.25
-42.26
-49.51
-55.97
-60.50
-62.19
-60.47
-55.34
-47.30
-37.31
-26.44
-15.68
-5.71
3.21
11.06
18.05
24.32
29.95
34.83
38.80
41.69
43.48
44.42
44.91
45.43
46.32
47.63
49.14
50.52
51.49
51.98
52.10
52.04
51.91
51.64
50.97
49.62
47.38
44.30
40.45
36.00
31.06
25.74
20.15
14.47
8.88
3.46
-1.94
-7.80
-14.69
-22.88
-31.97
-40.73
-47.40
-50.33
-48.57
-42.34
-32.84
-21.83
-11.14
-2.17
4.26
7.98
9.26
8.75
7.28
5.73
4.82
4.87
5.76
6.99
8.07
8.58
8.45
7.80
6.83
5.81
4.92
4.27
3.93
3.91
4.16
4.59
4.96
4.91
4.06
2.13
-0.92
-4.94
-9.65
-14.92
-20.68
-26.96
-33.56
-39.84
-44.68
-46.68
-44.70
-38.31
-28.15
-15.76
-3.12
8.03
16.74
22.91
27.22
30.53
33.49
36.34
38.87
40.60
41.10
40.27
38.43
36.21
34.38
33.38
33.29
33.69
34.02
33.79
32.78
30.96
28.32
24.74
20.03
14.28
7.94
1.82
-3.39
-7.50
-11.16
-15.54
-21.77
-30.32
-40.66
-51.37
-60.59
-66.59
-68.23
-65.16
-57.83
-47.26
-34.90
-22.18
-10.38
-0.34
7.65
13.77
18.51
22.38
25.78
28.81
31.39
33.26
34.24
34.27
33.43
31.96
30.11
28.08
26.00
24.02
22.34
21.17
20.61
20.49
20.34
19.45
17.24
13.41
8.25
2.43
-3.26
-8.35
-12.80
-16.95
-21.36
-26.52
-32.74
-39.94
-47.50
-54.23
-58.51
-58.83
-54.33
-45.38
-33.48
-20.71
-8.86
1.06
9.02
15.50
21.04
25.90
30.02
33.28
35.72
37.51
38.97
40.34
41.85
43.60
45.59
47.69
49.52
50.70
51.00
50.50
49.61
48.71
47.85
46.66
44.53
41.03
36.24
30.84
25.71
21.55
18.49
16.12
13.73
10.75
6.95
2.46
-2.34
-7.08
-11.48
-15.29
-18.15
-19.53
-18.96
-16.20
-11.46
-5.49
0.70
6.11
10.04
12.17
12.49
11.09
8.11
3.74
-1.59
-7.17
-12.09
-15.56
-17.24
-17.25
-16.20
-14.77
-13.56
-12.80
-12.44
-12.19
-11.74
-10.97
-10.03
-9.42
-9.66
-11.18
-14.04
-17.88
-22.04
-25.91
-29.05
-31.36
-33.08
-34.71
-36.80
-39.81
-43.86
-48.59
-53.06
-55.89
-55.74
-51.77
-44.03
-33.49
-21.75
-10.44
-0.76
6.76
12.26
16.19
19.13
21.42
23.12
24.18
24.58
24.53
24.33
24.30
24.47
24.61
24.44
23.81
22.87
21.93
21.26
20.75
20.03
18.59
16.18
12.87
8.99
4.86
0.58
-3.90
-8.72
-13.96
-19.64
-25.77
-32.40
-39.41
-46.32
-52.19
-55.80
-56.04
-52.40
-45.21
-35.48
-24.47
-13.31
-2.72
6.93
15.45
22.70
28.52
32.78
35.45
36.65
36.72
36.11
35.38
35.08
35.55
36.89
38.88
41.09
42.99
44.09
44.12
42.90
40.44
36.70
31.88
26.27
20.41
14.85
9.96
5.90
2.48
-0.72
-4.16
-8.20
-13.06
-18.84
-25.50
-32.66
-39.60
-45.20
-48.19
-47.54
-42.88
-34.76
-24.36
-13.15
-2.35
7.32
15.61
22.55
28.21
32.66
36.09
38.67
40.66
42.19
43.25
43.70
43.51
42.82
41.91
41.09
40.45
39.89
39.15
38.04
36.55
34.84
33.01
30.99
28.53
25.26
20.93
15.53
9.34
2.90
-3.10
-8.04
-11.51
-13.61
-14.79
-15.77
-17.26
-19.71
-23.11
-27.09
-31.09
-34.54
-37.04
-38.32
-38.18
-36.50
-33.30
-28.82
-23.68
-18.73
-14.83
-12.53
-11.89
-12.48
-13.64
-14.82
-15.76
-16.48
-17.09
-17.54
-17.56
-16.79
-14.94
-12.10
-8.71
-5.49
-3.17
-2.15
-2.42
-3.59
-4.91
-5.67
-5.35
-3.77
-1.18
1.95
5.04
7.66
9.51
10.50
10.63
9.98
8.74
7.04
4.99
2.54
-0.48
-4.26
-8.74
-13.39
-17.34
-19.60
-19.42
-16.77
-12.25
-6.96
-1.91
2.27
5.33
7.24
7.88
7.01
4.50
0.60
-3.88
-7.77
-10.20
-11.07
-11.13
-11.58
-13.36
-16.53
-20.13
-22.77
-23.42
-22.02
-19.57
-17.54
-17.00
-18.17
-20.30
-22.23
-23.06
-22.62
-21.40
-20.34
-20.15
-21.17
-23.25
-26.03
-29.07
-31.95
-34.09
-34.86
-33.59
-29.91
-23.94
-16.32
-7.92
0.38
7.99
14.69
20.34
24.85
28.01
29.54
29.38
27.82
25.48
23.10
21.31
20.40
20.35
20.89
21.71
22.51
23.24
23.92
24.64
25.40
26.02
26.04
24.95
22.31
17.99
12.33
6.10
0.25
-4.53
-8.03
-10.65
-13.14
-16.19
-20.11
-24.74
-29.54
-33.83
-37.03
-38.62
-38.29
-35.91
-31.67
-26.14
-20.27
-15.16
-11.63
-9.99
-9.96
-10.80
-11.71
-12.13
-11.81
-10.73
-9.06
-7.09
-5.12
-3.46
-2.33
-1.72
-1.41
-1.03
-0.32
0.85
2.40
4.10
5.68
6.79
7.05
6.11
3.70
-0.06
-4.64
-9.14
-12.69
-14.78
-15.55
-15.82
-16.73
-19.30
-24.00
-30.49
-37.60
-43.71
-47.26
-47.19
-43.28
-36.29
-27.52
-18.43
-10.14
-3.12
2.74
7.97
13.03
18.12
23.01
27.27
30.55
32.75
34.08
34.86
35.26
35.24
34.69
33.65
32.42
31.41
30.93
30.90
30.81
30.00
27.97
24.60
20.17
15.18
10.06
5.13
0.55
-3.68
-7.60
-11.36
-15.10
-18.90
-22.73
-26.52
-30.18
-33.86
-37.94
-42.87
-48.89
-55.62
-61.95
-66.29
-67.24
-64.09
-57.29
-48.16
-38.37
-29.36
-21.89
-16.02
-11.44
-7.72
-4.56
-1.84
0.55
2.87
5.54
8.96
13.42
18.88
24.97
30.98
36.14
39.77
41.60
41.84
41.03
39.78
38.40
36.78
34.57
31.53
27.77
23.84
20.44
18.05
16.58
15.40
13.63
10.52
5.75
-0.45
-7.49
-14.57
-20.80
-25.34
-27.47
-26.76
-23.31
-17.71
-10.88
-3.88
2.42
7.50
11.15
13.49
14.79
15.45
15.77
15.91
15.89
15.58
14.85
13.78
12.67
11.95
11.99
12.88
14.42
16.26
17.97
19.31
20.13
20.35
19.89
18.71
16.79
14.19
11.08
7.63
4.08
0.50
-3.17
-7.20
-11.98
-17.79
-24.53
-31.52
-37.61
-41.43
-41.90
-38.77
-32.70
-25.08
-17.45
-10.89
-5.85
-2.19
0.41
2.04
2.58
1.95
0.37
-1.43
-2.62
-2.66
-1.72
-0.51
0.10
-0.31
-1.52
-2.87
-3.74
-4.03
-4.16
-4.77
-6.24
-8.48
-11.05
-13.46
-15.52
-17.31
-19.01
-20.62
-22.03
-23.19
-24.44
-26.51
-30.17
-35.68
-42.34
-48.48
-52.02
-51.25
-45.57
-35.64
-23.11
-9.74
3.06
14.66
24.91
33.83
41.30
47.10
51.18
53.81
55.62
57.22
58.89
60.41
61.10
60.24
57.47
53.01
47.58
42.09
37.30
33.60
31.07
29.51
28.54
27.65
26.36
24.30
21.37
17.76
13.90
10.22
6.97
4.09
1.21
-2.11
-6.27
-11.39
-17.31
-23.65
-29.92
-35.57
-40.09
-43.04
-44.10
-43.12
-40.20
-35.70
-30.14
-24.08
-18.04
-12.36
-7.21
-2.60
1.49
5.07
8.02
10.30
11.88
12.88
13.50
14.01
14.58
15.25
15.95
16.60
17.16
17.66
18.11
18.46
18.49
17.97
16.71
14.65
11.84
8.44
4.63
0.71
-2.91
-5.85
-7.84
-9.03
-9.88
-11.10
-13.41
-17.13
-22.23
-28.21
-34.37
-39.73
-43.32
-44.24
-41.98
-36.65
-28.99
-20.17
-11.42
-3.70
2.54
7.20
10.40
12.47
13.71
14.52
15.22
15.99
16.73
17.22
17.21
16.61
15.57
14.37
13.37
12.78
12.69
13.04
13.66
14.15
14.00
12.64
9.71
5.38
0.29
-4.63
-8.59
-11.36
-13.28
-15.13
-17.66
-21.34
-26.06
-31.32
-36.30
-39.94
-41.29
-39.62
-34.80
-27.44
-18.86
-10.50
-3.45
1.95
6.18
10.01
13.92
17.83
21.16
23.26
23.80
22.87
20.89
18.31
15.48
12.67
10.20
8.41
7.60
7.92
9.14
10.81
12.36
13.27
13.23
12.16
10.20
7.60
4.71
1.87
-0.65
-2.78
-4.84
-7.32
-10.89
-16.02
-22.73
-30.48
-38.26
-44.83
-48.96
-49.72
-46.57
-39.48
-29.06
-16.56
-3.62
8.07
17.33
23.87
28.19
31.32
34.08
36.72
38.96
40.27
40.36
39.34
37.71
35.93
34.28
32.72
31.14
29.62
28.31
27.44
27.02
26.82
26.40
25.37
23.56
20.95
17.65
13.81
9.56
5.12
0.76
-3.27
-6.81
-10.01
-13.30
-17.36
-22.81
-29.83
-37.87
-45.64
-51.36
-53.39
-50.78
-43.76
-33.65
-22.39
-11.80
-3.04
3.61
8.62
12.65
16.21
19.47
22.30
24.51
25.91
26.53
26.44
25.81
24.86
23.80
22.84
22.08
21.58
21.27
21.08
20.94
20.78
20.44
19.69
18.30
16.13
13.19
9.69
6.00
2.43
-0.85
-3.89
-6.95
-10.35
-14.33
-18.93
-24.03
-29.43
-35.10
-41.19
-47.97
-55.40
-62.87
-69.07
-72.41
-71.69
-66.71
-58.35
-48.29
-38.17
-29.10
-21.35
-14.58
-8.36
-2.59
2.56
6.70
9.62
11.41
12.42
13.16
14.10
15.53
17.41
19.38
20.85
21.37
20.87
19.70
18.57
18.09
18.32
18.77
18.69
17.48
15.18
12.37
9.82
7.98
6.71
5.44
3.65
1.18
-1.68
-4.59
-7.48
-10.77
-14.86
-19.69
-24.41
-27.55
-27.67
-24.16
-17.40
-8.71
0.44
8.96
16.36
22.63
27.80
31.71
34.00
34.49
33.35
31.11
28.48
25.97
23.80
21.94
20.30
18.86
17.70
16.95
16.67
16.80
17.21
17.67
17.96
17.85
17.21
16.06
14.59
12.94
11.14
8.91
5.87
1.66
-3.66
-9.65
-15.64
-21.24
-26.55
-31.93
-37.62
-43.19
-47.50
-49.16
-47.21
-41.72
-33.84
-25.27
-17.51
-11.35
-6.88
-3.72
-1.51
-0.00
0.80
0.88
0.27
-0.84
-2.17
-3.35
-3.98
-3.77
-2.64
-0.84
1.16
2.82
3.87
4.32
4.48
4.69
5.00
5.20
4.87
3.64
1.37
-1.83
-5.67
-9.82
-14.03
-18.12
-21.92
-25.44
-28.84
-32.54
-37.06
-42.63
-48.90
-54.69
-58.31
-58.06
-52.91
-43.00
-29.57
-14.59
0.02
12.80
23.17
31.15
37.22
41.97
45.84
49.12
51.91
54.22
55.99
57.25
58.10
58.65
59.04
59.34
59.48
59.30
58.62
57.28
55.24
52.65
49.76
46.85
44.19
41.97
40.18
38.67
37.07
34.87
31.63
27.11
21.46
15.17
8.94
3.35
-1.36
-5.28
-8.76
-12.09
-15.48
-18.98
-22.54
-25.98
-28.94
-30.85
-30.90
-28.38
-22.99
-15.18
-6.07
2.84
10.22
15.41
18.59
20.49
21.95
23.44
24.95
26.28
27.25
27.90
28.48
29.12
29.66
29.69
28.86
26.94
24.13
20.91
17.71
14.92
12.59
10.59
8.67
6.71
4.69
2.85
1.46
0.73
0.57
0.54
0.02
-1.45
-3.82
-6.60
-9.04
-10.66
-11.46
-12.01
-12.98
-14.74
-17.19
-19.82
-22.07
-23.54
-24.12
-23.86
-22.70
-20.64
-17.74
-14.28
-10.78
-7.83
-5.79
-4.67
-4.24
-4.07
-3.88
-3.54
-3.16
-2.85
-2.78
-3.08
-3.88
-5.35
-7.63
-10.72
-14.50
-18.64
-22.66
-26.09
-28.59
-30.12
-30.94
-31.62
-32.79
-34.88
-38.04
-42.04
-46.41
-50.74
-54.64
-57.91
-60.46
-62.27
-63.39
-63.95
-64.07
-63.81
-63.24
-62.37
-61.29
-60.06
-58.90
-58.04
-57.78
-58.46
-60.27
-63.26
-67.16
-71.47
-75.68
-79.36
-82.29
-84.38
-85.46
-85.31
-83.59
-80.15
-75.18
-69.29
-63.35
-58.27
-54.70
-53.06
-53.51
-55.90
-59.62
-63.58
-66.17
-65.60
-60.45
-50.13
-35.12
-16.77
3.08
22.57
40.21
55.01
66.51
74.76
80.14
83.28
84.79
85.09
84.29
82.35
79.19
75.04
70.40
65.95
62.28
59.62
57.72
56.01
53.87
50.83
46.75
41.69
35.85
29.38
22.50
15.53
9.02
3.43
-1.10
-4.91
-8.85
-13.58
-19.09
-24.32
-27.54
-27.02
-21.94
-12.69
-0.67
12.35
24.94
36.31
46.18
54.60
61.64
67.44
72.14
75.95
78.92
80.91
81.65
80.86
78.58
75.13
71.03
66.92
63.25
60.37
58.38
57.18
56.33
55.23
53.23
49.84
44.89
38.50
30.89
22.39
13.24
3.64
-6.28
-16.38
-26.49
-36.15
-44.58
-50.55
-52.83
-50.63
-44.12
-34.45
-23.45
-12.85
-3.71
3.86
10.43
16.72
23.12
29.55
35.50
40.40
43.83
45.64
46.00
45.30
44.03
42.69
41.69
41.23
41.32
41.81
42.41
42.72
42.23
40.31
36.35
30.05
21.48
11.27
0.43
-10.08
-19.64
-28.34
-36.76
-45.47
-54.45
-62.75
-68.73
-70.68
-67.67
-60.05
-49.42
-37.90
-27.39
-18.81
-12.02
-6.17
-0.48
5.25
10.59
14.74
17.02
17.31
16.09
14.18
12.40
11.22
10.59
10.12
9.34
7.93
5.95
3.68
1.49
-0.49
-2.44
-4.79
-7.99
-12.14
-16.93
-21.78
-26.16
-30.03
-33.90
-38.46
-44.03
-50.07
-55.10
-57.10
-54.35
-46.26
-33.60
-18.30
-2.75
11.09
22.22
30.57
36.79
41.61
45.52
48.70
51.16
53.01
54.50
55.90
57.23
58.14
58.02
56.30
52.85
48.21
43.39
39.47
37.17
36.53
36.89
37.19
36.35
33.64
28.87
22.38
14.94
7.49
0.85
-4.59
-9.05
-13.24
-18.08
-24.09
-31.03
-37.77
-42.60
-43.90
-40.88
-33.84
-24.03
-13.16
-2.78
6.19
13.42
19.04
23.22
26.05
27.59
27.97
27.56
26.85
26.28
25.89
25.29
23.87
21.19
17.22
12.53
7.96
4.28
1.75
0.23
-0.74
-1.54
-2.35
-3.21
-4.27
-5.85
-8.37
-12.07
-16.70
-21.43
-25.24
-27.37
-27.70
-26.92
-26.14
-26.39
-28.24
-31.69
-36.27
-41.33
-46.16
-49.97
-51.97
-51.43
-47.91
-41.55
-33.10
-23.80
-14.93
-7.41
-1.54
2.95
6.55
9.70
12.52
14.81
16.26
16.68
16.17
15.18
14.27
13.83
13.97
14.45
14.98
15.38
15.74
16.28
17.10
18.07
18.90
19.31
19.21
18.64
17.75
16.61
15.21
13.55
11.61
9.35
6.67
3.39
-0.62
-5.27
-10.30
-15.30
-19.96
-24.21
-28.05
-31.35
-33.69
-34.39
-32.83
-28.90
-23.00
-15.96
-8.57
-1.35
5.54
12.04
18.00
23.15
27.14
29.76
31.12
31.52
31.30
30.65
29.52
27.86
25.71
23.33
21.08
19.34
18.23
17.72
17.64
17.78
18.03
18.19
17.94
16.89
14.71
11.31
6.99
2.26
-2.21
-5.91
-8.67
-10.58
-12.04
-13.65
-16.03
-19.68
-24.55
-29.98
-34.73
-37.37
-36.90
-33.15
-26.92
-19.59
-12.56
-6.84
-2.85
-0.52
0.45
0.33
-0.63
-2.19
-4.01
-5.68
-6.81
-7.13
-6.67
-5.74
-4.77
-4.11
-3.90
-3.88
-3.72
-3.10
-2.00
-0.80
-0.08
-0.35
-1.78
-4.04
-6.49
-8.50
-9.70
-10.14
-10.22
-10.47
-11.45
-13.60
-17.18
-22.15
-28.06
-34.13
-39.25
-42.34
-42.63
-39.91
-34.66
-27.91
-20.89
-14.70
-10.03
-6.96
-5.14
-3.90
-2.62
-0.91
1.22
3.42
5.15
6.04
6.04
5.35
4.35
3.30
2.31
1.33
0.30
-0.75
-1.56
-1.87
-1.46
-0.34
1.16
2.45
2.91
2.14
0.14
-2.61
-5.47
-7.87
-9.60
-10.88
-12.14
-13.90
-16.43
-19.73
-23.50
-27.26
-30.48
-32.49
-32.79
-30.97
-27.08
-21.55
-15.18
-8.89
-3.46
0.67
3.54
5.53
7.29
9.40
12.17
15.38
18.45
20.63
21.45
20.95
19.58
17.98
16.53
15.19
13.62
11.55
9.08
6.60
4.52
2.97
1.70
0.19
-1.90
-4.61
-7.62
-10.50
-12.99
-15.05
-16.72
-18.00
-18.70
-18.67
-18.09
-17.48
-17.65
-19.16
-21.93
-25.18
-27.62
-28.01
-25.64
-20.61
-13.67
-5.99
1.35
7.65
12.64
16.46
19.50
22.17
24.67
27.00
28.83
29.61
28.89
26.53
22.84
18.56
14.47
11.23
9.15
8.11
7.81
7.96
8.35
8.87
9.30
9.25
8.16
5.63
1.69
-3.07
-7.69
-11.33
-13.58
-14.72
-15.48
-16.63
-18.56
-21.22
-24.18
-26.88
-28.81
-29.57
-28.80
-26.33
-22.28
-17.12
-11.57
-6.32
-1.89
1.54
4.00
5.50
6.02
5.63
4.58
3.46
2.94
3.47
4.99
6.89
8.29
8.54
7.61
6.13
5.08
5.28
6.93
9.41
11.55
12.13
10.37
6.35
0.76
-5.30
-10.91
-15.58
-19.32
-22.44
-25.35
-28.33
-31.61
-35.40
-39.67
-44.14
-48.13
-50.56
-50.37
-46.84
-40.06
-30.96
-21.00
-11.64
-3.87
1.94
5.96
8.54
10.09
10.88
11.20
11.32
11.37
11.38
11.20
10.73
10.08
9.60
9.78
10.86
12.67
14.61
15.95
16.24
15.56
14.28
12.86
11.44
9.83
7.72
4.93
1.60
-1.81
-4.87
-7.47
-9.93
-12.89
-16.79
-21.55
-26.29
-29.59
-29.98
-26.71
-20.00
-11.00
-1.30
7.67
15.05
20.72
24.99
28.31
31.03
33.50
35.96
38.49
40.95
42.93
43.90
43.50
41.79
39.20
36.33
33.65
31.32
29.29
27.50
25.92
24.62
23.47
22.14
20.17
17.20
13.20
8.57
3.88
-0.38
-4.06
-7.33
-10.58
-14.26
-18.68
-23.95
-29.90
-36.27
-42.75
-49.15
-55.41
-61.41
-66.71
-70.43
-71.38
-68.56
-61.75
-51.75
-40.23
-29.06
-19.59
-12.22
-6.67
-2.37
1.05
3.59
5.20
5.94
6.22
6.56
7.20
8.00
8.59
8.62
8.16
7.65
7.62
8.34
9.59
10.80
11.29
10.66
8.90
6.34
3.38
0.36
-2.50
-5.14
-7.53
-9.79
-12.28
-15.45
-19.72
-25.13
-31.25
-37.13
-41.53
-43.42
-42.18
-37.94
-31.35
-23.41
-15.09
-7.13
0.13
6.62
12.37
17.36
21.37
24.07
25.24
24.94
23.61
21.88
20.37
19.33
18.74
18.40
18.10
17.76
17.43
17.23
17.15
17.18
17.23
17.21
17.00
16.30
14.63
11.57
7.03
1.38
-4.60
-10.14
-14.89
-19.18
-23.83
-29.46
-36.01
-42.51
-47.37
-49.17
-47.25
-41.96
-34.39
-25.74
-16.92
-8.32
-0.00
7.96
15.37
21.87
27.09
30.79
32.83
33.28
32.32
30.31
27.82
25.62
24.33
24.25
25.11
26.27
26.98
26.82
25.94
24.79
23.92
23.40
22.86
21.54
18.84
14.64
9.40
3.90
-1.15
-5.38
-8.88
-11.95
-14.94
-18.27
-22.42
-28.00
-35.41
-44.55
-54.46
-63.46
-69.56
-71.23
-67.96
-60.39
-49.95
-38.37
-27.01
-16.67
-7.66
0.06
6.69
12.50
17.83
22.98
28.09
32.97
37.14
40.05
41.36
41.14
39.86
38.26
37.00
36.48
36.83
37.85
39.14
40.15
40.27
39.04
36.39
32.63
28.41
24.40
20.86
17.59
14.05
9.72
4.41
-1.55
-7.63
-13.19
-17.97
-21.95
-25.39
-28.67
-32.19
-36.37
-41.71
-48.66
-57.28
-66.97
-76.33
-83.27
-85.77
-82.55
-73.76
-60.86
-46.19
-31.95
-19.48
-9.09
-0.32
7.44
14.58
21.21
27.36
33.15
38.81
44.37
49.54
53.67
56.04
56.35
54.83
52.26
49.64
47.72
46.83
46.92
47.65
48.55
49.08
48.73
47.01
43.72
39.06
33.56
27.93
22.73
18.15
14.04
10.07
5.97
1.68
-2.78
-7.45
-12.60
-18.71
-26.25
-35.48
-46.19
-57.70
-68.85
-78.26
-84.55
-86.61
-83.89
-76.59
-65.50
-51.88
-37.11
-22.41
-8.77
3.14
12.90
20.43
25.82
29.45
31.79
33.31
34.36
35.02
35.22
34.82
33.84
32.46
31.05
29.92
29.20
28.85
28.70
28.56
28.29
27.68
26.41
24.08
20.33
15.19
9.18
3.15
-2.05
-6.15
-9.64
-13.54
-18.92
-26.23
-35.10
-44.25
-52.03
-56.77
-57.26
-53.03
-44.47
-32.80
-19.74
-7.11
3.71
12.15
18.47
23.44
27.74
31.59
34.59
36.12
35.74
33.65
30.66
27.79
25.78
24.83
24.56
24.40
24.00
23.40
23.04
23.28
24.07
24.82
24.53
22.24
17.48
10.52
2.37
-5.59
-12.16
-16.73
-19.50
-21.36
-23.45
-26.81
-31.99
-39.04
-47.47
-56.31
-64.21
-69.51
-70.59
-66.35
-56.76
-43.00
-27.13
-11.46
2.34
13.64
22.72
30.27
36.87
42.68
47.45
50.90
52.91
53.70
53.71
53.39
52.98
52.48
51.70
50.37
48.44
46.06
43.60
41.45
39.83
38.67
37.63
36.34
34.40
31.66
28.03
23.67
18.69
13.33
7.79
2.17
-3.44
-9.07
-14.68
-20.31
-26.01
-32.02
-38.60
-45.88
-53.51
-60.37
-64.70
-64.62
-58.93
-47.63
-32.08
-14.48
2.85
18.24
30.90
40.89
48.60
54.41
58.49
60.92
61.82
61.53
60.50
59.10
57.44
55.39
52.71
49.31
45.43
41.49
38.01
35.28
33.28
31.65
30.01
28.06
25.83
23.44
21.06
18.64
15.91
12.60
8.55
3.98
-0.72
-5.03
-8.61
-11.40
-13.62
-15.66
-17.94
-20.89
-24.90
-30.21
-36.67
-43.56
-49.59
-53.08
-52.57
-47.45
-38.20
-26.43
-14.16
-3.19
5.56
12.09
17.19
21.66
26.00
30.06
33.29
35.08
35.18
33.81
31.48
28.82
26.25
23.99
22.07
20.46
19.13
18.11
17.46
17.20
17.22
17.25
17.08
16.50
15.50
14.21
12.80
11.34
9.78
7.94
5.63
2.62
-1.26
-6.16
-12.13
-18.95
-25.93
-31.85
-35.27
-35.08
-31.02
-23.96
-15.60
-7.72
-1.46
3.04
6.35
9.22
11.93
14.16
15.19
14.44
11.80
7.80
3.22
-1.09
-4.58
-7.00
-8.34
-8.68
-8.12
-6.91
-5.34
-3.80
-2.56
-1.68
-1.09
-0.64
-0.39
-0.52
-1.37
-3.20
-6.04
-9.62
-13.53
-17.33
-20.87
-24.37
-28.35
-33.36
-39.57
-46.46
-52.82
-57.08
-57.82
-54.25
-46.55
-35.75
-23.38
-10.97
0.37
10.04
17.88
24.01
28.63
31.91
34.09
35.30
35.62
35.10
33.73
31.55
28.73
25.40
21.63
17.44
12.77
7.77
2.77
-1.72
-5.21
-7.52
-9.04
-10.59
-13.09
-17.19
-22.86
-29.54
-36.33
-42.43
-47.49
-51.66
-55.31
-58.91
-62.81
-67.28
-72.46
-78.25
-84.13
-89.05
-91.63
-90.57
-85.23
-75.98
-64.14
-51.48
-39.43
-28.74
-19.33
-10.71
-2.42
5.61
13.08
19.58
24.79
28.67
31.44
33.49
35.22
36.82
38.25
39.32
39.96
40.28
40.54
40.97
41.49
41.66
40.84
38.57
34.75
29.77
24.16
18.35
12.39
6.20
-0.30
-6.96
-13.44
-19.52
-25.32
-31.33
-38.01
-45.31
-52.35
-57.67
-59.64
-57.26
-50.55
-40.52
-28.80
-16.97
-6.06
3.63
12.17
19.68
26.00
30.69
33.41
34.12
33.31
31.80
30.28
29.10
28.11
26.91
25.20
23.05
20.81
18.98
17.86
17.30
16.91
16.20
14.80
12.59
9.63
6.04
1.93
-2.67
-7.81
-13.56
-19.96
-26.91
-34.18
-41.07
-46.63
-49.67
-49.24
-44.93
-37.06
-26.72
-15.38
-4.48
5.03
12.71
18.64
23.12
26.40
28.61
29.82
30.26
30.23
30.05
29.85
29.52
28.82
27.61
26.00
24.31
22.97
22.25
22.08
22.00
21.35
19.60
16.54
12.41
7.78
3.30
-0.61
-4.00
-7.38
-11.54
-17.09
-24.04
-31.56
-38.30
-42.71
-43.75
-41.15
-35.40
-27.53
-18.57
-9.44
-0.71
7.23
14.19
19.97
24.57
28.08
30.73
32.81
34.43
35.56
35.96
35.36
33.61
30.78
27.26
23.67
20.69
18.89
18.50
19.28
20.56
21.45
21.17
19.38
16.20
12.21
7.99
3.99
0.27
-3.31
-6.93
-10.77
-14.93
-19.63
-25.18
-31.72
-38.93
-45.82
-50.91
-52.75
-50.52
-44.43
-35.56
-25.44
-15.33
-5.93
2.50
9.94
16.25
21.24
24.82
27.20
28.88
30.43
32.13
33.90
35.35
36.09
35.96
35.04
33.62
31.96
30.32
28.88
27.83
27.27
27.14
27.20
27.06
26.37
24.88
22.51
19.23
15.05
10.05
4.47
-1.26
-6.66
-11.36
-15.28
-18.68
-22.09
-26.02
-30.80
-36.42
-42.45
-48.08
-52.20
-53.75
-52.00
-46.82
-38.84
-29.21
-19.30
-10.25
-2.65
3.44
8.31
12.37
15.89
18.99
21.65
23.83
25.49
26.59
27.12
27.04
26.41
25.46
24.57
24.15
24.45
25.43
26.65
27.54
27.63
26.73
25.02
22.83
20.52
18.18
15.72
12.89
9.51
5.53
1.17
-3.18
-7.17
-10.59
-13.54
-16.41
-19.60
-23.39
-27.80
-32.59
-37.42
-41.96
-45.77
-48.28
-48.70
-46.31
-40.81
-32.60
-22.85
-13.07
-4.61
1.93
6.67
10.19
13.03
15.36
17.04
17.78
17.57
16.70
15.62
14.71
14.01
13.32
12.46
11.41
10.54
10.27
10.82
11.92
12.94
13.09
11.96
9.65
6.67
3.61
0.84
-1.65
-4.10
-6.84
-10.09
-14.07
-18.96
-24.79
-31.25
-37.52
-42.36
-44.47
-42.98
-37.93
-30.22
-21.29
-12.57
-5.04
0.90
5.31
8.54
10.95
12.88
14.47
15.79
16.68
16.97
16.51
15.33
13.62
11.69
9.84
8.28
7.13
6.52
6.53
7.20
8.37
9.60
10.24
9.61
7.33
3.44
-1.52
-6.77
-11.58
-15.57
-18.93
-22.27
-26.31
-31.42
-37.30
-42.99
-47.17
-48.67
-46.90
-41.96
-34.58
-25.76
-16.52
-7.64
0.22
6.67
11.50
14.79
16.89
18.26
19.37
20.44
21.48
22.31
22.73
22.61
21.89
20.61
18.96
17.19
15.70
14.83
14.72
15.20
15.76
15.66
14.30
11.51
7.65
3.47
-0.37
-3.50
-6.06
-8.49
-11.35
-15.03
-19.78
-25.66
-32.54
-39.93
-46.93
-52.25
-54.53
-52.87
-47.21
-38.50
-28.35
-18.38
-9.67
-2.49
3.50
8.81
13.69
17.98
21.28
23.27
23.99
23.99
23.96
24.46
25.61
27.01
28.02
28.11
27.10
25.30
23.30
21.70
20.85
20.66
20.76
20.61
19.75
18.01
15.42
12.15
8.36
4.15
-0.46
-5.31
-10.13
-14.57
-18.38
-21.63
-24.83
-28.72
-33.94
-40.55
-47.85
-54.46
-58.81
-59.67
-56.61
-50.06
-41.10
-30.95
-20.70
-11.06
-2.45
4.86
10.74
15.19
18.36
20.62
22.43
24.17
25.97
27.68
28.89
29.27
28.67
27.33
25.73
24.41
23.76
23.76
24.09
24.34
24.12
23.23
21.74
19.74
17.35
14.57
11.35
7.61
3.38
-1.20
-5.85
-10.23
-14.14
-17.57
-20.78
-24.22
-28.36
-33.56
-39.81
-46.74
-53.51
-59.03
-62.12
-61.84
-57.80
-50.29
-40.35
-29.37
-18.76
-9.45
-1.74
4.61
9.99
14.64
18.58
21.66
23.85
25.30
26.28
27.00
27.43
27.36
26.56
25.12
23.44
22.18
21.80
22.33
23.22
23.64
22.85
20.53
16.97
12.82
8.82
5.46
2.80
0.55
-1.77
-4.62
-8.36
-13.24
-19.34
-26.47
-34.10
-41.20
-46.44
-48.55
-46.76
-41.09
-32.41
-22.06
-11.42
-1.49
7.19
14.42
20.08
24.08
26.44
27.34
27.17
26.36
25.26
23.93
22.35
20.48
18.50
16.70
15.40
14.71
14.58
14.81
15.17
15.46
15.43
14.75
12.99
9.79
5.22
-0.31
-6.13
-11.72
-17.02
-22.49
-28.73
-36.02
-43.92
-51.18
-56.25
-57.74
-55.06
-48.52
-39.21
-28.47
-17.51
-7.07
2.60
11.36
19.10
25.45
29.99
32.39
32.76
31.72
30.18
29.07
28.86
29.50
30.40
30.79
30.14
28.45
26.15
23.92
22.35
21.62
21.46
21.27
20.39
18.35
15.07
10.80
6.01
1.20
-3.28
-7.21
-10.60
-13.75
-17.18
-21.58
-27.48
-34.90
-43.19
-50.98
-56.61
-58.65
-56.40
-50.03
-40.57
-29.35
-17.73
-6.82
2.63
10.29
16.10
20.39
23.66
26.47
29.18
31.90
34.45
36.56
37.96
38.59
38.53
37.93
36.99
35.87
34.75
33.73
32.87
32.07
31.13
29.82
27.96
25.55
22.70
19.54
16.12
12.41
8.35
3.93
-0.65
-5.08
-9.04
-12.40
-15.39
-18.45
-22.08
-26.63
-32.26
-38.78
-45.84
-52.78
-58.67
-62.34
-62.68
-58.96
-51.22
-40.35
-27.89
-15.62
-4.94
3.39
9.37
13.51
16.51
19.05
21.52
24.09
26.61
28.75
30.16
30.61
30.17
29.23
28.37
28.12
28.75
30.15
31.86
33.28
33.85
33.27
31.54
28.90
25.64
22.07
18.39
14.80
11.49
8.57
6.07
3.76
1.21
-2.00
-6.03
-10.61
-15.15
-19.08
-22.30
-25.32
-29.07
-34.32
-41.00
-47.97
-53.33
-55.25
-52.72
-46.01
-36.36
-25.43
-14.62
-4.78
3.70
10.60
15.77
19.05
20.52
20.62
20.01
19.38
19.21
19.49
19.95
20.14
19.76
18.77
17.39
15.98
14.98
14.68
15.08
15.92
16.69
16.82
15.89
13.72
10.44
6.38
2.04
-2.11
-5.74
-8.77
-11.39
-14.01
-17.15
-21.25
-26.46
-32.58
-38.96
-44.61
-48.27
-48.94
-46.02
-39.70
-30.88
-20.93
-11.20
-2.69
4.24
9.68
13.96
17.31
19.82
21.45
22.28
22.55
22.52
22.47
22.49
22.52
22.45
22.24
21.94
21.67
21.47
21.27
20.93
20.36
19.52
18.51
17.42
16.26
14.97
13.36
11.19
8.23
4.44
-0.07
-4.98
-9.86
-14.34
-18.23
-21.64
-25.00
-28.85
-33.62
-39.32
-45.38
-50.74
-54.23
-54.80
-51.98
-45.96
-37.51
-27.76
-17.85
-8.65
-0.69
5.77
10.74
14.38
17.01
19.04
20.83
22.67
24.61
26.48
27.90
28.50
28.08
26.75
24.93
23.21
22.14
21.99
22.72
23.92
25.01
25.37
24.55
22.41
19.07
14.93
10.50
6.24
2.48
-0.78
-3.76
-6.74
-9.95
-13.37
-16.83
-20.09
-23.06
-25.88
-28.91
-32.61
-37.28
-42.91
-48.98
-54.47
-58.11
-58.70
-55.51
-48.58
-38.82
-27.69
-16.72
-7.09
0.69
6.71
11.39
15.21
18.38
20.93
22.75
23.75
24.00
23.71
23.16
22.63
22.27
22.11
22.12
22.32
22.79
23.65
24.89
26.22
27.14
27.09
25.66
22.84
19.13
15.30
12.15
10.06
8.78
7.61
5.65
2.39
-2.03
-6.89
-11.27
-14.55
-16.77
-18.54
-20.77
-24.17
-28.98
-34.96
-41.58
-48.20
-54.14
-58.52
-60.37
-58.82
-53.51
-44.94
-34.47
-23.83
-14.47
-7.04
-1.33
3.48
8.06
12.66
16.95
20.37
22.44
23.09
22.57
21.32
19.81
18.31
17.08
16.29
16.03
16.28
16.88
17.58
18.12
18.31
18.05
17.35
16.17
14.51
12.31
9.61
6.61
3.60
0.81
-1.76
-4.39
-7.61
-11.92
-17.58
-24.44
-31.92
-39.16
-45.21
-49.12
-50.11
-47.75
-42.08
-33.71
-23.75
-13.52
-4.20
3.58
9.65
14.19
17.46
19.62
20.79
21.17
21.07
20.94
21.09
21.56
22.07
22.20
21.51
19.92
17.62
15.17
13.25
12.40
12.76
13.93
15.05
15.09
13.31
9.53
4.22
-1.68
-7.17
-11.51
-14.51
-16.51
-18.28
-20.75
-24.71
-30.59
-38.11
-46.32
-53.64
-58.39
-59.27
-55.88
-48.64
-38.68
-27.36
-15.95
-5.48
3.30
9.98
14.55
17.48
19.56
21.58
24.03
26.81
29.36
31.03
31.42
30.68
29.38
28.22
27.63
27.58
27.76
27.70
27.09
25.93
24.45
22.95
21.57
20.17
18.39
15.85
12.29
7.77
2.60
-2.85
-8.21
-13.25
-17.91
-22.24
-26.49
-31.07
-36.48
-43.02
-50.47
-57.93
-63.83
-66.46
-64.58
-58.02
-47.77
-35.58
-23.30
-12.27
-2.98
4.70
11.22
16.90
21.85
25.95
29.12
31.45
33.10
34.26
34.97
35.16
34.77
33.92
32.97
32.35
32.35
32.95
33.79
34.29
33.92
32.50
30.19
27.46
24.80
22.41
20.20
17.79
14.79
11.05
6.72
2.13
-2.37
-6.61
-10.57
-14.29
-17.77
-21.10
-24.50
-28.40
-33.31
-39.47
-46.45
-52.99
-57.34
-57.82
-53.62
-45.07
-33.56
-20.98
-9.13
0.91
8.78
14.77
19.47
23.45
27.12
30.60
33.82
36.61
38.78
40.17
40.73
40.57
39.88
38.93
37.97
37.20
36.82
36.92
37.45
38.18
38.62
38.19
36.44
33.29
29.11
24.63
20.50
17.00
13.92
10.78
7.20
3.18
-0.90
-4.65
-7.93
-11.08
-14.70
-19.40
-25.47
-32.77
-40.73
-48.48
-54.90
-58.82
-59.22
-55.56
-48.11
-37.99
-26.88
-16.46
-7.90
-1.55
2.96
6.26
8.91
11.20
13.13
14.62
15.61
16.10
16.14
15.78
15.15
14.47
14.08
14.29
15.24
16.78
18.52
19.99
20.89
21.08
20.58
19.48
17.81
15.58
12.81
9.66
6.31
3.04
0.06
-2.58
-4.99
-7.56
-10.75
-14.99
-20.31
-26.18
-31.48
-34.81
-35.00
-31.62
-25.17
-16.88
-8.16
-0.17
6.44
11.52
15.21
17.80
19.60
20.90
21.94
22.73
23.13
22.87
21.76
19.81
17.34
14.80
12.57
10.87
9.61
8.59
7.63
6.58
5.31
3.70
1.60
-1.09
-4.31
-7.85
-11.37
-14.64
-17.62
-20.62
-24.11
-28.47
-33.72
-39.26
-43.89
-46.24
-45.27
-40.65
-33.04
-23.77
-14.38
-6.18
0.19
4.68
7.69
9.81
11.54
13.08
14.39
15.23
15.41
14.85
13.71
12.24
10.68
9.19
7.80
6.55
5.56
5.01
4.96
5.18
5.20
4.42
2.55
-0.27
-3.42
-6.22
-8.32
-9.91
-11.61
-14.19
-18.14
-23.50
-29.76
-35.96
-40.98
-43.80
-43.69
-40.44
-34.39
-26.39
-17.55
-9.02
-1.60
4.35
8.88
12.27
14.85
16.83
18.26
19.15
19.53
19.53
19.38
19.30
19.41
19.59
19.64
19.42
18.98
18.54
18.26
18.04
17.47
16.05
13.46
9.84
5.70
1.74
-1.59
-4.20
-6.38
-8.55
-11.08
-14.15
-17.89
-22.35
-27.48
-32.91
-37.83
-41.14
-41.82
-39.35
-33.99
-26.69
-18.80
-11.52
-5.62
-1.33
1.57
3.45
4.63
5.28
5.50
5.37
5.02
4.69
4.69
5.18
6.18
7.48
8.71
9.55
9.83
9.67
9.37
9.22
9.33
9.53
9.45
8.72
7.26
5.21
2.91
0.63
-1.48
-3.55
-5.79
-8.48
-11.81
-15.94
-20.95
-26.67
-32.64
-37.99
-41.56
-42.30
-39.66
-33.94
-26.09
-17.48
-9.39
-2.70
2.22
5.44
7.23
7.94
7.87
7.23
6.12
4.67
3.02
1.36
-0.09
-1.34
-2.66
-4.56
-7.49
-11.57
-16.49
-21.73
-26.93
-32.11
-37.74
-44.27
-51.80
-59.88
-67.70
-74.51
-79.98
-84.28
-87.90
-91.30
-94.68
-97.90
-100.51
-101.91
-101.43
-98.47
-92.73
-84.38
-74.15
-63.11
-52.20
-41.84
-31.73
-21.05
-9.04
4.45
18.72
32.34
43.72
51.77
56.29
58.07
58.46
58.85
60.13
62.51
65.55
68.44
70.39
70.82
69.57
66.75
62.72
57.85
52.61
47.34
42.35
37.76
33.54
29.52
25.44
21.03
16.16
10.91
5.57
0.63
-3.41
-6.19
-7.60
-7.84
-7.23
-6.11
-4.60
-2.62
-0.13
2.77
5.55
7.48
7.83
6.22
2.82
-1.74
-6.63
-11.07
-14.61
-17.14
-18.77
-19.68
-19.87
-19.20
-17.39
-14.23
-9.70
-4.04
2.25
8.48
14.15
18.93
22.82
25.92
28.18
29.34
29.03
27.08
23.92
20.63
18.66
19.37
23.44
30.67
40.10
50.45
60.60
69.90
78.10
85.15
90.97
95.37
98.13
99.16
98.60
96.70
93.70
89.65
84.59
78.69
72.57
67.22
63.66
62.34
62.77
63.65
63.34
60.60
55.09
47.30
38.13
28.38
18.48
8.61
-1.06
-10.19
-18.40
-25.55
-31.91
-38.00
-44.16
-50.10
-54.83
-56.94
-55.25
-49.42
-40.21
-29.28
-18.62
-9.80
-3.44
0.82
4.06
7.46
11.83
17.30
23.48
29.66
35.20
39.62
42.57
43.72
42.74
39.53
34.40
28.21
22.04
16.88
13.12
10.59
8.72
6.98
5.11
3.14
1.14
-1.02
-3.64
-7.15
-11.77
-17.50
-24.25
-31.77
-39.64
-47.03
-52.59
-54.77
-52.48
-45.61
-35.28
-23.42
-11.94
-2.08
5.84
12.17
17.24
21.11
23.56
24.37
23.67
21.99
19.93
17.92
16.03
14.10
12.00
9.84
7.98
6.85
6.71
7.52
8.87
10.14
10.69
10.14
8.51
6.17
3.70
1.48
-0.50
-2.70
-5.75
-10.18
-16.08
-23.03
-30.26
-36.86
-42.00
-45.15
-45.89
-44.01
-39.52
-32.76
-24.42
-15.53
-7.09
0.08
5.56
9.33
11.69
13.03
13.71
13.97
13.94
13.64
13.13
12.53
11.95
11.44
10.91
10.10
8.83
7.07
5.08
3.20
1.69
0.41
-1.12
-3.46
-6.93
-11.45
-16.67
-22.24
-28.07
-34.23
-40.56
-46.44
-50.73
-52.14
-49.88
-44.01
-35.58
-26.14
-17.23
-9.83
-4.19
-0.08
3.01
5.48
7.57
9.44
11.17
12.83
14.42
15.80
16.78
17.15
16.93
16.35
15.81
15.61
15.85
16.23
16.35
15.89
14.79
13.28
11.61
9.83
7.66
4.77
1.00
-3.47
-8.17
-12.69
-16.94
-21.24
-25.97
-31.21
-36.41
-40.54
-42.44
-41.45
-37.62
-31.71
-24.77
-17.70
-11.06
-5.06
0.27
4.83
8.54
11.24
12.97
13.82
14.03
13.79
13.20
12.28
11.05
9.58
8.04
6.67
5.68
5.21
5.18
5.39
5.55
5.41
4.81
3.74
2.17
0.07
-2.60
-5.77
-9.20
-12.51
-15.41
-17.90
-20.30
-23.18
-27.01
-31.91
-37.45
-42.85
-47.17
-49.60
-49.64
-47.20
-42.61
-36.51
-29.69
-22.95
-16.77
-11.35
-6.61
-2.36
1.47
4.77
7.25
8.71
9.08
8.59
7.69
6.90
6.69
7.26
8.44
9.80
10.83
11.13
10.58
9.34
7.77
6.20
4.91
4.03
3.49
3.03
2.21
0.60
-2.08
-5.73
-9.88
-13.80
-16.80
-18.58
-19.38
-19.89
-20.88
-22.98
-26.40
-30.91
-35.91
-40.54
-43.81
-44.84
-43.07
-38.43
-31.51
-23.35
-15.18
-7.97
-2.22
2.09
5.43
8.29
11.00
13.60
15.87
17.53
18.39
18.40
17.67
16.42
14.89
13.31
11.89
10.87
10.41
10.56
11.25
12.16
12.96
13.29
12.99
12.05
10.59
8.76
6.66
4.46
2.30
0.30
-1.66
-3.96
-7.09
-11.36
-16.45
-21.41
-24.83
-25.51
-22.93
-17.49
-10.24
-2.32
5.48
12.93
20.05
26.88
33.13
38.37
42.17
44.36
45.06
44.61
43.42
41.87
40.27
38.75
37.21
35.37
32.84
29.39
25.09
20.34
15.64
11.29
7.18
2.79
-2.42
-8.66
-15.59
-22.55
-28.84
-34.26
-39.11
-43.97
-49.32
-55.17
-61.21
-66.90
-71.77
-75.51
-77.82
-78.20
-76.04
-70.82
-62.60
-52.16
-40.80
-29.81
-20.06
-11.76
-4.81
0.97
5.52
8.72
10.61
11.56
12.23
13.14
14.46
15.98
17.34
18.29
18.82
19.08
19.12
18.97
18.57
18.01
17.44
16.84
15.96
14.20
11.03
6.35
0.66
-5.03
-9.74
-12.97
-15.06
-17.01
-20.08
-25.04
-31.93
-39.89
-47.42
-52.89
-54.93
-52.95
-47.21
-38.76
-29.11
-19.80
-11.83
-5.64
-1.05
2.36
4.98
7.02
8.52
9.62
10.56
11.71
13.26
15.06
16.63
17.38
17.04
15.83
14.35
13.25
12.81
12.72
12.28
10.81
8.00
4.06
-0.44
-4.83
-8.57
-11.43
-13.48
-14.99
-16.40
-18.35
-21.43
-26.10
-32.36
-39.64
-46.81
-52.45
-55.27
-54.41
-49.75
-41.89
-32.01
-21.50
-11.65
-3.38
3.03
7.82
11.59
14.89
18.04
20.93
23.25
24.72
25.26
25.04
24.32
23.31
22.16
21.03
20.15
19.84
20.25
21.20
22.17
22.45
21.49
19.19
15.91
12.23
8.63
5.41
2.57
-0.06
-2.76
-5.88
-9.79
-14.76
-20.70
-26.94
-32.32
-35.42
-35.13
-31.10
-23.89
-14.71
-4.84
4.71
13.44
21.09
27.47
32.35
35.55
37.12
37.43
37.02
36.37
35.67
34.87
33.85
32.59
31.21
29.91
28.79
27.76
26.68
25.45
24.05
22.50
20.78
18.72
16.15
12.99
9.31
5.25
0.92
-3.71
-8.79
-14.43
-20.62
-27.00
-32.92
-37.44
-39.47
-38.08
-32.82
-24.01
-12.75
-0.71
10.32
19.05
25.01
28.59
30.72
32.40
34.17
36.08
37.70
38.57
38.48
37.57
36.27
34.94
33.75
32.65
31.47
30.15
28.75
27.39
26.10
24.70
22.82
20.14
16.47
11.88
6.69
1.31
-3.87
-8.60
-12.85
-16.87
-21.08
-25.90
-31.55
-37.75
-43.62
-47.86
-49.11
-46.42
-39.76
-30.05
-18.93
-8.15
1.04
8.17
13.52
17.73
21.39
24.71
27.65
30.04
31.87
33.27
34.44
35.36
35.76
35.30
33.83
31.62
29.30
27.61
27.03
27.53
28.57
29.35
29.18
27.65
24.76
20.89
16.55
12.21
8.18
4.53
1.13
-2.33
-6.20
-10.76
-16.11
-22.16
-28.69
-35.33
-41.56
-46.71
-49.93
-50.41
-47.58
-41.46
-32.66
-22.29
-11.57
-1.55
7.11
14.20
19.81
24.15
27.51
30.09
32.11
33.67
34.79
35.45
35.67
35.57
35.44
35.50
35.85
36.27
36.27
35.45
33.67
31.26
28.82
26.91
25.80
25.22
24.58
23.28
20.95
17.62
13.56
9.17
4.73
0.28
-4.29
-9.10
-14.28
-19.77
-25.45
-31.16
-36.69
-41.84
-46.20
-49.24
-50.26
-48.75
-44.55
-38.08
-30.18
-21.82
-13.82
-6.60
-0.25
5.24
9.77
13.18
15.30
16.20
16.21
15.80
15.45
15.32
15.33
15.22
14.80
14.07
13.25
12.66
12.47
12.72
13.16
13.51
13.49
12.92
11.72
9.88
7.53
4.86
2.14
-0.43
-2.82
-5.27
-8.29
-12.39
-17.76
-24.02
-30.28
-35.35
-38.20
-38.27
-35.63
-30.88
-24.83
-18.27
-11.68
-5.23
1.07
7.15
12.74
17.35
20.48
21.91
21.79
20.62
19.03
17.60
16.64
16.16
15.95
15.79
15.56
15.24
14.98
14.96
15.22
15.55
15.51
14.52
12.16
8.47
3.88
-0.86
-5.09
-8.49
-11.24
-13.79
-16.66
-20.25
-24.66
-29.83
-35.43
-40.85
-45.25
-47.64
-47.23
-43.68
-37.37
-29.25
-20.51
-12.17
-4.87
1.25
6.30
10.49
13.93
16.65
18.64
19.96
20.72
21.05
20.98
20.56
19.80
18.84
17.92
17.25
16.93
16.79
16.46
15.60
14.10
12.16
10.21
8.57
7.25
5.85
3.85
0.94
-2.70
-6.54
-9.91
-12.49
-14.44
-16.29
-18.75
-22.31
-27.13
-32.91
-39.05
-44.64
-48.62
-50.05
-48.31
-43.37
-35.83
-26.84
-17.64
-9.23
-2.09
3.81
8.71
12.86
16.33
19.03
20.90
22.00
22.47
22.49
22.19
21.64
20.98
20.38
20.03
19.89
19.68
18.94
17.23
14.50
11.22
8.11
5.84
4.60
3.98
3.22
1.60
-1.17
-4.83
-8.80
-12.50
-15.64
-18.26
-20.72
-23.45
-26.76
-30.78
-35.45
-40.62
-46.02
-51.22
-55.47
-57.75
-57.09
-52.91
-45.42
-35.68
-25.25
-15.66
-7.76
-1.63
3.24
7.48
11.40
14.95
17.82
19.75
20.73
20.94
20.66
20.10
19.39
18.53
17.57
16.64
15.85
15.35
15.21
15.45
15.97
16.44
16.45
15.55
13.49
10.37
6.64
2.86
-0.52
-3.34
-5.79
-8.31
-11.38
-15.40
-20.48
-26.41
-32.64
-38.32
-42.43
-44.04
-42.52
-37.84
-30.54
-21.63
-12.32
-3.72
3.38
8.66
12.19
14.37
15.73
16.72
17.53
18.24
18.74
18.94
18.79
18.28
17.40
16.16
14.64
13.03
11.61
10.60
10.04
9.79
9.44
8.55
6.78
4.04
0.48
-3.50
-7.50
-11.23
-14.69
-18.17
-22.11
-26.82
-32.17
-37.53
-41.93
-44.40
-44.30
-41.44
-36.20
-29.11
-20.92
-12.31
-3.84
4.04
11.06
17.10
22.06
25.85
28.35
29.51
29.46
28.56
27.36
26.37
25.86
25.78
25.86
25.80
25.46
24.84
24.01
23.03
21.83
20.20
17.93
14.76
10.62
5.63
0.28
-4.75
-8.80
-11.49
-13.03
-14.22
-16.17
-19.90
-25.85
-33.55
-41.79
-48.78
-52.87
-52.93
-48.83
-41.36
-31.98
-22.31
-13.50
-6.02
0.39
6.30
12.21
18.20
23.92
28.80
32.37
34.48
35.28
35.20
34.67
34.05
33.53
33.11
32.70
32.18
31.54
30.88
30.33
29.94
29.60
28.97
27.67
25.37
22.04
17.95
13.58
9.47
5.98
3.16
0.72
-1.86
-5.15
-9.58
-15.21
-21.79
-28.75
-35.41
-41.00
-44.72
-45.85
-43.83
-38.52
-30.36
-20.49
-10.36
-1.36
5.67
10.60
13.86
16.05
17.60
18.53
18.66
17.88
16.30
14.30
12.37
10.91
10.05
9.69
9.61
9.56
9.43
9.27
9.20
9.35
9.79
10.34
10.74
10.66
9.80
8.01
5.34
1.93
-1.94
-5.94
-9.76
-13.12
-15.97
-18.57
-21.51
-25.50
-31.04
-37.97
-45.40
-51.86
-55.82
-56.25
-52.89
-46.24
-37.26
-27.02
-16.51
-6.50
2.37
9.66
15.10
18.79
21.14
22.69
23.90
25.06
26.15
27.00
27.45
27.46
27.03
26.21
25.06
23.66
22.13
20.57
19.07
17.61
16.07
14.29
12.17
9.71
7.06
4.32
1.54
-1.46
-4.95
-9.26
-14.55
-20.68
-27.15
-33.11
-37.49
-39.34
-38.05
-33.67
-26.85
-18.67
-10.21
-2.27
4.80
10.94
16.18
20.44
23.54
25.28
25.69
24.94
23.39
21.35
19.08
16.70
14.37
12.25
10.50
9.20
8.29
7.52
6.63
5.41
3.81
1.86
-0.35
-2.82
-5.55
-8.58
-11.96
-15.77
-20.13
-25.25
-31.17
-37.73
-44.28
-49.78
-52.99
-52.88
-49.03
-41.78
-32.22
-21.76
-11.76
-3.17
3.68
8.92
12.99
16.38
19.46
22.35
24.91
26.86
27.88
27.80
26.77
25.23
23.77
22.84
22.52
22.50
22.27
21.44
19.88
17.81
15.53
13.20
10.76
7.97
4.66
0.69
-3.95
-9.33
-15.54
-22.51
-29.70
-36.09
-40.33
-41.25
-38.41
-32.35
-24.37
-16.00
-8.45
-2.16
3.03
7.71
12.38
17.19
21.85
25.79
28.40
29.32
28.64
26.80
24.50
22.34
20.63
19.39
18.45
17.65
16.97
16.41
15.90
15.18
13.81
11.39
7.81
3.29
-1.73
-6.85
-11.97
-17.26
-22.98
-29.16
-35.33
-40.61
-43.90
-44.34
-41.64
-36.18
-28.85
-20.69
-12.53
-4.84
2.30
8.90
14.91
20.14
24.42
27.64
29.92
31.54
32.83
33.91
34.65
34.72
33.84
32.03
29.59
27.08
25.00
23.55
22.51
21.45
19.92
17.70
14.82
11.46
7.82
4.00
0.05
-3.96
-8.05
-12.42
-17.42
-23.48
-30.62
-38.15
-44.66
-48.47
-48.31
-43.92
-36.20
-26.75
-17.21
-8.65
-1.37
4.83
10.28
15.18
19.53
23.31
26.58
29.45
31.96
33.91
34.95
34.74
33.19
30.68
27.90
25.58
24.17
23.67
23.76
24.00
24.04
23.73
22.93
21.49
19.16
15.78
11.49
6.72
2.08
-1.99
-5.37
-8.39
-11.57
-15.42
-20.30
-26.24
-32.98
-39.84
-45.81
-49.65
-50.23
-47.01
-40.26
-31.01
-20.70
-10.73
-2.06
4.94
10.34
14.46
17.66
20.19
22.20
23.64
24.44
24.54
23.94
22.80
21.39
20.01
18.90
18.24
18.17
18.73
19.81
21.04
21.83
21.52
19.77
16.68
12.73
8.55
4.55
0.80
-2.88
-6.72
-10.83
-15.25
-20.01
-25.17
-30.61
-35.88
-40.07
-42.10
-41.15
-37.08
-30.53
-22.61
-14.44
-6.74
0.28
6.73
12.67
17.99
22.35
25.40
27.01
27.32
26.73
25.70
24.58
23.61
22.86
22.35
22.03
21.80
21.50
21.01
20.21
19.14
17.91
16.62
15.29
13.73
11.62
8.67
4.80
0.29
-4.30
-8.46
-11.96
-15.01
-18.16
-22.02
-26.90
-32.68
-38.67
-43.90
-47.33
-48.23
-46.27
-41.61
-34.84
-26.76
-18.22
-9.93
-2.39
4.17
9.76
14.45
18.37
21.61
24.31
26.51
28.23
29.34
29.71
29.31
28.32
27.04
25.88
25.05
24.54
24.15
23.60
22.76
21.68
20.50
19.36
18.21
16.85
14.88
12.01
8.20
3.73
-0.86
-5.03
-8.46
-11.31
-14.00
-17.03
-20.62
-24.68
-28.93
-33.17
-37.48
-41.97
-46.54
-50.55
-52.95
-52.60
-48.90
-42.06
-33.07
-23.32
-14.01
-5.84
1.03
6.76
11.61
15.61
18.64
20.60
21.51
21.63
21.39
21.21
21.34
21.75
22.20
22.42
22.27
21.91
21.65
21.81
22.42
23.22
23.65
23.13
21.30
18.24
14.39
10.38
6.76
3.78
1.30
-1.06
-3.67
-6.68
-9.90
-12.96
-15.47
-17.27
-18.58
-19.97
-22.15
-25.70
-30.83
-37.15
-43.74
-49.38
-52.89
-53.53
-51.15
-46.20
-39.52
-31.97
-24.22
-16.64
-9.45
-2.81
3.11
8.10
12.06
14.92
16.70
17.44
17.25
16.33
15.05
13.88
13.23
13.30
14.01
15.02
15.98
16.60
16.77
16.52
15.80
14.52
12.63
10.13
7.23
4.22
1.37
-1.18
-3.46
-5.56
-7.58
-9.61
-11.71
-13.93
-16.34
-19.08
-22.28
-26.01
-30.15
-34.27
-37.64
-39.33
-38.55
-35.00
-29.10
-21.89
-14.66
-8.41
-3.45
0.47
3.86
7.00
9.77
11.78
12.78
12.87
12.56
12.36
12.46
12.56
12.11
10.75
8.64
6.44
5.00
4.82
5.85
7.47
8.83
9.34
8.75
7.18
4.79
1.70
-2.00
-6.14
-10.28
-13.98
-16.91
-19.20
-21.42
-24.36
-28.57
-33.98
-39.79
-44.78
-47.73
-47.86
-45.04
-39.77
-32.84
-25.13
-17.43
-10.26
-3.87
1.71
6.59
10.83
14.34
16.98
18.64
19.36
19.35
18.94
18.36
17.69
16.97
16.16
15.44
15.06
15.19
15.82
16.62
17.09
16.76
15.42
13.16
10.23
6.89
3.35
-0.23
-3.70
-6.93
-9.87
-12.63
-15.50
-18.86
-23.11
-28.51
-34.99
-42.00
-48.53
-53.36
-55.40
-54.03
-49.32
-41.96
-32.97
-23.39
-14.11
-5.68
1.66
7.74
12.58
16.17
18.64
20.08
20.70
20.74
20.50
20.29
20.34
20.72
21.21
21.54
21.46
21.03
20.46
20.06
19.97
20.10
20.12
19.62
18.28
16.00
12.97
9.55
6.14
2.95
0.04
-2.79
-5.89
-9.49
-13.63
-18.15
-22.82
-27.58
-32.56
-37.95
-43.61
-48.84
-52.49
-53.32
-50.65
-44.63
-36.28
-27.01
-18.06
-10.09
-3.18
2.96
8.54
13.58
17.95
21.52
24.30
26.42
28.06
29.32
30.20
30.67
30.74
30.44
29.90
29.23
28.58
28.09
27.81
27.73
27.64
27.26
26.34
24.74
22.48
19.72
16.62
13.28
9.74
5.95
1.95
-2.22
-6.50
-10.91
-15.58
-20.75
-26.60
-33.11
-39.94
-46.36
-51.46
-54.28
-54.24
-51.19
-45.52
-37.93
-29.20
-20.05
-11.01
-2.61
4.67
10.45
14.57
17.18
18.72
19.78
20.72
21.71
22.59
23.15
23.18
22.64
21.66
20.45
19.30
18.49
18.24
18.63
19.51
20.45
20.90
20.40
18.72
16.03
12.68
9.07
5.44
1.87
-1.70
-5.42
-9.40
-13.82
-18.75
-24.11
-29.45
-33.97
-36.63
-36.50
-33.13
-26.72
-18.16
-8.72
0.29
7.87
13.58
17.48
20.06
21.84
23.18
24.14
24.63
24.57
24.13
23.62
23.33
23.27
23.19
22.72
21.67
20.19
18.64
17.37
16.38
15.32
13.76
11.43
8.34
4.75
0.97
-2.89
-6.95
-11.46
-16.68
-22.69
-29.30
-35.95
-41.76
-45.73
-47.02
-45.19
-40.31
-33.00
-24.13
-14.65
-5.42
2.87
9.72
14.84
18.25
20.33
21.63
22.76
24.08
25.62
27.16
28.36
28.96
28.90
28.31
27.43
26.52
25.75
25.23
24.87
24.43
23.63
22.07
19.48
15.78
11.19
6.10
0.96
-3.90
-8.40
-12.72
-17.27
-22.53
-28.79
-35.93
-43.24
-49.48
-53.22
-53.39
-49.65
-42.56
-33.47
-23.92
-15.12
-7.71
-1.60
3.69
8.74
13.89
19.13
24.17
28.61
32.11
34.50
35.80
36.13
35.66
34.58
33.11
31.52
30.18
29.39
29.25
29.56
29.82
29.47
28.09
25.55
22.06
17.94
13.54
9.17
5.09
1.49
-1.53
-4.13
-6.72
-10.01
-14.72
-21.28
-29.45
-38.28
-46.24
-51.72
-53.60
-51.55
-46.08
-38.21
-29.08
-19.60
-10.43
-2.04
5.16
10.80
14.84
17.63
19.93
22.49
25.75
29.47
32.95
35.35
36.16
35.46
33.84
32.08
30.83
30.33
30.49
30.99
31.52
31.82
31.82
31.38
30.39
28.62
25.90
22.20
17.75
13.06
8.66
4.97
1.99
-0.65
-3.46
-6.89
-11.05
-15.82
-21.00
-26.58
-32.60
-39.02
-45.42
-50.94
-54.51
-55.24
-52.72
-47.17
-39.29
-29.99
-20.24
-10.87
-2.54
4.36
9.70
13.62
16.42
18.37
19.63
20.27
20.39
20.18
19.89
19.70
19.58
19.32
18.70
17.76
16.78
16.18
16.22
16.83
17.65
18.15
17.93
16.72
14.50
11.38
7.74
3.99
0.56
-2.40
-5.18
-8.48
-13.07
-19.30
-26.74
-34.16
-39.98
-42.87
-42.27
-38.56
-32.63
-25.50
-17.92
-10.26
-2.80
4.20
10.30
15.14
18.55
20.67
21.87
22.58
23.01
23.19
23.04
22.48
21.55
20.45
19.44
18.69
18.30
18.18
18.08
17.75
17.00
15.75
14.14
12.25
10.15
7.59
4.31
0.11
-4.85
-9.99
-14.61
-18.22
-20.99
-23.74
-27.43
-32.61
-38.93
-45.14
-49.54
-50.74
-48.21
-42.44
-34.66
-26.19
-18.04
-10.63
-3.97
2.08
7.49
12.09
15.65
18.11
19.70
20.80
21.77
22.78
23.77
24.48
24.69
24.41
23.83
23.28
23.00
23.09
23.35
23.43
22.93
21.59
19.36
16.43
13.14
9.73
6.33
2.90
-0.72
-4.55
-8.51
-12.41
-16.13
-19.81
-23.88
-28.81
-34.80
-41.41
-47.57
-51.79
-52.90
-50.41
-44.79
-37.15
-28.73
-20.45
-12.73
-5.68
0.68
6.19
10.60
13.82
15.98
17.46
18.63
19.67
20.53
21.12
21.44
21.66
21.95
22.39
22.77
22.80
22.16
20.79
18.90
16.96
15.47
14.76
14.76
15.02
14.89
13.78
11.43
7.93
3.63
-1.04
-5.77
-10.35
-14.72
-18.81
-22.69
-26.54
-30.69
-35.47
-40.92
-46.62
-51.59
-54.62
-54.66
-51.23
-44.61
-35.73
-25.89
-16.31
-7.87
-0.93
4.55
8.81
12.09
14.52
16.19
17.21
17.85
18.48
19.38
20.59
21.83
22.67
22.66
21.67
19.94
17.97
16.39
15.53
15.29
15.18
14.51
12.74
9.83
6.28
2.90
0.47
-0.81
-1.40
-2.27
-4.29
-7.90
-12.89
-18.59
-24.28
-29.45
-33.90
-37.36
-39.45
-39.56
-37.20
-32.27
-25.30
-17.29
-9.39
-2.46
3.14
7.50
10.92
13.68
15.92
17.61
18.63
18.86
18.19
16.68
14.59
12.32
10.43
9.38
9.32
9.95
10.68
10.84
9.96
7.99
5.24
2.22
-0.68
-3.27
-5.60
-7.73
-9.70
-11.49
-13.24
-15.38
-18.57
-23.35
-29.67
-36.66
-42.70
-46.07
-45.54
-40.90
-32.94
-23.05
-12.80
-3.39
4.37
10.12
13.86
15.87
16.70
17.05
17.44
18.14
19.02
19.72
19.88
19.32
18.07
16.31
14.28
12.23
10.38
8.95
8.02
7.50
7.07
6.23
4.54
1.80
-1.86
-5.96
-9.96
-13.55
-16.79
-20.15
-24.30
-29.64
-36.03
-42.65
-48.20
-51.35
-51.19
-47.59
-41.10
-32.78
-23.71
-14.76
-6.46
0.92
7.20
12.23
15.92
18.38
19.98
21.22
22.53
23.94
25.13
25.56
24.86
23.11
20.83
18.74
17.40
16.96
17.19
17.65
17.77
17.16
15.50
12.69
8.85
4.44
0.09
-3.70
-6.82
-9.77
-13.42
-18.59
-25.49
-33.51
-41.32
-47.41
-50.65
-50.55
-47.36
-41.74
-34.47
-26.25
-17.64
-9.14
-1.24
5.64
11.26
15.61
18.98
21.71
24.03
26.03
27.63
28.79
29.53
29.93
29.96
29.51
28.45
26.81
24.90
23.28
22.43
22.45
22.86
22.84
21.51
18.49
14.01
8.85
3.89
-0.23
-3.40
-6.05
-8.95
-12.81
-18.04
-24.53
-31.73
-38.80
-44.85
-49.02
-50.64
-49.31
-45.01
-38.20
-29.79
-20.91
-12.55
-5.25
0.99
6.55
11.78
16.71
20.99
24.14
25.99
26.83
27.31
28.02
29.09
30.09
30.40
29.59
27.83
25.74
24.01
22.93
22.22
21.38
19.95
17.91
15.59
13.36
11.26
9.00
6.18
2.58
-1.68
-6.27
-10.95
-15.74
-20.77
-26.02
-31.02
-34.82
-36.36
-34.89
-30.35
-23.41
-15.23
-6.99
0.48
6.79
11.93
16.00
19.08
21.16
22.26
22.56
22.30
21.76
21.11
20.46
19.86
19.39
19.14
19.19
19.48
19.78
19.78
19.19
17.93
16.06
13.72
11.01
7.97
4.63
1.02
-2.77
-6.64
-10.61
-14.91
-19.88
-25.72
-32.25
-38.68
-43.73
-46.01
-44.57
-39.35
-31.28
-21.91
-12.82
-4.98
1.42
6.84
11.85
16.72
21.23
24.89
27.33
28.57
28.92
28.80
28.53
28.11
27.37
26.20
24.66
23.07
21.81
21.12
20.90
20.85
20.47
19.27
17.00
13.59
9.32
4.64
0.12
-3.87
-7.23
-10.25
-13.48
-17.60
-23.03
-29.77
-37.25
-44.33
-49.59
-51.78
-50.20
-44.94
-36.87
-27.36
-17.78
-9.16
-1.99
3.70
8.20
11.95
15.33
18.62
21.92
25.12
27.89
29.84
30.71
30.54
29.66
28.50
27.36
26.28
25.16
23.98
22.89
22.18
21.95
21.98
21.62
20.19
17.31
13.27
8.77
4.63
1.23
-1.57
-4.32
-7.53
-11.40
-15.89
-20.87
-26.31
-32.29
-38.62
-44.70
-49.34
-51.33
-49.80
-44.79
-37.13
-28.11
-18.99
-10.55
-3.15
3.15
8.35
12.51
15.74
18.29
20.52
22.70
24.84
26.70
28.00
28.51
28.35
27.76
27.07
26.42
25.81
25.21
24.57
24.01
23.63
23.41
23.13
22.36
20.70
17.90
14.10
9.69
5.19
0.96
-2.88
-6.50
-10.17
-14.18
-18.68
-23.69
-29.13
-34.81
-40.45
-45.56
-49.53
-51.67
-51.46
-48.72
-43.59
-36.57
-28.31
-19.49
-10.80
-2.81
3.99
9.31
13.06
15.49
17.06
18.26
19.41
20.62
21.73
22.49
22.72
22.30
21.27
19.72
17.94
16.33
15.40
15.49
16.58
18.14
19.15
18.66
16.16
11.89
6.80
2.05
-1.55
-3.91
-5.62
-7.60
-10.65
-15.14
-20.89
-27.27
-33.35
-38.13
-40.70
-40.47
-37.31
-31.58
-24.01
-15.58
-7.22
0.28
6.44
11.03
14.06
15.79
16.50
16.52
16.16
15.62
15.06
14.65
14.47
14.50
14.59
14.47
13.95
13.03
11.92
10.96
10.32
9.85
9.05
7.35
4.46
0.54
-3.79
-7.82
-11.10
-13.70
-16.30
-19.74
-24.67
-31.11
-38.22
-44.58
-48.64
-49.22
-45.96
-39.45
-30.94
-21.98
-13.82
-7.10
-1.80
2.46
6.14
9.52
12.65
15.45
17.86
19.87
21.44
22.43
22.67
21.97
20.42
18.36
16.36
14.92
14.34
14.46
14.83
14.85
14.06
12.30
9.73
6.78
3.83
1.11
-1.45
-4.14
-7.25
-10.99
-15.44
-20.59
-26.45
-32.99
-39.93
-46.52
-51.61
-53.87
-52.43
-47.26
-39.36
-30.30
-21.63
-14.25
-8.20
-2.89
2.42
8.12
14.02
19.46
23.70
26.31
27.43
27.62
27.54
27.62
27.86
28.04
27.87
27.31
26.54
25.83
25.34
24.98
24.47
23.50
21.89
19.68
17.00
14.04
10.91
7.65
4.31
0.93
-2.43
-5.79
-9.30
-13.26
-18.10
-24.16
-31.47
-39.60
-47.55
-54.01
-57.72
-57.84
-54.25
-47.53
-38.76
-29.19
-19.93
-11.74
-4.91
0.64
5.24
9.25
12.88
16.15
18.83
20.77
21.96
22.58
22.99
23.46
24.02
24.47
24.61
24.39
23.96
23.59
23.46
23.46
23.28
22.51
20.83
18.21
14.83
11.07
7.18
3.33
-0.41
-4.11
-7.85
-11.89
-16.45
-21.67
-27.42
-33.14
-37.98
-40.97
-41.38
-38.87
-33.67
-26.47
-18.17
-9.65
-1.56
5.71
12.00
17.25
21.42
24.45
26.31
27.05
26.92
26.30
25.61
25.10
24.76
24.37
23.71
22.69
21.50
20.37
19.50
18.79
17.96
16.70
14.78
12.22
9.16
5.86
2.50
-0.77
-3.99
-7.33
-11.10
-15.65
-21.28
-27.90
-34.96
-41.46
-46.25
-48.32
-47.19
-42.97
-36.33
-28.25
-19.72
-11.48
-3.93
2.87
8.96
14.32
18.86
22.41
24.93
26.56
27.54
28.11
28.44
28.57
28.48
28.16
27.62
26.87
25.82
24.40
22.64
20.80
19.28
18.41
18.25
18.41
18.16
16.70
13.57
8.82
3.04
-2.87
-8.10
-12.23
-15.46
-18.42
-21.95
-26.71
-32.81
-39.83
-46.78
-52.46
-55.70
-55.71
-52.16
-45.30
-35.89
-25.14
-14.30
-4.56
3.39
9.43
13.98
17.75
21.32
24.98
28.53
31.52
33.54
34.46
34.44
33.78
32.69
31.15
29.12
26.72
24.37
22.66
22.07
22.54
23.46
23.86
22.90
20.26
16.24
11.57
6.99
2.94
-0.58
-3.80
-6.96
-10.17
-13.46
-16.98
-21.12
-26.34
-32.86
-40.21
-47.22
-52.35
-54.24
-52.29
-46.80
-38.79
-29.54
-20.13
-11.24
-3.22
3.73
9.52
14.13
17.78
20.83
23.66
26.37
28.73
30.27
30.56
29.51
27.40
24.82
22.37
20.52
19.52
19.42
20.09
21.22
22.36
22.91
22.30
20.24
16.86
12.77
8.74
5.36
2.73
0.39
-2.40
-6.24
-11.33
-17.35
-23.72
-29.86
-35.30
-39.72
-42.78
-44.01
-42.91
-39.15
-32.89
-24.78
-15.92
-7.44
-0.20
5.44
9.60
12.64
15.01
16.95
18.50
19.57
20.10
20.14
19.88
19.55
19.23
18.84
18.15
16.96
15.26
13.24
11.23
9.52
8.19
6.99
5.60
3.64
1.01
-2.05
-5.19
-8.10
-10.84
-13.84
-17.72
-22.88
-29.09
-35.40
-40.37
-42.66
-41.50
-36.94
-29.73
-21.07
-12.13
-3.85
3.17
8.68
12.72
15.55
17.60
19.22
20.65
21.88
22.81
23.34
23.56
23.62
23.67
23.63
23.21
22.21
20.56
18.53
16.54
14.92
13.70
12.58
11.13
8.98
6.09
2.63
-1.14
-5.00
-8.89
-12.89
-17.22
-22.12
-27.78
-34.12
-40.67
-46.48
-50.25
-50.83
-47.57
-40.80
-31.63
-21.72
-12.57
-5.07
0.67
5.12
8.96
12.69
16.42
19.90
22.68
24.38
24.92
24.60
23.92
23.39
23.27
23.48
23.74
23.81
23.64
23.35
23.05
22.58
21.49
19.28
15.73
11.13
6.18
1.64
-2.02
-4.80
-7.06
-9.25
-11.77
-15.04
-19.45
-25.34
-32.72
-40.90
-48.46
-53.57
-54.68
-51.17
-43.65
-33.61
-22.88
-12.90
-4.41
2.56
8.28
13.10
17.20
20.63
23.39
25.46
26.89
27.70
27.93
27.61
26.79
25.53
24.00
22.44
21.11
20.24
19.95
20.11
20.28
20.01
18.78
16.37
12.91
8.82
4.67
0.94
-2.18
-4.76
-7.07
-9.43
-12.15
-15.45
-19.57
-24.69
-30.78
-37.46
-43.86
-48.88
-51.36
-50.58
-46.45
-39.59
-30.99
-21.76
-12.78
-4.61
2.42
8.16
12.58
15.71
17.71
18.85
19.46
19.83
20.18
20.59
21.08
21.58
21.96
22.07
21.72
20.70
18.88
16.31
13.33
10.47
8.33
7.14
6.72
6.42
5.50
3.50
0.46
-3.20
-7.00
-10.81
-14.89
-19.62
-25.05
-30.59
-35.07
-37.30
-36.51
-32.77
-26.86
-19.80
-12.43
-5.19
1.77
8.35
14.21
18.88
21.95
23.33
23.32
22.50
21.34
20.17
19.03
17.86
16.68
15.50
14.41
13.44
12.51
11.50
10.33
8.92
7.19
5.09
2.54
-0.47
-3.81
-7.22
-10.42
-13.25
-15.78
-18.33
-21.28
-24.95
-29.30
-33.86
-37.73
-39.79
-39.12
-35.32
-28.76
-20.45
-11.67
-3.58
3.20
8.61
12.90
16.37
19.09
20.97
21.90
21.89
21.26
20.40
19.61
18.97
18.39
17.74
17.03
16.48
16.31
16.59
17.07
17.23
16.47
14.41
11.18
7.27
3.39
0.08
-2.50
-4.66
-6.97
-10.03
-14.22
-19.62
-26.10
-33.26
-40.55
-47.18
-52.15
-54.40
-53.15
-48.20
-40.08
-30.03
-19.58
-10.05
-2.20
3.88
8.57
12.41
15.82
18.98
21.84
24.24
26.03
27.11
27.53
27.37
26.73
25.67
24.32
22.80
21.28
19.96
18.91
18.13
17.48
16.67
15.46
13.62
11.08
7.92
4.36
0.70
-2.80
-5.99
-8.97
-12.02
-15.61
-20.20
-25.98
-32.67
-39.46
-45.21
-48.75
-49.30
-46.69
-41.40
-34.37
-26.61
-18.91
-11.70
-5.08
0.99
6.45
11.15
14.89
17.57
19.36
20.49
21.28
21.90
22.37
22.59
22.50
22.10
21.50
20.82
20.15
19.52
18.94
18.48
18.19
18.05
17.81
17.14
15.64
13.19
9.99
6.53
3.34
0.67
-1.63
-4.02
-7.04
-10.96
-15.63
-20.56
-25.00
-28.14
-29.28
-27.93
-23.90
-17.36
-8.86
0.67
10.19
18.63
25.27
29.76
32.16
32.80
32.26
31.33
30.93
31.99
35.12
40.32
46.70
52.78
56.88
57.80
55.32
50.22
43.89
37.71
32.48
28.33
25.01
22.22
19.90
18.11
16.80
15.60
13.83
10.81
6.14
-0.09
-7.25
-14.47
-20.82
-25.60
-28.39
-29.06
-27.77
-24.76
-20.36
-14.83
-8.49
-1.69
5.07
11.16
15.98
19.11
20.46
20.31
19.14
17.42
15.54
13.68
11.86
10.03
8.06
5.92
3.70
1.64
0.01
-0.98
-1.42
-1.65
-2.17
-3.37
-5.37
-7.96
-10.69
-13.16
-15.15
-16.72
-18.19
-19.87
-22.03
-24.80
-28.27
-32.49
-37.41
-42.65
-47.51
-50.93
-51.79
-49.40
-43.76
-35.66
-26.45
-17.60
-10.14
-4.47
-0.40
2.60
4.95
6.90
8.45
9.52
10.10
10.25
9.99
9.32
8.17
6.40
4.06
1.41
-1.03
-2.73
-3.30
-2.82
-1.81
-0.99
-1.14
-2.66
-5.44
-8.95
-12.41
-15.11
-16.79
-17.73
-18.62
-20.31
-23.36
-27.85
-33.38
-39.23
-44.60
-48.76
-51.09
-51.06
-48.34
-42.87
-35.15
-26.18
-17.30
-9.69
-3.98
-0.04
2.76
5.16
7.55
9.83
11.57
12.43
12.35
11.67
10.90
10.41
10.27
10.28
10.12
9.65
8.92
8.17
7.62
7.34
7.13
6.64
5.51
3.58
0.92
-2.12
-5.20
-8.13
-11.00
-14.15
-17.94
-22.45
-27.25
-31.44
-33.89
-33.71
-30.62
-25.03
-17.91
-10.31
-3.02
3.57
9.40
14.47
18.65
21.61
23.10
23.09
21.87
19.97
17.90
15.96
14.27
12.84
11.64
10.71
10.03
9.47
8.82
7.89
6.57
4.88
2.94
0.85
-1.41
-3.95
-6.84
-10.11
-13.69
-17.54
-21.70
-26.44
-31.99
-38.44
-45.37
-51.88
-56.68
-58.51
-56.62
-51.04
-42.65
-32.77
-22.79
-13.74
-6.16
-0.11
4.62
8.35
11.46
14.19
16.62
18.60
19.88
20.23
19.68
18.68
17.75
17.40
17.76
18.60
19.47
19.95
19.85
19.21
18.17
16.85
15.27
13.31
10.77
7.52
3.55
-0.87
-5.30
-9.29
-12.61
-15.55
-18.79
-23.17
-29.19
-36.53
-44.10
-50.35
-53.85
-53.80
-50.26
-43.91
-35.85
-27.05
-18.27
-9.99
-2.45
4.15
9.68
14.02
17.24
19.48
21.07
22.33
23.52
24.72
25.84
26.70
27.04
26.73
25.74
24.17
22.29
20.52
19.28
18.90
19.33
20.10
20.39
19.36
16.56
12.15
6.83
1.57
-2.92
-6.35
-9.05
-11.65
-14.76
-18.82
-23.87
-29.78
-36.13
-42.38
-47.75
-51.33
-52.28
-49.96
-44.29
-35.75
-25.46
-14.87
-5.33
2.25
7.60
11.09
13.37
15.15
16.90
18.85
21.03
23.36
25.71
27.90
29.66
30.75
31.06
30.87
30.75
31.40
33.20
35.95
38.85
40.81
41.02
39.25
35.89
31.66
27.10
22.35
17.08
10.97
3.98
-3.47
-10.63
-16.69
-21.02
-23.23
-23.12
-20.67
-16.15
-10.16
-3.53
2.76
8.01
11.86
14.32
15.69
16.23
16.23
15.79
14.98
13.76
12.13
10.15
8.06
6.19
4.91
4.41
4.56
4.96
5.17
4.82
3.84
2.34
0.47
-1.64
-3.82
-5.90
-7.66
-9.01
-10.05
-11.25
-13.21
-16.41
-21.00
-26.52
-32.08
-36.42
-38.14
-36.09
-29.71
-19.35
-6.35
7.25
19.35
28.43
34.14
37.12
38.64
39.88
41.41
43.21
44.83
45.83
46.00
45.40
44.06
41.86
38.59
34.10
28.62
22.80
17.57
13.61
11.18
9.82
8.64
6.82
3.86
-0.15
-4.76
-9.55
-14.32
-19.11
-24.13
-29.47
-35.15
-41.10
-47.25
-53.61
-59.96
-65.69
-69.76
-70.93
-68.23
-61.49
-51.48
-39.59
-27.38
-15.98
-5.90
2.78
10.18
16.40
21.47
25.41
28.40
30.71
32.56
34.11
35.31
36.17
36.77
37.30
37.93
38.72
39.57
40.33
40.89
41.23
41.32
41.07
40.30
38.83
36.58
33.64
30.23
26.60
22.98
19.53
16.31
13.38
10.75
8.46
6.49
4.77
3.17
1.47
-0.59
-3.21
-6.42
-9.91
-13.07
-15.16
-15.69
-14.65
-12.59
-10.35
-8.71
-7.97
-7.91
-7.95
-7.53
-6.44
-4.83
-3.15
-1.86
-1.17
-1.02
-1.18
-1.38
-1.51
-1.57
-1.68
-1.90
-2.18
-2.38
-2.29
-1.83
-1.04
-0.10
0.83
1.62
2.18
2.43
2.32
1.72
0.54
-1.19
-3.32
-5.63
-7.88
-9.92
-11.74
-13.36
-14.83
-16.14
-17.22
-18.04
-18.53
-18.69
-18.59
-18.30
-17.93
-17.58
-17.32
-17.17
-17.00
-16.67
-16.05
-15.05
-13.76
-12.32
-10.92
-9.70
-8.76
-8.16
-7.90
-8.09
-8.71
-9.75
-11.16
-12.83
-14.67
-16.56
-18.35
-19.87
-21.06
-21.97
-22.85
-24.08
-25.97
-28.63
-31.88
-35.28
-38.18
-39.77
-39.15
-35.54
-28.49
-18.16
-5.44
8.21
21.09
31.88
39.87
45.02
47.66
48.21
46.96
44.14
40.21
35.92
32.08
29.44
28.32
28.51
29.49
30.54
31.02
30.43
28.52
25.33
21.07
16.13
10.91
5.66
0.49
-4.47
-8.96
-12.54
-14.76
-15.37
-14.56
-12.92
-11.20
-9.99
-9.51
-9.70
-10.34
-11.26
-12.35
-13.53
-14.65
-15.43
-15.65
-15.22
-14.25
-13.04
-11.87
-10.98
-10.43
-10.25
-10.51
-11.21
-12.32
-13.54
-14.37
-14.25
-12.84
-10.26
-7.09
-4.09
-1.82
-0.42
0.36
0.89
1.32
1.51
1.08
-0.12
-1.82
-3.41
-4.19
-3.85
-2.62
-1.16
-0.11
0.22
0.03
-0.22
-0.10
0.44
1.08
1.37
0.96
-0.06
-1.37
-2.52
-3.30
-3.77
-4.16
-4.66
-5.22
-5.62
-5.56
-4.97
-4.08
-3.28
-2.84
-2.74
-2.71
-2.40
-1.63
-0.50
0.62
1.33
1.34
0.58
-0.81
-2.51
-4.09
-5.08
-5.18
-4.39
-3.10
-1.93
-1.44
-1.87
-2.95
-4.15
-4.97
-5.18
-4.89
-4.45
-4.18
-4.28
-4.85
-5.74
-6.80
-7.72
-8.16
-7.84
-6.77
-5.20
-3.58
-2.25
-1.28
-0.45
0.59
2.04
3.72
5.21
6.01
5.93
5.14
4.15
3.45
3.24
3.41
3.65
3.71
3.54
3.20
2.67
1.82
0.46
-1.45
-3.67
-5.77
-7.29
-8.07
-8.27
-8.36
-8.73
-9.56
-10.72
-11.96
-13.09
-13.98
-14.58
-14.64
-13.76
-11.59
-8.01
-3.32
1.79
6.49
10.10
12.32
13.25
13.25
12.76
12.06
11.39
10.81
10.35
10.04
9.86
9.67
9.28
8.49
7.17
5.35
3.19
0.95
-1.14
-2.93
-4.35
-5.42
-6.18
-6.66
-6.98
-7.36
-8.07
-9.33
-11.15
-13.34
-15.56
-17.53
-19.14
-20.37
-21.13
-21.05
-19.64
-16.62
-12.21
-7.15
-2.52
0.95
3.23
4.96
7.10
10.17
13.92
17.36
19.35
19.26
17.40
14.70
12.31
10.94
10.53
10.47
10.08
8.99
7.34
5.57
4.05
2.79
1.60
0.16
-1.61
-3.56
-5.43
-7.11
-8.70
-10.50
-12.82
-15.82
-19.44
-23.37
-27.08
-30.04
-31.64
-31.44
-29.29
-25.28
-19.76
-13.26
-6.31
0.52
6.66
11.65
15.20
17.40
18.67
19.56
20.47
21.47
22.30
22.52
21.89
20.51
18.72
17.00
15.72
15.01
14.89
15.15
15.54
15.72
15.37
14.27
12.37
9.83
6.97
4.11
1.48
-0.79
-2.74
-4.47
-6.16
-8.10
-10.61
-13.93
-18.09
-22.69
-26.90
-29.65
-29.90
-27.11
-21.40
-13.55
-4.74
3.86
11.41
17.60
22.46
26.10
28.63
30.05
30.40
29.80
28.64
27.37
26.36
25.70
25.28
24.80
24.08
23.06
21.81
20.36
18.76
17.00
15.14
13.37
11.91
10.94
10.39
9.95
9.14
7.60
5.18
2.11
-1.19
-4.23
-6.79
-8.93
-10.96
-13.31
-16.32
-20.01
-24.16
-28.27
-31.66
-33.72
-33.83
-31.65
-27.10
-20.60
-12.97
-5.32
1.34
6.39
9.80
12.02
13.69
15.32
17.13
19.10
21.04
22.69
23.82
24.28
24.02
23.11
21.71
20.09
18.57
17.43
16.80
16.60
16.56
16.22
15.14
13.10
10.32
7.30
4.69
2.93
1.98
1.40
0.49
-1.22
-3.90
-7.27
-10.92
-14.38
-17.24
-19.20
-19.95
-19.28
-17.13
-13.65
-9.13
-4.05
1.17
6.07
10.22
13.27
14.96
15.18
13.89
11.20
7.21
2.13
-3.59
-9.32
-14.16
-17.34
-18.44
-17.66
-15.75
-13.71
-12.22
-11.47
-11.17
-10.84
-10.18
-9.19
-8.08
-7.10
-6.29
-5.64
-5.16
-5.09
-5.82
-7.76
-10.99
-15.22
-19.90
-24.33
-28.02
-30.67
-32.16
-32.37
-31.15
-28.33
-23.81
-17.65
-10.17
-2.08
5.73
12.39
17.33
20.47
22.19
23.07
23.54
23.75
23.62
23.09
22.29
21.55
21.22
21.44
22.02
22.58
22.78
22.47
21.77
20.95
20.18
19.60
19.26
19.20
19.42
19.90
20.42
20.73
20.60
19.95
18.89
17.63
16.28
14.79
13.07
11.11
9.14
7.60
6.90
7.04
7.59
7.75
6.74
4.32
0.85
-2.73
-5.42
-6.60
-6.24
-4.87
-3.25
-2.04
-1.58
-1.83
-2.53
-3.31
-3.88
-4.06
-3.83
-3.32
-2.75
-2.37
-2.36
-2.79
-3.55
-4.43
-5.27
-5.96
-6.52
-6.97
-7.23
-7.11
-6.36
-4.91
-2.99
-1.06
0.33
0.84
0.49
-0.51
-1.92
-3.65
-5.68
-7.99
-10.39
-12.39
-13.56
-13.68
-12.91
-11.66
-10.41
-9.40
-8.63
-7.95
-7.20
-6.33
-5.25
-3.94
-2.35
-0.69
0.74
1.49
1.38
0.60
-0.25
-0.42
0.45
2.21
4.12
5.28
5.13
3.75
1.78
-0.10
-1.34
-1.91
-2.10
-2.34
-2.94
-4.00
-5.52
-7.40
-9.57
-11.85
-13.98
-15.63
-16.55
-16.73
-16.42
-16.04
-15.94
-16.31
-17.00
-17.60
-17.71
-16.97
-15.33
-12.97
-10.25
-7.48
-4.85
-2.39
-0.12
1.88
3.45
4.32
4.46
4.02
3.39
2.98
2.99
3.40
4.02
4.73
5.54
6.50
7.57
8.44
8.76
8.12
6.48
4.13
1.59
-0.74
-2.73
-4.54
-6.51
-8.78
-11.27
-13.74
-16.01
-18.13
-20.40
-23.15
-26.43
-29.81
-32.36
-33.06
-31.25
-26.91
-20.74
-13.79
-7.07
-1.23
3.46
7.03
9.59
11.26
12.21
12.71
13.12
13.66
14.30
14.78
14.71
13.85
12.26
10.37
8.68
7.54
7.05
6.99
7.11
7.17
7.03
6.61
5.80
4.45
2.49
-0.12
-3.29
-6.76
-10.24
-13.52
-16.54
-19.50
-22.68
-26.19
-29.76
-32.57
-33.55
-31.87
-27.35
-20.70
-13.21
-6.23
-0.53
3.87
7.48
10.97
14.60
18.23
21.45
23.90
25.46
26.28
26.62
26.66
26.50
26.06
25.36
24.35
23.10
21.62
19.99
18.29
16.67
15.28
14.11
13.05
11.88
10.47
8.75
6.89
5.11
3.45
1.72
-0.57
-3.84
-8.30
-13.73
-19.57
-25.22
-30.20
-34.24
-37.03
-38.17
-37.05
-33.17
-26.56
-17.86
-8.34
0.62
8.05
13.62
17.59
20.47
22.63
24.05
24.61
24.14
22.80
20.97
19.14
17.66
16.68
16.18
16.05
16.10
16.15
16.01
15.51
14.52
12.98
10.79
7.84
4.02
-0.50
-5.27
-9.49
-12.33
-13.39
-12.91
-11.85
-11.51
-13.01
-16.76
-22.29
-28.38
-33.50
-36.39
-36.35
-33.35
-27.91
-20.89
-13.16
-5.53
1.45
7.49
12.47
16.38
19.29
21.31
22.53
23.07
23.05
22.65
22.04
21.35
20.63
19.80
18.77
17.57
16.28
15.07
14.02
13.01
11.85
10.37
8.58
6.74
5.19
4.15
3.54
2.90
1.52
-1.17
-5.44
-11.01
-17.14
-22.71
-26.64
-28.16
-27.05
-23.57
-18.32
-11.95
-5.08
1.81
8.27
13.80
18.01
20.63
21.68
21.44
20.40
19.02
17.62
16.35
15.23
14.20
13.24
12.32
11.39
10.44
9.43
8.39
7.34
6.26
5.00
3.29
0.75
-2.79
-7.23
-12.09
-16.71
-20.54
-23.38
-25.57
-27.74
-30.62
-34.61
-39.65
-45.16
-50.28
-54.03
-55.52
-54.10
-49.48
-41.79
-31.73
-20.54
-9.69
-0.45
6.47
11.19
14.44
17.13
19.92
22.92
25.80
28.05
29.32
29.49
28.77
27.38
25.57
23.54
21.55
19.91
18.80
18.27
18.04
17.65
16.48
14.06
10.18
4.92
-1.30
-7.88
-14.21
-19.82
-24.52
-28.36
-31.65
-34.87
-38.70
-43.82
-50.69
-59.13
-68.07
-75.62
-79.45
-77.62
-69.32
-55.21
-37.20
-17.70
1.17
18.18
33.01
45.89
57.12
66.68
74.25
79.47
82.14
82.54
81.35
79.37
77.16
74.90
72.36
69.18
65.10
60.19
54.76
49.26
43.92
38.79
33.79
28.87
24.08
19.51
15.17
11.03
6.94
2.88
-1.19
-5.24
-9.37
-13.70
-18.32
-23.08
-27.64
-31.65
-34.89
-37.37
-39.16
-40.10
-39.71
-37.33
-32.56
-25.57
-17.22
-8.64
-0.93
5.35
10.06
13.38
15.45
16.37
16.28
15.51
14.66
14.27
14.63
15.54
16.38
16.49
15.48
13.51
11.15
9.10
7.75
7.07
6.61
5.82
4.39
2.31
-0.12
-2.58
-4.81
-6.85
-8.87
-11.15
-13.95
-17.40
-21.49
-25.98
-30.39
-33.95
-35.76
-34.99
-31.32
-25.10
-17.23
-8.97
-1.33
5.11
10.22
14.12
16.93
18.70
19.52
19.58
19.27
19.04
19.17
19.61
20.04
20.13
19.70
18.85
17.80
16.69
15.47
14.02
12.23
10.18
8.09
6.17
4.51
2.94
1.15
-1.12
-3.94
-7.19
-10.63
-14.08
-17.51
-20.95
-24.42
-27.93
-31.43
-34.92
-38.40
-41.77
-44.69
-46.54
-46.50
-43.93
-38.66
-30.98
-21.76
-12.06
-2.81
5.35
12.07
17.24
20.87
23.08
24.07
24.17
23.78
23.21
22.73
22.44
22.36
22.47
22.70
22.90
22.88
22.48
21.72
20.78
19.90
19.18
18.52
17.68
16.37
14.45
11.96
9.01
5.73
2.31
-1.00
-3.93
-6.21
-7.88
-9.30
-11.05
-13.72
-17.61
-22.51
-27.89
-33.02
-37.27
-40.04
-40.85
-39.26
-35.18
-28.97
-21.47
-13.72
-6.64
-0.59
4.58
9.28
13.88
18.36
22.40
25.48
27.20
27.48
26.56
24.90
22.94
21.04
19.36
17.95
16.77
15.73
14.71
13.59
12.27
10.80
9.32
8.03
7.03
6.32
5.67
4.75
3.30
1.22
-1.36
-4.10
-6.74
-9.11
-11.18
-12.98
-14.59
-16.16
-17.98
-20.35
-23.50
-27.28
-31.09
-33.94
-34.82
-33.06
-28.59
-21.97
-14.14
-6.12
1.21
7.24
11.55
14.05
15.03
15.08
14.98
15.34
16.38
17.75
18.86
19.12
18.34
16.76
14.89
13.14
11.73
10.68
9.87
9.28
8.85
8.42
7.69
6.30
4.04
0.98
-2.45
-5.64
-8.05
-9.48
-10.26
-11.00
-12.53
-15.47
-20.04
-25.83
-31.75
-36.38
-38.29
-36.65
-31.55
-24.01
-15.51
-7.43
-0.56
5.00
9.50
13.14
15.85
17.38
17.67
17.05
16.26
16.02
16.64
17.76
18.60
18.39
16.82
14.23
11.46
9.40
8.55
8.90
9.91
10.79
10.88
9.89
7.91
5.27
2.33
-0.74
-3.89
-7.19
-10.62
-14.06
-17.32
-20.32
-23.19
-26.22
-29.64
-33.38
-36.90
-39.40
-39.98
-38.10
-33.67
-27.15
-19.41
-11.36
-3.78
2.94
8.75
13.79
18.11
21.52
23.65
24.22
23.27
21.18
18.63
16.24
14.41
13.21
12.55
12.26
12.26
12.41
12.55
12.53
12.30
11.94
11.53
10.99
10.02
8.16
5.22
1.38
-2.67
-6.19
-8.72
-10.41
-11.89
-13.91
-16.95
-21.05
-25.85
-30.82
-35.45
-39.21
-41.54
-41.89
-39.77
-35.13
-28.33
-20.18
-11.64
-3.52
3.69
9.79
14.76
18.66
21.52
23.31
24.07
23.93
23.16
22.09
21.04
20.22
19.67
19.31
19.04
18.79
18.51
18.18
17.73
17.07
16.14
14.99
13.63
12.11
10.38
8.20
5.37
1.92
-1.78
-5.07
-7.48
-8.97
-10.05
-11.55
-14.21
-18.24
-23.23
-28.31
-32.46
-34.89
-35.16
-33.15
-28.96
-22.90
-15.44
-7.27
0.71
7.68
13.08
16.84
19.30
21.01
22.36
23.42
23.95
23.67
22.60
21.10
19.79
19.15
19.24
19.73
20.02
19.73
18.88
17.92
17.41
17.69
18.62
19.75
20.51
20.51
19.58
17.67
14.77
10.73
5.45
-0.96
-8.28
-16.02
-23.62
-30.40
-35.59
-38.26
-37.66
-33.38
-25.82
-16.20
-6.19
2.64
9.39
14.05
17.21
19.59
21.54
22.98
23.54
23.01
21.47
19.33
17.03
14.84
12.68
10.33
7.55
4.40
1.34
-1.01
-2.13
-1.96
-1.05
-0.46
-1.27
-4.07
-8.62
-13.95
-18.82
-22.28
-24.07
-24.66
-24.96
-25.84
-27.77
-30.77
-34.47
-38.30
-41.69
-44.06
-44.94
-43.98
-41.12
-36.63
-31.10
-25.26
-19.69
-14.63
-10.00
-5.59
-1.29
2.74
6.06
8.23
9.13
9.03
8.57
8.36
8.65
9.31
9.91
10.01
9.45
8.31
6.85
5.30
3.76
2.13
0.25
-1.97
-4.61
-7.59
-10.80
-14.07
-17.29
-20.50
-23.97
-28.07
-33.07
-38.82
-44.52
-48.94
-50.82
-49.34
-44.52
-37.21
-28.73
-20.37
-12.90
-6.48
-0.79
4.51
9.54
14.07
17.81
20.56
22.46
23.87
25.13
26.30
27.09
27.15
26.28
24.68
22.94
21.67
21.21
21.33
21.37
20.57
18.51
15.28
11.38
7.40
3.71
0.36
-2.87
-6.28
-10.16
-14.65
-19.81
-25.53
-31.46
-36.90
-40.89
-42.39
-40.57
-35.27
-27.00
-16.94
-6.53
2.92
10.60
16.31
20.33
23.24
25.53
27.35
28.56
28.94
28.40
27.16
25.61
24.15
22.99
22.06
21.16
20.17
19.13
18.17
17.37
16.59
15.47
13.65
10.98
7.59
3.85
-0.02
-3.96
-8.22
-13.03
-18.40
-23.96
-28.94
-32.47
-33.81
-32.59
-28.89
-23.03
-15.52
-6.96
2.07
10.88
18.77
25.10
29.46
31.76
32.24
31.36
29.69
27.76
26.03
24.78
24.12
23.95
24.00
23.88
23.28
22.04
20.25
18.18
16.17
14.42
12.91
11.43
9.70
7.47
4.57
0.90
-3.55
-8.77
-14.74
-21.40
-28.52
-35.54
-41.57
-45.42
-46.04
-42.95
-36.46
-27.75
-18.38
-9.68
-2.33
3.71
8.90
13.61
17.83
21.24
23.53
24.66
24.94
24.79
24.46
23.98
23.17
21.86
20.11
18.15
16.34
14.88
13.80
12.89
11.83
10.31
8.06
5.06
1.45
-2.36
-5.96
-9.02
-11.52
-13.80
-16.39
-19.82
-24.42
-30.13
-36.54
-42.88
-48.01
-50.61
-49.53
-44.19
-34.98
-23.23
-10.90
0.11
8.70
14.75
18.99
22.41
25.68
28.88
31.72
33.81
34.99
35.38
35.21
34.59
33.46
31.76
29.54
27.10
24.84
23.13
22.05
21.42
20.80
19.71
17.74
14.68
10.57
5.68
0.53
-4.27
-8.20
-11.06
-13.02
-14.71
-16.84
-20.01
-24.43
-29.80
-35.39
-40.32
-43.81
-45.36
-44.73
-41.85
-36.72
-29.40
-20.23
-9.88
0.49
9.55
16.21
20.04
21.41
21.30
20.88
20.95
21.70
22.90
24.08
24.82
24.96
24.54
23.71
22.63
21.40
20.12
18.83
17.57
16.34
15.14
13.93
12.58
10.93
8.83
6.15
2.93
-0.63
-4.28
-7.81
-11.30
-15.06
-19.38
-24.26
-29.15
-33.03
-34.70
-33.43
-29.12
-22.51
-14.72
-6.77
0.69
7.44
13.49
18.86
23.37
26.80
28.99
29.98
29.98
29.29
28.15
26.79
25.39
24.13
23.12
22.35
21.67
20.94
20.05
19.11
18.28
17.70
17.25
16.64
15.42
13.21
9.92
5.77
1.23
-3.24
-7.38
-11.26
-15.17
-19.45
-24.20
-29.19
-33.85
-37.55
-39.67
-39.95
-38.32
-34.92
-29.96
-23.75
-16.68
-9.29
-2.24
3.94
8.88
12.56
15.16
16.95
18.19
18.99
19.33
19.25
18.85
18.30
17.74
17.11
16.18
14.75
12.73
10.34
8.04
6.30
5.36
5.07
4.97
4.41
2.87
0.11
-3.71
-8.14
-12.49
-16.12
-18.59
-19.81
-20.10
-20.11
-20.62
-22.23
-25.07
-28.69
-32.20
-34.48
-34.67
-32.45
-28.14
-22.48
-16.32
-10.34
-4.86
0.09
4.61
8.77
12.46
15.52
17.80
19.33
20.28
20.84
21.09
21.00
20.49
19.55
18.37
17.26
16.46
16.05
15.89
15.68
15.21
14.42
13.42
12.28
10.90
9.03
6.54
3.50
0.32
-2.49
-4.61
-6.15
-7.55
-9.35
-11.87
-15.08
-18.67
-22.27
-25.60
-28.48
-30.64
-31.70
-31.18
-28.78
-24.60
-19.24
-13.58
-8.38
-3.98
-0.31
2.96
6.03
8.82
11.04
12.40
12.89
12.79
12.50
12.27
12.02
11.49
10.38
8.73
6.98
5.82
5.93
7.56
10.36
13.51
15.91
16.70
15.51
12.51
8.08
2.59
-3.83
-11.15
-19.04
-26.71
-32.91
-36.50
-37.02
-34.96
-31.55
-28.08
-25.36
-23.34
-21.39
-18.85
-15.40
-11.29
-7.04
-3.09
0.46
3.76
7.02
10.22
13.06
15.11
16.00
15.75
14.64
13.24
12.13
11.59
11.65
11.99
12.29
12.36
12.25
12.20
12.39
12.77
12.96
12.47
10.86
8.08
4.40
0.30
-3.77
-7.60
-11.26
-14.94
-18.75
-22.84
-27.18
-31.64
-35.93
-39.59
-41.98
-42.46
-40.55
-36.15
-29.66
-21.89
-13.79
-6.24
0.15
5.11
8.68
11.00
12.24
12.55
12.12
11.30
10.49
10.14
10.46
11.39
12.48
13.16
13.08
12.20
10.81
9.28
7.84
6.52
5.27
4.02
2.89
1.97
1.30
0.72
-0.05
-1.25
-3.04
-5.44
-8.46
-12.10
-16.37
-21.12
-25.99
-30.32
-33.38
-34.55
-33.57
-30.61
-26.18
-20.94
-15.44
-10.09
-5.04
-0.39
3.81
7.48
10.42
12.47
13.51
13.59
12.95
11.88
10.68
9.47
8.33
7.21
6.11
5.06
4.24
3.86
4.10
5.00
6.32
7.56
8.05
7.30
5.14
1.87
-1.81
-5.13
-7.67
-9.44
-10.97
-12.84
-15.37
-18.39
-21.34
-23.50
-24.26
-23.33
-20.72
-16.64
-11.43
-5.55
0.49
6.10
10.80
14.29
16.50
17.60
17.87
17.60
16.99
16.20
15.33
14.46
13.63
12.81
11.97
11.08
10.17
9.32
8.62
8.10
7.62
7.04
6.21
5.12
3.79
2.22
0.31
-2.05
-4.98
-8.47
-12.37
-16.43
-20.33
-23.72
-26.18
-27.16
-26.16
-22.88
-17.47
-10.65
-3.59
2.48
6.78
9.22
10.35
10.96
11.57
12.30
12.82
12.81
12.23
11.36
10.61
10.19
9.94
9.49
8.54
7.12
5.55
4.18
3.12
2.21
1.19
-0.20
-1.89
-3.74
-5.62
-7.58
-9.85
-12.66
-16.13
-20.26
-24.83
-29.46
-33.61
-36.61
-37.70
-36.31
-32.33
-26.19
-18.82
-11.21
-4.08
2.33
8.13
13.47
18.29
22.17
24.61
25.34
24.56
22.95
21.32
20.38
20.39
21.13
22.08
22.69
22.54
21.46
19.55
17.12
14.50
11.95
9.49
7.07
4.59
2.09
-0.28
-2.39
-4.32
-6.32
-8.88
-12.41
-17.07
-22.59
-28.26
-33.10
-36.11
-36.52
-34.01
-28.74
-21.36
-12.84
-4.25
3.52
10.00
15.15
19.25
22.75
25.97
29.06
31.90
34.24
35.84
36.65
36.81
36.53
35.97
35.14
33.96
32.39
30.53
28.62
26.88
25.33
23.70
21.57
18.62
14.79
10.33
5.71
1.37
-2.46
-5.73
-8.58
-11.23
-13.97
-17.19
-21.18
-26.05
-31.50
-36.88
-41.23
-43.69
-43.74
-41.41
-37.20
-31.93
-26.43
-21.30
-16.86
-12.98
-9.30
-5.40
-1.09
3.29
7.04
9.32
9.57
7.83
4.81
1.56
-0.88
-1.80
-1.12
0.75
3.06
4.98
5.91
5.60
4.11
1.76
-1.05
-3.97
-6.76
-9.41
-12.06
-14.88
-18.01
-21.50
-25.26
-29.05
-32.45
-34.96
-36.07
-35.36
-32.54
-27.54
-20.66
-12.58
-4.43
2.70
8.02
11.41
13.39
14.76
16.18
17.81
19.40
20.52
20.86
20.46
19.52
18.29
16.79
15.00
12.84
10.46
8.07
5.88
4.00
2.33
0.65
-1.18
-3.19
-5.30
-7.48
-9.77
-12.42
-15.71
-19.90
-25.01
-30.83
-36.76
-42.01
-45.57
-46.54
-44.37
-39.09
-31.35
-22.20
-12.72
-3.79
4.17
11.06
16.86
21.44
24.61
26.30
26.77
26.59
26.44
26.71
27.34
27.89
27.92
27.29
26.20
25.08
24.31
23.97
23.88
23.67
23.08
21.90
20.09
17.56
14.28
10.18
5.47
0.56
-3.99
-7.76
-10.71
-13.32
-16.48
-20.98
-27.10
-34.36
-41.46
-46.76
-48.80
-46.77
-40.72
-31.56
-20.70
-9.63
0.42
8.78
15.32
20.26
23.99
26.80
28.79
29.96
30.41
30.29
29.96
29.65
29.40
28.95
28.02
26.48
24.55
22.72
21.45
20.97
21.04
21.02
20.17
17.97
14.39
9.94
5.42
1.57
-1.20
-3.01
-4.34
-5.87
-8.07
-11.17
-15.14
-19.78
-24.93
-30.35
-35.66
-40.12
-42.73
-42.55
-39.09
-32.61
-24.01
-14.56
-5.46
2.54
9.20
14.61
18.93
22.27
24.59
25.92
26.38
26.25
25.80
25.24
24.62
23.87
22.84
21.52
20.00
18.54
17.36
16.59
16.12
15.65
14.84
13.44
11.38
8.78
5.83
2.67
-0.60
-4.04
-7.59
-11.19
-14.81
-18.52
-22.54
-27.06
-32.03
-36.94
-40.93
-42.93
-42.17
-38.38
-32.03
-24.07
-15.64
-7.71
-0.75
5.18
10.25
14.64
18.33
21.10
22.65
22.88
22.00
20.60
19.39
18.92
19.27
20.06
20.71
20.68
19.84
18.42
16.78
15.24
13.77
12.07
9.85
7.02
3.84
0.74
-1.94
-4.18
-6.32
-8.89
-12.29
-16.65
-21.72
-27.07
-32.25
-36.83
-40.40
-42.54
-42.67
-40.25
-34.99
-27.17
-17.60
-7.55
1.77
9.56
15.63
20.37
24.38
28.15
31.76
34.93
37.31
38.71
39.17
39.03
38.58
37.95
37.07
35.79
34.02
31.91
29.81
28.11
27.10
26.80
26.88
26.95
26.50
25.23
22.99
19.88
16.20
12.32
8.60
5.16
1.85
-1.78
-6.25
-11.93
-18.73
-26.05
-32.89
-38.09
-40.74
-40.40
-37.41
-32.59
-27.00
-21.63
-17.02
-13.19
-9.83
-6.54
-3.15
0.14
2.91
4.73
5.35
4.77
3.26
1.20
-1.04
-3.19
-5.04
-6.39
-7.11
-7.10
-6.45
-5.45
-4.47
-3.95
-4.18
-5.25
-7.08
-9.47
-12.16
-14.90
-17.51
-19.88
-22.10
-24.43
-27.35
-31.33
-36.62
-43.01
-49.80
-55.90
-60.18
-61.76
-60.24
-55.86
-49.33
-41.62
-33.68
-26.19
-19.42
-13.26
-7.45
-1.87
3.25
7.27
9.43
9.17
6.55
2.30
-2.34
-6.09
-8.05
-7.99
-6.27
-3.56
-0.55
2.29
4.64
6.30
7.06
6.75
5.32
2.86
-0.38
-4.05
-7.88
-11.76
-15.74
-20.09
-25.03
-30.54
-36.08
-40.52
-42.36
-40.27
-33.66
-23.11
-10.13
3.33
15.55
25.59
33.37
39.31
43.91
47.40
49.64
50.34
49.39
47.08
44.05
41.09
38.83
37.48
36.85
36.34
35.36
33.55
30.89
27.65
24.19
20.74
17.33
13.80
9.98
5.75
1.08
-4.02
-9.69
-16.17
-23.65
-31.91
-40.14
-46.88
-50.49
-49.77
-44.43
-35.21
-23.63
-11.39
0.08
10.00
18.04
24.16
28.41
30.89
31.87
31.76
31.09
30.17
29.03
27.55
25.62
23.36
21.12
19.31
18.10
17.28
16.33
14.69
12.10
8.68
4.90
1.29
-1.90
-4.78
-7.72
-11.24
-15.74
-21.38
-28.11
-35.63
-43.39
-50.51
-55.84
-58.14
-56.42
-50.38
-40.63
-28.59
-16.02
-4.43
5.34
13.17
19.40
24.41
28.40
31.42
33.54
34.94
35.93
36.73
37.31
37.47
36.95
35.70
33.88
31.81
29.79
27.92
26.16
24.34
22.34
20.01
17.33
14.16
10.37
5.92
0.92
-4.45
-9.95
-15.51
-21.26
-27.49
-34.27
-41.26
-47.41
-51.25
-51.38
-47.02
-38.48
-26.99
-14.29
-1.97
8.95
18.06
25.38
31.05
35.17
37.90
39.42
40.10
40.34
40.41
40.39
40.01
39.01
37.21
34.70
31.88
29.30
27.39
26.24
25.58
24.80
23.26
20.61
16.81
12.21
7.39
2.77
-1.45
-5.44
-9.67
-14.64
-20.72
-27.98
-36.09
-44.28
-51.40
-56.10
-57.18
-53.98
-46.66
-36.19
-24.07
-11.85
-0.69
8.84
16.63
22.74
27.22
30.05
31.35
31.47
31.01
30.45
29.99
29.47
28.59
27.19
25.44
23.71
22.31
21.31
20.43
19.28
17.63
15.45
12.86
9.94
6.67
2.98
-1.10
-5.40
-9.76
-14.17
-18.92
-24.45
-31.03
-38.35
-45.30
-50.23
-51.51
-48.16
-40.28
-28.98
-16.07
-3.34
7.82
16.72
23.37
28.16
31.64
34.21
36.06
37.19
37.62
37.42
36.76
35.85
34.79
33.59
32.16
30.40
28.38
26.26
24.26
22.47
20.85
19.14
17.08
14.42
11.11
7.26
3.09
-1.16
-5.36
-9.47
-13.60
-17.91
-22.61
-27.84
-33.58
-39.68
-45.71
-50.95
-54.43
-55.17
-52.43
-46.12
-36.87
-25.95
-14.86
-4.81
3.59
10.28
15.66
20.20
24.16
27.58
30.31
32.20
33.22
33.48
33.23
32.65
31.83
30.75
29.36
27.57
25.42
23.10
20.89
19.00
17.51
16.24
14.82
12.85
10.08
6.54
2.58
-1.29
-4.59
-7.07
-8.84
-10.29
-11.98
-14.42
-17.91
-22.49
-27.92
-33.76
-39.27
-43.53
-45.64
-44.94
-41.24
-34.91
-26.79
-17.95
-9.34
-1.63
4.92
10.39
15.03
19.08
22.65
25.64
27.80
28.86
28.71
27.62
26.14
24.94
24.40
24.42
24.41
23.68
21.94
19.53
17.26
15.91
15.72
16.11
15.99
14.41
11.03
6.35
1.37
-3.00
-6.34
-8.79
-10.78
-12.71
-14.76
-16.96
-19.49
-22.68
-26.82
-31.86
-37.16
-41.57
-43.85
-43.08
-39.06
-32.36
-24.00
-15.17
-6.89
0.07
5.26
8.53
10.12
10.60
10.76
11.31
12.65
14.64
16.68
18.01
18.05
16.66
14.23
11.43
8.94
7.23
6.40
6.28
6.51
6.67
6.35
5.30
3.48
1.08
-1.50
-3.86
-5.84
-7.62
-9.67
-12.56
-16.62
-21.75
-27.56
-33.35
-38.32
-41.64
-42.62
-40.79
-36.08
-28.96
-20.46
-11.86
-4.31
1.59
5.87
9.02
11.56
13.71
15.28
15.93
15.50
14.20
12.61
11.35
10.84
11.09
11.68
12.14
12.11
11.52
10.56
9.46
8.27
6.94
5.34
3.38
1.17
-1.13
-3.31
-5.25
-6.98
-8.59
-10.25
-12.12
-14.38
-17.22
-20.85
-25.42
-30.81
-36.58
-41.91
-45.82
-47.35
-46.01
-41.78
-35.19
-27.11
-18.42
-9.87
-1.93
5.09
10.93
15.34
18.15
19.45
19.62
19.27
18.97
19.05
19.34
19.45
18.93
17.65
15.88
14.10
12.78
12.08
11.93
12.13
12.41
12.53
12.29
11.45
9.76
7.18
3.89
0.32
-3.05
-5.95
-8.48
-11.00
-13.87
-17.32
-21.34
-25.80
-30.60
-35.61
-40.66
-45.34
-48.89
-50.50
-49.60
-46.10
-40.48
-33.60
-26.24
-18.85
-11.47
-3.92
3.83
11.53
18.67
24.62
28.99
31.67
32.87
33.00
32.41
31.34
29.89
28.14
26.13
23.94
21.74
19.73
18.13
17.09
16.62
16.57
16.68
16.61
16.06
14.77
12.62
9.64
6.05
2.18
-1.60
-5.01
-7.99
-10.61
-13.11
-15.73
-18.59
-21.71
-24.94
-28.04
-30.62
-32.13
-31.97
-29.61
-24.86
-18.06
-10.05
-1.93
5.30
11.01
15.02
17.52
18.81
19.17
18.87
18.20
17.50
17.08
16.99
17.02
16.72
15.73
13.97
11.76
9.74
8.39
7.78
7.48
6.70
4.86
1.86
-1.80
-5.35
-8.14
-10.03
-11.39
-12.79
-14.76
-17.57
-21.21
-25.60
-30.61
-36.06
-41.41
-45.70
-47.72
-46.40
-41.32
-33.05
-22.92
-12.71
-3.99
2.39
6.36
8.55
9.81
10.91
12.19
13.58
14.85
15.79
16.31
16.48
16.35
15.91
15.02
13.53
11.42
8.90
6.38
4.26
2.78
1.87
1.19
0.24
-1.44
-4.07
-7.59
-11.70
-15.93
-19.91
-23.48
-26.89
-30.61
-35.07
-40.31
-45.73
-50.16
-52.29
-51.15
-46.49
-38.89
-29.45
-19.42
-9.82
-1.32
5.77
11.44
15.88
19.39
22.26
24.65
26.41
27.25
26.99
25.79
24.18
22.82
22.13
22.07
22.28
22.26
21.79
20.86
19.56
17.80
15.30
11.79
7.22
1.96
-3.38
-8.29
-12.57
-16.34
-19.91
-23.60
-27.66
-32.30
-37.78
-44.17
-51.18
-57.91
-62.90
-64.63
-61.99
-54.94
-44.49
-32.33
-20.19
-9.30
-0.18
7.21
13.12
17.79
21.31
23.70
25.09
25.65
25.67
25.40
24.97
24.41
23.66
22.69
21.52
20.26
19.04
18.00
17.15
16.38
15.32
13.45
10.38
6.03
0.79
-4.66
-9.72
-14.15
-18.20
-22.44
-27.42
-33.35
-40.03
-46.81
-52.78
-56.88
-58.07
-55.59
-49.19
-39.36
-27.27
-14.51
-2.51
7.84
16.38
23.44
29.41
34.39
38.14
40.36
40.97
40.30
38.96
37.58
36.56
35.97
35.60
35.21
34.61
33.68
32.27
30.20
27.24
23.32
18.55
13.28
7.88
2.60
-2.45
-7.37
-12.35
-17.62
-23.39
-29.73
-36.37
-42.48
-46.78
-47.80
-44.51
-36.86
-25.88
-13.36
-1.16
9.48
18.13
25.03
30.65
35.33
39.08
41.70
43.03
43.00
41.77
39.61
36.94
34.18
31.67
29.63
28.05
26.82
25.75
24.69
23.52
22.02
19.96
17.06
13.20
8.48
3.16
-2.43
-8.12
-13.86
-19.72
-25.73
-31.86
-37.98
-43.82
-49.00
-52.85
-54.43
-52.74
-47.16
-37.73
-25.44
-11.76
1.64
13.49
23.15
30.44
35.50
38.58
40.03
40.31
40.04
39.83
40.01
40.56
41.12
41.26
40.69
39.36
37.45
35.27
33.08
31.02
29.07
27.14
25.01
22.53
19.63
16.26
12.43
8.11
3.30
-1.88
-7.19
-12.31
-17.05
-21.44
-25.81
-30.70
-36.57
-43.47
-50.89
-57.69
-62.42
-63.63
-60.43
-52.80
-41.66
-28.68
-15.74
-4.24
5.20
12.82
19.24
24.99
30.14
34.38
37.37
39.04
39.68
39.73
39.52
39.09
38.32
37.12
35.61
34.12
32.94
32.21
31.75
31.26
30.46
29.23
27.61
25.64
23.33
20.56
17.19
13.07
8.27
2.93
-2.65
-8.17
-13.35
-18.06
-22.40
-26.60
-30.95
-35.74
-41.06
-46.80
-52.59
-57.78
-61.43
-62.51
-60.08
-53.80
-44.16
-32.41
-20.28
-9.33
-0.48
6.14
10.96
14.62
17.53
19.86
21.59
22.82
23.78
24.68
25.61
26.37
26.68
26.31
25.33
23.99
22.64
21.51
20.65
19.99
19.40
18.72
17.75
16.19
13.72
10.18
5.79
1.12
-3.08
-6.32
-8.69
-10.92
-13.97
-18.54
-24.65
-31.50
-37.78
-42.06
-43.22
-40.74
-34.74
-25.95
-15.55
-4.87
4.84
12.76
18.56
22.39
24.66
25.78
26.02
25.52
24.40
22.87
21.32
20.09
19.30
18.80
18.13
16.86
14.82
12.24
9.68
7.70
6.59
6.14
5.69
4.54
2.18
-1.41
-5.80
-10.37
-14.63
-18.43
-22.00
-25.79
-30.25
-35.53
-41.40
-47.10
-51.57
-53.62
-52.31
-47.20
-38.49
-27.12
-14.44
-1.99
8.90
17.33
23.03
26.26
27.63
27.88
27.62
27.34
27.34
27.72
28.40
29.17
29.73
29.76
29.14
27.84
26.08
24.12
22.18
20.38
18.65
16.83
14.67
11.97
8.64
4.80
0.68
-3.41
-7.22
-10.75
-14.02
-17.25
-20.61
-24.31
-28.55
-33.45
-38.86
-44.17
-48.30
-49.92
-47.87
-41.73
-32.07
-20.29
-8.19
2.68
11.41
17.89
22.50
25.85
28.41
30.41
31.87
32.68
32.85
32.47
31.69
30.78
29.94
29.25
28.62
27.81
26.49
24.47
21.80
18.84
16.18
14.19
12.93
11.92
10.44
7.84
4.07
-0.29
-4.35
-7.30
-8.89
-9.51
-9.93
-10.95
-13.13
-16.66
-21.51
-27.45
-33.91
-39.98
-44.36
-45.77
-43.44
-37.56
-29.25
-20.14
-11.72
-4.69
0.98
5.81
10.23
14.22
17.36
19.12
19.20
17.84
15.66
13.39
11.56
10.34
9.51
8.72
7.76
6.63
5.50
4.51
3.58
2.54
1.21
-0.32
-1.76
-2.84
-3.56
-4.27
-5.50
-7.59
-10.50
-13.78
-16.90
-19.54
-21.78
-23.92
-26.35
-29.36
-33.08
-37.50
-42.32
-46.77
-49.73
-49.94
-46.54
-39.60
-30.08
-19.56
-9.49
-0.78
6.34
11.98
16.23
19.08
20.40
20.36
19.38
18.10
17.08
16.48
16.08
15.46
14.23
12.33
10.10
8.12
6.93
6.80
7.43
8.09
7.95
6.49
3.77
0.35
-3.07
-6.10
-8.79
-11.57
-14.76
-18.31
-21.93
-25.31
-28.45
-31.60
-34.91
-38.00
-39.85
-39.19
-35.21
-28.01
-18.62
-8.57
0.75
8.54
14.61
19.13
22.31
24.18
24.78
24.27
23.04
21.59
20.37
19.57
19.04
18.49
17.59
16.27
14.62
12.89
11.36
10.21
9.48
9.06
8.72
8.20
7.25
5.62
3.18
-0.01
-3.76
-7.70
-11.51
-15.03
-18.46
-22.15
-26.37
-30.94
-35.07
-37.57
-37.17
-33.16
-25.72
-16.06
-5.82
3.49
10.95
16.49
20.49
23.40
25.38
26.21
25.57
23.41
20.10
16.37
12.93
10.00
7.31
4.20
0.21
-4.59
-9.50
-13.61
-16.29
-17.53
-17.97
-18.50
-19.79
-22.02
-24.97
-28.23
-31.60
-35.07
-38.76
-42.74
-47.01
-51.48
-56.21
-61.40
-67.28
-73.73
-80.16
-85.45
-88.40
-88.00
-83.78
-75.94
-65.09
-52.09
-37.75
-22.89
-8.19
5.63
18.04
28.73
37.62
44.89
50.72
55.30
58.70
60.96
62.06
62.11
61.28
59.77
57.81
55.65
53.44
51.30
49.26
47.18
44.81
41.74
37.52
31.98
25.21
17.66
10.10
3.23
-2.55
-7.38
-11.93
-17.16
-23.82
-32.07
-41.19
-49.68
-55.71
-57.69
-54.89
-47.72
-37.53
-26.13
-15.28
-6.07
1.20
6.79
11.16
14.74
17.64
19.82
21.20
21.82
21.86
21.58
21.13
20.62
20.04
19.35
18.57
17.80
17.14
16.65
16.27
15.89
15.33
14.48
13.25
11.52
9.17
6.11
2.35
-1.99
-6.70
-11.67
-17.00
-22.92
-29.49
-36.24
-42.10
-45.52
-45.09
-40.13
-31.09
-19.44
-7.11
4.20
13.57
20.82
26.30
30.37
33.20
34.83
35.31
34.94
34.08
33.02
31.85
30.49
28.87
27.00
25.13
23.44
22.00
20.65
19.12
17.24
15.08
12.76
10.40
7.84
4.70
0.60
-4.65
-10.89
-17.80
-24.97
-32.10
-38.95
-45.05
-49.66
-51.74
-50.32
-44.92
-35.90
-24.42
-12.08
-0.34
9.87
18.27
24.93
29.98
33.45
35.33
35.77
35.22
34.26
33.33
32.51
31.58
30.17
28.24
26.06
24.13
22.83
22.19
21.82
21.12
19.61
17.06
13.60
9.53
5.14
0.58
-4.12
-9.03
-14.29
-20.06
-26.60
-34.07
-42.42
-51.08
-58.95
-64.52
-66.38
-63.65
-56.37
-45.46
-32.48
-19.07
-6.60
4.25
13.39
21.08
27.64
33.22
37.66
40.67
42.05
41.87
40.63
39.06
37.72
36.82
36.15
35.30
34.00
32.32
30.61
29.23
28.30
27.53
26.42
24.43
21.26
16.98
11.97
6.74
1.76
-2.75
-6.84
-10.79
-15.02
-19.94
-25.88
-32.83
-40.49
-48.22
-55.01
-59.64
-60.90
-57.98
-50.78
-40.06
-27.25
-14.03
-1.78
8.67
17.21
24.05
29.50
33.70
36.63
38.26
38.71
38.36
37.75
37.31
37.19
37.16
36.82
35.80
34.02
31.70
29.35
27.39
25.98
24.95
23.88
22.36
20.22
17.54
14.56
11.50
8.35
4.95
1.15
-3.06
-7.49
-11.88
-15.99
-19.76
-23.27
-26.78
-30.63
-35.09
-40.36
-46.28
-52.22
-57.06
-59.50
-58.45
-53.51
-45.15
-34.49
-22.94
-11.68
-1.42
7.47
14.85
20.63
24.76
27.34
28.66
29.14
29.18
29.04
28.74
28.29
27.68
26.99
26.36
25.82
25.29
24.64
23.79
22.74
21.62
20.56
19.52
18.34
16.72
14.37
11.18
7.32
3.24
-0.56
-3.77
-6.47
-9.16
-12.57
-17.33
-23.59
-30.95
-38.44
-44.82
-48.85
-49.65
-46.79
-40.44
-31.28
-20.40
-9.05
1.72
11.21
19.15
25.63
30.74
34.47
36.64
37.06
35.81
33.26
30.03
26.76
23.88
21.46
19.44
17.73
16.41
15.63
15.47
15.72
15.78
14.91
12.53
8.56
3.47
-1.89
-6.69
-10.44
-13.15
-15.24
-17.37
-20.18
-24.14
-29.42
-35.74
-42.30
-47.91
-51.15
-50.80
-46.24
-37.71
-26.29
-13.60
-1.28
9.45
18.03
24.42
28.85
31.56
32.70
32.43
31.09
29.22
27.41
26.04
25.17
24.54
23.84
22.89
21.79
20.88
20.35
20.16
19.93
19.11
17.24
14.20
10.16
5.56
0.83
-3.65
-7.75
-11.53
-15.24
-19.22
-23.83
-29.37
-35.88
-43.14
-50.52
-57.08
-61.57
-62.87
-60.23
-53.57
-43.63
-31.68
-19.24
-7.64
2.37
10.61
17.26
22.53
26.44
28.85
29.68
29.13
27.71
26.17
25.16
25.10
25.95
27.34
28.67
29.34
29.00
27.65
25.66
23.59
21.85
20.48
18.98
16.66
12.99
8.00
2.28
-3.27
-7.94
-11.68
-14.96
-18.56
-23.06
-28.59
-34.84
-41.23
-47.12
-51.87
-54.89
-55.55
-53.34
-47.99
-39.74
-29.40
-18.19
-7.36
2.18
10.07
16.44
21.66
26.01
29.50
31.94
33.06
32.82
31.47
29.51
27.57
26.07
25.20
24.91
24.91
24.81
24.26
23.06
21.21
19.02
16.79
14.69
12.64
10.31
7.31
3.51
-0.93
-5.50
-9.68
-13.09
-15.77
-18.10
-20.59
-23.76
-27.88
-32.95
-38.68
-44.51
-49.57
-52.80
-53.10
-49.75
-42.59
-32.34
-20.38
-8.43
2.02
10.09
15.69
19.30
21.59
23.03
23.77
23.79
23.10
21.96
20.81
20.05
19.80
19.83
19.67
18.98
17.74
16.34
15.28
14.79
14.67
14.33
13.16
10.85
7.49
3.54
-0.54
-4.47
-8.28
-12.19
-16.48
-21.30
-26.64
-32.29
-37.78
-42.45
-45.43
-45.93
-43.42
-37.96
-30.19
-21.16
-11.98
-3.39
4.25
10.99
16.92
21.98
25.85
28.16
28.71
27.69
25.68
23.42
21.57
20.39
19.75
19.33
18.71
17.68
16.24
14.62
13.03
11.54
10.05
8.25
5.98
3.19
0.10
-2.96
-5.70
-8.10
-10.49
-13.42
-17.50
-23.14
-30.35
-38.51
-46.49
-52.87
-56.24
-55.72
-51.17
-43.27
-33.24
-22.38
-11.71
-1.85
6.93
14.57
20.94
25.96
29.48
31.51
32.27
32.09
31.35
30.32
29.21
28.08
26.95
25.79
24.55
23.14
21.51
19.72
17.98
16.54
15.47
14.60
13.41
11.30
7.94
3.46
-1.46
-5.99
-9.61
-12.33
-14.72
-17.62
-21.66
-27.16
-33.91
-41.29
-48.33
-53.90
-56.82
-56.20
-51.74
-43.85
-33.66
-22.63
-12.13
-2.90
4.96
11.78
17.99
23.70
28.68
32.51
34.85
35.83
35.82
35.40
34.95
34.52
33.94
33.00
31.60
29.95
28.29
26.71
25.16
23.42
21.31
18.81
16.07
13.25
10.36
7.37
4.10
0.53
-3.27
-7.08
-10.71
-14.14
-17.54
-21.30
-25.76
-31.16
-37.36
-43.79
-49.49
-53.28
-53.99
-50.87
-43.83
-33.62
-21.65
-9.67
0.68
8.28
12.78
14.57
14.55
13.85
13.40
13.76
15.06
17.09
19.40
21.55
23.19
24.10
24.30
23.98
23.47
23.10
23.05
23.10
22.80
21.50
18.80
14.76
9.94
5.13
0.98
-2.36
-5.17
-8.02
-11.44
-15.65
-20.64
-26.19
-32.05
-37.91
-43.30
-47.49
-49.50
-48.41
-43.73
-35.74
-25.48
-14.45
-4.12
4.50
10.99
15.52
18.54
20.59
22.12
23.39
24.52
25.43
25.91
25.70
24.63
22.69
20.15
17.46
15.12
13.47
12.68
12.63
12.93
13.07
12.46
10.71
7.72
3.73
-0.75
-5.24
-9.43
-13.30
-17.02
-20.90
-25.17
-29.93
-35.08
-40.31
-44.96
-48.16
-48.93
-46.56
-40.84
-32.25
-21.87
-11.05
-1.00
7.48
14.09
18.93
22.28
24.47
25.76
26.35
26.41
26.10
25.48
24.59
23.39
21.88
20.08
18.15
16.31
14.85
14.03
13.90
14.19
14.32
13.54
11.20
7.15
1.79
-3.97
-9.14
-13.05
-15.67
-17.50
-19.35
-22.00
-25.93
-31.24
-37.66
-44.53
-50.81
-55.28
-56.77
-54.62
-48.84
-40.12
-29.65
-18.70
-8.38
0.55
7.77
13.36
17.73
21.41
24.84
28.08
30.86
32.72
33.36
32.89
31.74
30.47
29.44
28.65
27.81
26.70
25.26
23.69
22.21
20.91
19.64
18.09
15.89
12.80
8.88
4.38
-0.26
-4.50
-8.03
-10.78
-13.05
-15.31
-18.05
-21.64
-26.30
-32.01
-38.55
-45.33
-51.30
-55.19
-55.69
-51.96
-44.11
-33.24
-21.12
-9.63
-0.11
6.97
11.89
15.34
17.93
20.03
21.72
23.00
23.95
24.68
25.34
25.89
26.16
25.93
25.10
23.81
22.38
21.16
20.33
19.91
19.71
19.53
19.07
18.08
16.34
13.61
9.84
5.23
0.29
-4.37
-8.19
-10.92
-12.79
-14.37
-16.38
-19.42
-23.75
-29.28
-35.47
-41.41
-45.98
-48.16
-47.25
-43.18
-36.49
-28.14
-19.18
-10.47
-2.45
4.69
10.88
16.02
19.93
22.48
23.73
23.94
23.53
22.91
22.33
21.88
21.48
20.95
20.18
19.09
17.76
16.28
14.78
13.28
11.69
9.91
7.76
5.12
2.03
-1.33
-4.67
-7.74
-10.50
-13.26
-16.50
-20.67
-25.98
-32.15
-38.49
-44.03
-47.78
-49.01
-47.29
-42.66
-35.51
-26.55
-16.64
-6.65
2.69
10.86
17.59
22.77
26.34
28.31
28.82
28.16
26.86
25.49
24.42
23.68
22.97
21.87
20.06
17.65
15.09
13.02
11.80
11.36
11.12
10.31
8.32
4.99
0.64
-4.10
-8.59
-12.51
-15.96
-19.40
-23.42
-28.53
-34.84
-41.88
-48.72
-54.12
-56.89
-56.24
-52.06
-44.91
-35.79
-25.79
-15.84
-6.50
1.87
9.07
14.96
19.45
22.59
24.55
25.60
26.01
26.04
25.79
25.44
25.20
25.19
25.43
25.68
25.52
24.58
22.77
20.33
17.67
15.15
12.86
10.68
8.42
5.96
3.35
0.65
-2.19
-5.43
-9.37
-14.24
-19.98
-26.36
-33.14
-40.03
-46.69
-52.43
-56.15
-56.59
-52.78
-44.65
-33.24
-20.42
-8.20
1.97
9.61
15.16
19.45
23.21
26.72
29.83
32.17
33.49
33.78
33.31
32.47
31.55
30.60
29.49
28.05
26.23
24.24
22.43
21.07
20.10
19.09
17.42
14.63
10.64
5.86
0.97
-3.46
-7.24
-10.54
-13.67
-16.94
-20.47
-24.36
-28.74
-33.87
-39.91
-46.61
-53.04
-57.72
-58.98
-55.78
-48.12
-37.16
-24.81
-13.07
-3.33
3.97
9.20
13.20
16.73
20.20
23.62
26.68
29.06
30.56
31.17
31.04
30.41
29.52
28.50
27.40
26.22
25.03
23.98
23.24
22.81
22.42
21.44
19.21
15.30
9.81
3.45
-2.76
-7.93
-11.77
-14.69
-17.68
-21.82
-27.76
-35.27
-43.19
-49.73
-53.07
-51.96
-46.15
-36.42
-24.23
-11.26
1.03
11.64
20.03
26.09
30.04
32.36
33.64
34.39
34.95
35.34
35.44
35.06
34.22
33.03
31.67
30.16
28.40
26.26
23.74
20.94
18.07
15.23
12.38
9.41
6.25
2.93
-0.41
-3.73
-7.09
-10.74
-15.03
-20.31
-26.80
-34.49
-43.04
-51.60
-58.83
-63.11
-63.05
-58.02
-48.53
-36.04
-22.53
-9.75
1.24
10.16
17.25
22.86
27.18
30.25
32.06
32.74
32.67
32.31
32.09
32.18
32.42
32.38
31.54
29.63
26.79
23.60
20.84
19.05
18.27
17.89
17.00
14.78
11.00
6.00
0.59
-4.49
-8.86
-12.65
-16.36
-20.68
-26.11
-32.79
-40.44
-48.32
-55.35
-60.29
-61.98
-59.60
-52.96
-42.68
-30.07
-16.76
-4.22
6.61
15.40
22.27
27.48
31.26
33.66
34.79
34.91
34.44
33.86
33.43
33.22
33.01
32.57
31.71
30.42
28.80
27.01
25.19
23.53
22.15
20.98
19.72
17.93
15.23
11.53
7.09
2.44
-1.96
-5.84
-9.32
-12.79
-16.75
-21.53
-27.19
-33.50
-39.93
-45.73
-49.92
-51.51
-49.72
-44.32
-35.74
-25.16
-14.08
-3.83
4.82
11.78
17.49
22.53
27.14
31.15
34.05
35.37
35.00
33.23
30.60
27.70
24.89
22.36
20.20
18.54
17.54
17.34
17.85
18.68
19.15
18.54
16.39
12.70
7.92
2.70
-2.36
-7.03
-11.41
-15.85
-20.79
-26.52
-33.07
-40.11
-46.84
-52.03
-54.32
-52.53
-46.26
-36.11
-23.61
-10.71
0.93
10.44
17.80
23.37
27.54
30.43
31.92
32.00
30.94
29.28
27.58
26.10
24.75
23.31
21.64
19.90
18.43
17.50
17.13
16.89
16.21
14.61
11.89
8.19
3.89
-0.61
-5.05
-9.31
-13.38
-17.27
-21.09
-25.14
-29.84
-35.56
-42.28
-49.30
-55.25
-58.39
-57.31
-51.49
-41.54
-29.05
-16.01
-4.12
5.56
12.79
17.94
21.55
24.04
25.63
26.46
26.71
26.74
27.03
27.94
29.41
30.99
32.00
31.85
30.35
27.79
24.87
22.30
20.51
19.44
18.64
17.40
15.11
11.53
6.83
1.60
-3.48
-7.84
-11.38
-14.43
-17.64
-21.64
-26.78
-32.94
-39.59
-45.90
-50.85
-53.41
-52.73
-48.39
-40.55
-30.01
-18.08
-6.20
4.51
13.48
20.77
26.76
31.74
35.59
37.89
38.27
36.86
34.40
31.93
30.30
29.70
29.65
29.31
28.14
26.17
23.96
22.12
20.87
19.80
18.25
15.71
12.20
8.24
4.53
1.47
-1.01
-3.45
-6.49
-10.51
-15.42
-20.81
-26.17
-31.24
-36.15
-41.10
-46.14
-50.81
-54.19
-55.10
-52.63
-46.53
-37.41
-26.51
-15.30
-5.00
3.66
10.53
15.80
19.77
22.68
24.69
25.91
26.55
26.93
27.30
27.70
27.93
27.68
26.85
25.73
24.97
25.19
26.62
28.91
31.18
32.53
32.36
30.66
27.87
24.63
21.52
18.85
16.68
14.77
12.63
9.62
5.07
-1.41
-9.75
-19.34
-29.10
-37.76
-44.17
-47.59
-47.82
-45.31
-41.06
-36.32
-32.20
-29.32
-27.72
-26.96
-26.59
-26.39
-26.51
-27.23
-28.69
-30.60
-32.39
-33.40
-33.26
-31.99
-29.85
-27.25
-24.52
-21.92
-19.65
-17.92
-16.96
-16.87
-17.56
-18.75
-20.17
-21.79
-23.88
-27.01
-31.74
-38.38
-46.71
-55.98
-65.02
-72.52
-77.34
-78.69
-76.31
-70.46
-61.83
-51.33
-39.93
-28.51
-17.77
-8.23
-0.22
6.06
10.60
13.52
15.11
15.70
15.62
15.17
14.64
14.29
14.34
14.92
15.95
17.30
18.85
20.53
22.29
23.90
24.84
24.40
21.92
17.20
10.66
3.19
-4.14
-10.59
-16.01
-20.88
-26.10
-32.64
-41.20
-51.87
-63.84
-75.56
-85.05
-90.46
-90.63
-85.43
-75.64
-62.62
-47.86
-32.52
-17.43
-3.00
10.56
23.19
34.93
45.96
56.40
66.28
75.37
83.23
89.35
93.36
95.29
95.58
95.12
94.87
95.58
97.53
100.41
103.54
106.13
107.52
107.38
105.66
102.47
98.04
92.76
87.07
81.46
76.26
71.53
66.93
61.77
55.32
46.89
36.18
23.39
9.45
-4.20
-15.87
-23.94
-27.45
-26.23
-20.99
-13.04
-3.92
4.95
12.56
18.29
21.94
23.70
24.09
23.79
23.47
23.57
24.15
25.07
26.05
26.93
27.64
28.12
28.27
27.99
27.25
26.19
25.10
24.17
23.36
22.31
20.57
17.81
14.14
10.01
6.02
2.55
-0.45
-3.49
-7.18
-12.08
-18.31
-25.57
-33.17
-40.12
-45.34
-47.88
-47.11
-42.95
-35.95
-27.16
-17.83
-9.07
-1.60
4.46
9.32
13.28
16.47
18.74
19.83
19.71
18.66
17.27
16.15
15.57
15.35
14.92
13.72
11.46
8.30
4.71
1.33
-1.34
-3.07
-4.00
-4.55
-5.33
-6.90
-9.60
-13.38
-17.86
-22.49
-26.85
-30.81
-34.58
-38.55
-43.02
-48.00
-53.21
-58.02
-61.84
-64.11
-64.50
-62.83
-59.11
-53.45
-46.09
-37.45
-28.10
-18.78
-10.16
-2.73
3.34
8.14
11.88
14.73
16.66
17.60
17.51
16.63
15.36
14.14
13.31
13.04
13.35
14.23
15.57
17.07
18.22
18.50
17.53
15.41
12.62
9.81
7.42
5.40
3.32
0.65
-2.75
-6.61
-10.37
-13.59
-16.14
-18.26
-20.25
-22.28
-24.31
-26.30
-28.35
-30.82
-34.05
-38.09
-42.40
-45.92
-47.43
-46.06
-41.67
-34.91
-26.83
-18.55
-10.83
-3.98
1.86
6.58
9.96
11.87
12.42
12.09
11.55
11.35
11.65
12.21
12.60
12.50
12.01
11.46
11.24
11.48
12.04
12.60
12.92
12.97
12.89
12.72
12.29
11.25
9.32
6.54
3.33
0.27
-2.15
-3.85
-5.19
-6.61
-8.38
-10.42
-12.43
-14.22
-15.95
-18.15
-21.41
-25.91
-31.14
-35.95
-38.94
-39.06
-36.03
-30.34
-23.03
-15.22
-7.74
-1.01
4.79
9.60
13.29
15.78
17.12
17.58
17.66
17.80
18.26
18.89
19.31
19.10
17.99
16.10
13.90
12.03
11.02
11.00
11.66
12.34
12.36
11.25
8.95
5.79
2.26
-1.14
-4.17
-6.73
-8.94
-11.09
-13.49
-16.51
-20.38
-25.08
-30.08
-34.41
-36.93
-36.67
-33.14
-26.64
-18.08
-8.80
-0.24
6.53
10.94
13.06
13.43
12.86
12.14
11.83
12.08
12.70
13.41
13.89
14.01
13.72
13.08
12.18
11.14
10.12
9.23
8.47
7.67
6.51
4.68
2.04
-1.22
-4.62
-7.71
-10.20
-12.20
-14.09
-16.37
-19.41
-23.29
-27.83
-32.64
-37.18
-40.82
-42.85
-42.59
-39.59
-33.90
-26.13
-17.45
-9.16
-2.28
2.69
5.99
8.18
9.93
11.68
13.44
14.95
15.85
15.91
15.17
13.95
12.67
11.71
11.22
11.17
11.34
11.37
10.98
9.91
8.14
5.80
3.15
0.41
-2.26
-4.82
-7.31
-9.80
-12.37
-15.11
-18.25
-22.07
-26.80
-32.37
-38.22
-43.28
-46.29
-46.19
-42.61
-35.97
-27.29
-17.84
-8.77
-0.83
5.54
10.27
13.46
15.32
16.28
16.91
17.76
19.19
21.08
22.84
23.77
23.39
21.82
19.76
18.16
17.68
18.33
19.50
20.31
20.06
18.47
15.70
12.10
8.03
3.71
-0.57
-4.47
-7.77
-10.41
-12.78
-15.53
-19.29
-24.30
-30.05
-35.35
-38.78
-39.14
-36.00
-29.84
-21.76
-13.04
-4.80
2.29
7.90
11.94
14.50
15.82
16.30
16.44
16.58
16.79
16.90
16.66
15.95
15.00
14.13
13.56
13.24
12.89
12.20
11.08
9.66
8.16
6.71
5.19
3.41
1.19
-1.50
-4.60
-8.06
-11.97
-16.47
-21.52
-26.79
-31.59
-35.03
-36.32
-34.92
-30.81
-24.36
-16.39
-7.92
-0.08
6.24
10.56
12.96
14.07
14.69
15.48
16.62
17.88
18.75
18.87
18.15
16.86
15.43
14.19
13.27
12.56
11.87
11.05
10.04
8.86
7.50
5.90
3.89
1.34
-1.77
-5.37
-9.22
-13.13
-17.06
-21.20
-25.81
-31.00
-36.44
-41.27
-44.35
-44.68
-41.84
-36.18
-28.65
-20.37
-12.16
-4.36
3.09
10.26
16.96
22.64
26.67
28.78
29.29
29.08
29.15
30.16
32.10
34.32
35.85
35.84
33.94
30.40
25.99
21.65
18.09
15.60
13.95
12.64
11.04
8.73
5.63
1.99
-1.74
-5.22
-8.41
-11.65
-15.45
-20.19
-25.87
-32.04
-37.88
-42.54
-45.30
-45.76
-43.79
-39.50
-33.18
-25.31
-16.57
-7.78
0.28
7.08
12.44
16.44
19.36
21.42
22.76
23.50
23.81
23.87
23.86
23.90
23.90
23.60
22.76
21.30
19.43
17.65
16.45
16.07
16.40
16.93
17.00
16.07
13.92
10.59
6.39
1.73
-3.04
-7.56
-11.64
-15.18
-18.20
-21.01
-23.96
-27.45
-31.54
-35.94
-39.92
-42.62
-43.18
-41.13
-36.52
-29.83
-21.92
-13.64
-5.70
1.50
7.86
13.39
18.08
21.70
24.00
24.83
24.39
23.25
22.16
21.62
21.72
22.11
22.30
22.07
21.61
21.33
21.46
21.79
21.69
20.44
17.73
13.81
9.40
5.24
1.84
-0.77
-2.92
-5.07
-7.63
-10.88
-14.98
-19.89
-25.34
-30.69
-35.01
-37.36
-37.02
-33.83
-28.15
-20.77
-12.54
-4.18
3.82
11.11
17.37
22.33
25.87
28.19
29.66
30.79
31.78
32.51
32.64
31.88
30.35
28.52
27.03
26.35
26.50
26.99
27.15
26.39
24.45
21.55
18.21
14.97
12.22
9.98
7.86
5.28
1.78
-2.69
-7.63
-12.24
-15.76
-17.95
-19.18
-20.37
-22.58
-26.49
-32.24
-39.25
-46.41
-52.30
-55.57
-55.22
-50.92
-43.13
-33.07
-22.31
-12.26
-3.82
2.82
8.05
12.36
16.13
19.43
22.12
24.00
25.03
25.39
25.36
25.29
25.39
25.76
26.34
27.03
27.71
28.33
28.83
29.15
29.16
28.69
27.60
25.90
23.80
21.51
19.26
17.04
14.68
11.89
8.41
4.23
-0.51
-5.35
-9.83
-13.54
-16.36
-18.47
-20.33
-22.50
-25.50
-29.56
-34.53
-39.88
-44.77
-48.14
-48.98
-46.57
-40.76
-32.15
-22.05
-12.00
-3.30
3.47
8.45
12.23
15.38
18.13
20.50
22.37
23.80
24.92
25.79
26.30
26.18
25.33
23.93
22.42
21.25
20.63
20.37
20.14
19.65
18.87
17.95
16.99
15.79
14.03
11.34
7.65
3.24
-1.41
-5.90
-10.04
-13.89
-17.57
-21.15
-24.60
-28.01
-31.51
-35.39
-39.67
-44.01
-47.48
-48.84
-47.05
-41.80
-33.73
-24.22
-14.88
-6.81
-0.30
5.05
9.80
14.19
17.93
20.44
21.37
20.90
19.70
18.54
17.82
17.46
17.00
16.10
14.79
13.44
12.41
11.80
11.38
10.81
9.91
8.74
7.44
5.98
4.12
1.58
-1.71
-5.47
-9.22
-12.56
-15.49
-18.41
-21.91
-26.45
-32.06
-38.25
-44.06
-48.39
-50.21
-48.85
-44.23
-36.86
-27.73
-18.06
-8.97
-1.21
4.87
9.31
12.37
14.33
15.46
15.91
15.75
15.03
13.88
12.54
11.33
10.49
10.09
10.04
10.08
10.03
9.84
9.64
9.61
9.92
10.56
11.31
11.81
11.74
10.89
9.24
6.98
4.30
1.34
-2.06
-6.29
-11.85
-19.15
-28.28
-38.83
-49.90
-60.18
-68.11
-72.14
-71.07
-64.41
-52.65
-37.21
-20.16
-3.59
10.91
22.51
31.22
37.39
41.49
43.74
44.27
43.27
41.13
38.55
36.31
34.88
34.31
34.19
33.91
32.97
31.24
28.91
26.38
24.02
21.97
20.09
18.02
15.36
11.75
7.15
1.84
-3.66
-8.65
-12.63
-15.54
-17.75
-20.02
-23.20
-27.82
-33.89
-40.90
-47.91
-53.73
-57.14
-57.11
-53.15
-45.39
-34.73
-22.66
-10.85
-0.61
7.47
13.52
18.11
21.80
24.80
26.97
28.15
28.34
27.88
27.16
26.44
25.58
24.20
22.01
19.13
16.16
13.89
12.82
12.90
13.47
13.69
12.84
10.63
7.23
3.10
-1.28
-5.52
-9.41
-12.91
-16.15
-19.45
-23.31
-28.19
-34.27
-41.14
-47.67
-52.22
-53.18
-49.61
-41.68
-30.64
-18.37
-6.70
3.13
10.77
16.37
20.37
23.07
24.63
25.06
24.48
23.15
21.48
19.90
18.64
17.79
17.24
16.89
16.63
16.44
16.17
15.62
14.51
12.58
9.75
6.13
2.05
-2.21
-6.48
-10.83
-15.49
-20.66
-26.44
-32.73
-39.14
-44.98
-49.25
-50.84
-48.79
-42.76
-33.23
-21.47
-9.17
2.08
11.35
18.46
23.82
27.99
31.31
33.80
35.31
35.79
35.36
34.44
33.39
32.39
31.42
30.28
28.83
27.04
25.05
22.97
20.78
18.32
15.47
12.23
8.72
5.01
1.04
-3.46
-8.77
-15.00
-22.04
-29.59
-37.25
-44.65
-51.31
-56.56
-59.40
-58.70
-53.62
-44.06
-30.98
-16.29
-2.27
9.18
17.12
21.75
24.14
25.58
27.03
28.82
30.80
32.53
33.63
33.89
33.23
31.69
29.39
26.61
23.85
21.62
20.23
19.51
18.90
17.71
15.44
12.06
7.99
3.69
-0.53
-4.80
-9.57
-15.35
-22.47
-30.81
-39.86
-48.69
-56.13
-60.88
-61.81
-58.17
-49.96
-37.97
-23.68
-8.86
4.81
16.28
25.15
31.66
36.34
39.78
42.26
43.88
44.54
44.19
42.99
41.27
39.43
37.74
36.28
34.98
33.73
32.52
31.47
30.62
29.89
28.86
26.97
23.74
19.05
13.27
7.12
1.41
-3.33
-7.06
-10.26
-13.79
-18.57
-25.31
-34.04
-44.01
-53.76
-61.35
-65.05
-63.82
-57.63
-47.45
-34.84
-21.49
-8.79
2.38
11.59
18.73
23.96
27.54
29.81
31.17
31.98
32.41
32.49
32.07
30.96
29.10
26.59
23.69
20.90
18.69
17.38
17.01
17.22
17.38
16.79
14.95
11.70
7.36
2.48
-2.36
-6.88
-11.25
-15.93
-21.54
-28.37
-36.21
-44.21
-51.08
-55.41
-56.03
-52.43
-44.80
-34.15
-21.87
-9.40
2.03
11.75
19.54
25.56
30.06
33.22
35.15
35.98
35.90
35.20
34.13
32.86
31.48
29.97
28.41
26.93
25.72
24.89
24.35
23.86
22.96
21.29
18.58
14.87
10.42
5.62
0.85
-3.79
-8.45
-13.59
-19.67
-26.92
-34.98
-42.82
-48.96
-51.94
-50.80
-45.41
-36.49
-25.36
-13.46
-2.00
8.23
16.87
23.81
29.02
32.52
34.44
35.05
34.77
34.08
33.37
32.84
32.46
32.02
31.27
30.00
28.18
25.93
23.44
20.96
18.61
16.45
14.33
12.04
9.31
5.98
2.05
-2.35
-7.02
-11.83
-16.85
-22.33
-28.61
-35.92
-44.14
-52.63
-60.24
-65.45
-66.81
-63.36
-55.05
-42.83
-28.44
-13.94
-1.09
9.05
16.34
21.32
24.78
27.45
29.68
31.60
33.08
34.03
34.35
34.06
33.23
31.97
30.51
29.00
27.56
26.24
25.05
23.96
22.98
22.10
21.19
19.96
17.93
14.71
10.14
4.55
-1.38
-6.88
-11.50
-15.28
-18.75
-22.66
-27.53
-33.46
-40.05
-46.57
-52.10
-55.73
-56.72
-54.57
-49.13
-40.64
-29.76
-17.50
-5.06
6.36
15.81
22.74
27.18
29.60
30.72
31.25
31.64
32.00
32.15
31.81
30.88
29.48
27.99
26.90
26.59
27.13
28.23
29.28
29.65
28.94
27.16
24.67
21.94
19.22
16.50
13.57
10.14
6.14
1.66
-3.05
-7.70
-12.08
-16.13
-19.99
-23.94
-28.37
-33.59
-39.61
-45.96
-51.77
-55.98
-57.71
-56.42
-52.02
-44.83
-35.43
-24.70
-13.71
-3.55
4.87
11.13
15.36
18.02
19.69
20.75
21.30
21.32
20.89
20.20
19.56
19.15
18.97
18.83
18.48
17.86
17.10
16.43
16.01
15.83
15.59
14.90
13.41
10.95
7.60
3.63
-0.58
-4.62
-8.23
-11.45
-14.67
-18.47
-23.42
-29.57
-36.26
-42.17
-45.73
-45.67
-41.57
-34.04
-24.42
-14.24
-4.73
3.47
10.18
15.47
19.36
21.82
22.82
22.46
21.11
19.38
17.90
17.11
17.13
17.69
18.37
18.78
18.68
18.13
17.29
16.35
15.29
13.99
12.26
10.04
7.42
4.62
1.87
-0.77
-3.33
-5.94
-8.70
-11.75
-15.27
-19.62
-25.15
-31.90
-39.38
-46.45
-51.61
-53.61
-51.90
-46.84
-39.49
-31.05
-22.39
-13.95
-5.87
1.74
8.55
14.13
18.15
20.59
21.78
22.22
22.39
22.51
22.54
22.26
21.43
19.92
17.83
15.41
12.95
10.64
8.63
6.98
5.74
4.91
4.36
3.76
2.62
0.50
-2.74
-6.90
-11.48
-16.05
-20.31
-24.24
-27.99
-31.77
-35.77
-40.18
-45.09
-50.26
-54.93
-57.88
-57.73
-53.62
-45.66
-34.96
-23.19
-11.91
-2.04
6.18
12.91
18.31
22.43
25.20
26.72
27.35
27.58
27.86
28.38
29.05
29.57
29.66
29.14
27.95
26.22
24.21
22.22
20.53
19.33
18.56
18.00
17.26
15.96
13.78
10.66
6.71
2.14
-2.67
-7.46
-12.02
-16.36
-20.59
-24.91
-29.51
-34.49
-39.85
-45.31
-50.28
-53.82
-54.85
-52.54
-46.61
-37.63
-26.84
-15.78
-5.73
2.55
8.99
13.90
17.70
20.66
22.89
24.39
25.18
25.39
25.18
24.66
23.89
22.83
21.46
19.92
18.49
17.53
17.27
17.73
18.52
19.05
18.60
16.74
13.38
8.88
3.90
-0.91
-5.01
-8.27
-10.91
-13.46
-16.62
-20.88
-26.36
-32.57
-38.49
-42.80
-44.32
-42.33
-36.86
-28.57
-18.58
-8.18
1.52
9.78
16.29
21.13
24.61
27.12
28.89
29.95
30.10
29.08
26.70
22.98
18.16
12.61
6.72
0.84
-4.65
-9.47
-13.40
-16.47
-18.99
-21.56
-24.74
-28.84
-33.78
-39.17
-44.51
-49.44
-53.83
-57.78
-61.54
-65.38
-69.51
-73.95
-78.42
-82.24
-84.42
-83.97
-80.16
-72.96
-63.08
-51.83
-40.74
-31.14
-23.83
-19.05
-16.50
-15.59
-15.61
-15.92
-15.95
-15.27
-13.56
-10.72
-6.87
-2.47
1.83
5.47
8.31
10.83
13.92
18.44
24.75
32.38
40.19
46.89
51.54
54.00
54.85
55.04
55.30
55.84
56.31
56.05
54.42
51.06
45.93
39.20
31.38
23.31
16.19
11.37
9.84
11.75
16.12
21.16
24.91
26.13
24.79
21.84
18.63
16.14
14.63
13.72
12.95
12.14
11.49
11.42
12.20
13.75
15.62
17.30
18.38
18.72
18.45
17.81
16.97
15.95
14.63
12.74
10.12
6.76
2.91
-1.04
-4.68
-7.77
-10.35
-12.75
-15.48
-19.16
-24.26
-30.98
-39.08
-47.73
-55.60
-61.10
-62.89
-60.29
-53.56
-43.70
-32.21
-20.48
-9.54
0.07
8.16
14.74
19.91
23.86
26.90
29.36
31.54
33.59
35.45
37.01
38.19
39.01
39.60
40.11
40.54
40.83
40.90
40.71
40.33
39.92
39.52
39.00
38.08
36.49
34.20
31.56
29.15
27.64
27.32
27.92
28.60
28.16
25.52
20.14
12.24
2.83
-6.49
-13.89
-17.81
-17.39
-12.73
-4.85
4.57
13.81
21.54
27.15
30.61
32.25
32.33
31.02
28.35
24.46
19.62
14.28
8.93
3.92
-0.54
-4.33
-7.35
-9.42
-10.42
-10.34
-9.42
-8.06
-6.78
-5.94
-5.75
-6.25
-7.35
-8.98
-11.01
-13.38
-15.97
-18.65
-21.38
-24.10
-26.84
-29.65
-32.59
-35.70
-39.14
-43.14
-48.08
-54.28
-61.82
-70.23
-78.38
-84.66
-87.35
-85.25
-78.02
-66.36
-51.71
-35.66
-19.57
-4.33
9.49
21.40
30.98
37.97
42.48
45.08
46.59
47.63
48.46
48.91
48.65
47.58
45.98
44.37
43.23
42.71
42.58
42.42
41.80
40.52
38.59
36.10
33.13
29.68
25.72
21.21
16.18
10.71
5.00
-0.72
-6.19
-11.18
-15.59
-19.42
-22.86
-26.27
-30.02
-34.42
-39.53
-45.12
-50.59
-55.07
-57.59
-57.32
-53.76
-46.92
-37.38
-26.08
-14.26
-3.04
6.65
14.24
19.60
22.97
24.81
25.69
26.07
26.17
25.94
25.21
23.91
22.20
20.45
19.13
18.47
18.39
18.58
18.64
18.36
17.71
16.77
15.56
14.01
11.95
9.21
5.86
2.07
-1.89
-5.85
-9.81
-13.96
-18.57
-23.88
-29.91
-36.32
-42.38
-47.01
-49.04
-47.66
-42.69
-34.79
-25.23
-15.41
-6.43
1.23
7.61
13.00
17.57
21.26
23.82
25.08
25.09
24.15
22.68
21.02
19.33
17.65
16.03
14.57
13.37
12.52
11.95
11.47
10.85
9.83
8.23
5.96
3.10
-0.18
-3.58
-6.93
-10.16
-13.44
-17.12
-21.61
-27.17
-33.72
-40.68
-47.04
-51.51
-52.96
-50.73
-44.86
-36.15
-25.79
-14.96
-4.56
4.95
13.40
20.70
26.72
31.27
34.26
35.73
35.94
35.29
34.19
33.00
32.01
31.32
30.97
30.80
30.52
29.83
28.51
26.55
24.16
21.65
19.13
16.50
13.38
9.44
4.57
-0.84
-6.12
-10.57
-13.83
-16.19
-18.40
-21.41
-25.97
-32.29
-39.91
-47.79
-54.55
-58.67
-58.90
-54.64
-46.16
-34.64
-21.80
-9.40
1.30
9.82
16.31
21.30
25.21
28.16
30.00
30.59
30.06
28.90
27.76
27.16
27.29
27.88
28.38
28.27
27.35
25.83
24.13
22.70
21.60
20.54
18.96
16.42
12.85
8.62
4.36
0.63
-2.35
-4.85
-7.41
-10.61
-14.81
-20.09
-26.26
-33.03
-39.95
-46.33
-51.30
-53.78
-52.83
-47.97
-39.54
-28.65
-16.92
-5.91
3.27
10.23
15.17
18.65
21.16
23.02
24.36
25.12
25.29
24.87
23.95
22.72
21.45
20.41
19.79
19.55
19.44
19.09
18.20
16.69
14.83
12.94
11.21
9.52
7.54
4.86
1.36
-2.73
-7.01
-11.15
-15.18
-19.43
-24.36
-30.03
-35.93
-40.90
-43.56
-42.82
-38.28
-30.40
-20.30
-9.32
1.24
10.49
17.85
23.11
26.36
27.93
28.31
27.97
27.27
26.31
25.07
23.55
21.91
20.48
19.58
19.30
19.41
19.44
18.97
17.86
16.34
14.76
13.42
12.22
10.79
8.64
5.54
1.64
-2.53
-6.38
-9.57
-12.19
-14.75
-17.94
-22.29
-27.96
-34.59
-41.47
-47.55
-51.78
-53.30
-51.63
-46.82
-39.38
-30.20
-20.30
-10.58
-1.74
5.78
11.78
16.29
19.42
21.39
22.48
23.01
23.32
23.71
24.38
25.31
26.30
26.89
26.69
25.56
23.68
21.60
19.94
19.09
19.03
19.33
19.33
18.45
16.35
13.03
8.82
4.15
-0.49
-4.77
-8.53
-11.84
-14.87
-17.83
-20.95
-24.42
-28.42
-33.06
-38.27
-43.61
-48.27
-51.14
-51.20
-47.92
-41.46
-32.70
-22.90
-13.23
-4.53
2.80
8.71
13.26
16.53
18.69
19.95
20.66
21.20
21.91
22.90
24.05
25.10
25.78
25.98
25.78
25.43
25.24
25.36
25.75
26.13
26.18
25.65
24.50
22.80
20.62
17.96
14.73
10.86
6.46
1.80
-2.76
-6.95
-10.73
-14.25
-17.67
-21.06
-24.37
-27.55
-30.69
-34.05
-37.85
-42.01
-45.97
-48.68
-48.96
-45.99
-39.70
-30.88
-20.92
-11.30
-3.12
3.16
7.70
10.99
13.53
15.58
17.23
18.41
19.04
19.12
18.71
17.95
16.99
16.04
15.36
15.13
15.41
16.10
16.99
17.88
18.58
18.83
18.37
16.87
14.15
10.33
5.96
1.81
-1.48
-3.75
-5.43
-7.32
-10.30
-14.80
-20.69
-27.27
-33.51
-38.33
-40.85
-40.53
-37.25
-31.39
-23.66
-15.08
-6.64
0.71
6.43
10.41
12.88
14.43
15.54
16.53
17.35
17.76
17.51
16.59
15.26
13.85
12.62
11.53
10.39
8.98
7.35
5.81
4.73
4.30
4.29
4.11
3.11
0.89
-2.47
-6.48
-10.46
-13.93
-16.82
-19.55
-22.73
-26.97
-32.42
-38.74
-45.10
-50.46
-53.83
-54.50
-52.17
-46.86
-39.02
-29.32
-18.69
-8.08
1.59
9.63
15.65
19.69
22.14
23.64
24.81
26.01
27.20
28.05
28.10
27.11
25.34
23.44
22.12
21.78
22.22
22.82
22.90
22.14
20.65
18.82
17.00
15.24
13.25
10.64
7.20
3.06
-1.35
-5.53
-9.14
-12.14
-14.82
-17.60
-20.97
-25.34
-30.89
-37.48
-44.56
-51.13
-55.94
-57.76
-55.85
-50.25
-41.88
-32.12
-22.38
-13.55
-5.81
1.09
7.39
13.03
17.67
20.87
22.53
23.07
23.24
23.72
24.80
26.20
27.35
27.75
27.25
26.07
24.64
23.35
22.39
21.76
21.30
20.80
19.99
18.55
16.20
12.85
8.69
4.21
-0.03
-3.62
-6.48
-8.85
-11.07
-13.43
-16.13
-19.40
-23.47
-28.59
-34.74
-41.36
-47.29
-51.02
-51.20
-47.17
-39.24
-28.62
-16.99
-5.96
3.33
10.45
15.58
19.26
22.06
24.33
26.09
27.23
27.68
27.59
27.21
26.84
26.48
25.91
24.80
23.05
20.88
18.79
17.23
16.35
15.89
15.39
14.50
13.11
11.31
9.19
6.63
3.40
-0.59
-5.21
-10.05
-14.74
-19.26
-23.97
-29.31
-35.33
-41.26
-45.69
-47.06
-44.37
-37.71
-28.19
-17.52
-7.26
1.62
8.93
14.88
19.73
23.50
26.07
27.32
27.41
26.74
25.76
24.78
23.90
23.04
22.15
21.28
20.51
20.01
19.80
19.75
19.65
19.18
17.98
15.68
12.10
7.38
2.02
-3.31
-8.01
-11.94
-15.45
-19.20
-23.78
-29.44
-35.99
-42.85
-49.20
-54.09
-56.53
-55.76
-51.39
-43.67
-33.53
-22.36
-11.51
-2.02
5.73
11.87
16.76
20.79
24.07
26.48
27.80
27.95
27.06
25.53
23.84
22.29
20.97
19.65
18.20
16.70
15.48
14.91
15.05
15.51
15.58
14.59
12.26
8.84
4.91
1.01
-2.54
-5.75
-8.90
-12.35
-16.50
-21.75
-28.33
-36.06
-44.26
-51.56
-56.33
-57.20
-53.51
-45.63
-34.79
-22.67
-10.81
-0.31
8.37
15.21
20.44
24.38
27.27
29.39
30.96
32.24
33.42
34.56
35.56
36.10
35.79
34.33
31.77
28.51
25.20
22.40
20.42
19.08
17.85
16.15
13.62
10.22
6.21
1.95
-2.31
-6.48
-10.62
-14.86
-19.31
-24.15
-29.49
-35.47
-41.99
-48.67
-54.67
-58.91
-60.27
-58.05
-52.20
-43.42
-32.96
-22.20
-12.26
-3.81
3.04
8.53
13.04
16.79
19.88
22.25
23.84
24.62
24.72
24.32
23.62
22.81
22.02
21.32
20.81
20.53
20.60
21.04
21.77
22.43
22.45
21.15
18.11
13.33
7.38
1.28
-3.99
-7.77
-10.12
-11.73
-13.68
-17.08
-22.58
-30.15
-38.85
-47.11
-52.99
-54.79
-51.64
-43.74
-32.35
-19.38
-6.74
4.11
12.45
18.19
21.71
23.58
24.45
24.92
25.46
26.29
27.35
28.33
28.78
28.35
26.95
24.85
22.55
20.61
19.40
18.98
19.07
19.18
18.83
17.71
15.71
12.91
9.49
5.59
1.25
-3.55
-8.84
-14.70
-21.10
-27.89
-34.74
-41.06
-46.01
-48.70
-48.30
-44.43
-37.32
-27.82
-17.20
-6.76
2.50
10.15
16.23
21.05
24.90
27.87
29.97
31.22
31.79
31.99
32.17
32.53
33.03
33.45
33.52
33.09
32.15
30.80
29.25
27.67
26.11
24.54
22.77
20.52
17.50
13.60
8.96
3.98
-0.80
-5.04
-8.70
-12.07
-15.71
-20.15
-25.75
-32.52
-40.14
-47.95
-55.05
-60.32
-62.66
-61.24
-55.76
-46.67
-35.06
-22.45
-10.31
0.25
8.73
15.19
20.01
23.66
26.55
28.90
30.76
32.07
32.75
32.69
31.87
30.37
28.36
26.15
24.13
22.64
21.87
21.72
21.73
21.27
19.78
16.99
13.10
8.55
3.87
-0.71
-5.28
-10.11
-15.40
-21.06
-26.70
-31.85
-36.28
-40.07
-43.64
-47.44
-51.71
-56.33
-60.81
-64.39
-66.28
-65.81
-62.59
-56.55
-48.00
-37.55
-26.00
-14.19
-2.91
7.26
15.92
22.83
27.95
31.42
33.59
34.92
35.84
36.62
37.30
37.80
37.99
37.89
37.62
37.37
37.23
37.09
36.69
35.78
34.30
32.41
30.33
28.29
26.22
23.84
20.75
16.65
11.55
5.78
-0.07
-5.43
-10.01
-13.87
-17.25
-20.46
-23.72
-27.24
-31.25
-36.06
-41.79
-48.10
-53.99
-57.94
-58.41
-54.51
-46.42
-35.30
-22.82
-10.53
0.60
10.07
17.74
23.57
27.52
29.76
30.62
30.68
30.48
30.29
30.14
29.94
29.54
29.01
28.47
27.99
27.46
26.67
25.39
23.61
21.46
19.10
16.63
13.96
10.99
7.66
4.11
0.59
-2.69
-5.71
-8.78
-12.41
-17.17
-23.27
-30.36
-37.37
-42.72
-44.76
-42.44
-35.64
-25.33
-13.16
-0.94
9.97
18.76
25.24
29.54
31.98
32.99
33.11
32.88
32.74
32.94
33.42
33.95
34.25
34.09
33.35
32.04
30.28
28.23
26.08
24.00
21.98
19.89
17.47
14.53
11.08
7.30
3.45
-0.35
-4.22
-8.46
-13.39
-19.15
-25.50
-31.81
-37.15
-40.50
-41.04
-38.39
-32.72
-24.65
-15.11
-5.12
4.42
12.79
19.55
24.48
27.58
29.07
29.32
28.76
27.79
26.65
25.29
23.54
21.17
18.06
14.44
10.74
7.44
4.85
2.89
1.13
-1.00
-3.90
-7.59
-11.64
-15.53
-18.88
-21.71
-24.36
-27.29
-30.83
-35.00
-39.67
-44.57
-49.50
-54.11
-57.87
-59.93
-59.31
-55.31
-47.92
-37.93
-26.72
-15.83
-6.37
1.27
7.30
12.20
16.35
19.75
22.17
23.40
23.51
23.05
22.66
22.83
23.52
24.25
24.31
23.28
21.19
18.60
16.29
14.79
14.15
13.97
13.59
12.51
10.55
7.82
4.58
1.08
-2.57
-6.39
-10.39
-14.63
-19.16
-24.04
-29.17
-34.18
-38.31
-40.53
-39.89
-35.82
-28.52
-18.91
-8.31
2.01
11.18
18.83
24.91
29.45
32.38
33.60
33.18
31.51
29.22
26.94
25.09
23.64
22.33
20.83
19.08
17.28
15.78
14.80
14.21
13.61
12.47
10.46
7.59
4.17
0.55
-2.98
-6.40
-9.69
-12.82
-15.66
-18.03
-19.94
-21.71
-23.87
-27.03
-31.36
-36.41
-40.98
-43.53
-42.74
-38.02
-29.86
-19.60
-8.97
0.47
7.71
12.54
15.31
16.72
17.42
17.84
18.07
17.94
17.24
15.82
13.85
11.67
9.69
8.16
7.09
6.28
5.50
4.60
3.52
2.29
0.87
-0.86
-3.07
-5.84
-9.13
-12.76
-16.52
-20.23
-23.87
-27.58
-31.52
-35.76
-40.07
-43.87
-46.26
-46.24
-43.02
-36.43
-27.00
-15.88
-4.52
5.70
13.79
19.42
22.75
24.38
24.98
25.05
24.82
24.22
23.10
21.46
19.48
17.58
16.14
15.37
15.12
15.07
14.79
14.04
12.77
11.04
8.94
6.41
3.39
-0.13
-4.08
-8.24
-12.44
-16.63
-20.96
-25.67
-30.88
-36.47
-41.96
-46.54
-49.36
-49.72
-47.27
-42.12
-34.88
-26.35
-17.38
-8.68
-0.77
5.87
10.89
14.11
15.60
15.79
15.30
14.68
14.25
13.97
13.70
13.32
12.95
12.82
13.12
13.89
14.87
15.68
15.88
15.09
13.05
9.68
5.22
0.17
-4.76
-8.93
-12.13
-14.55
-16.80
-19.59
-23.48
-28.63
-34.75
-41.12
-46.63
-50.04
-50.21
-46.57
-39.37
-29.70
-19.16
-9.29
-1.08
5.22
9.93
13.60
16.69
19.39
21.69
23.49
24.79
25.71
26.46
27.17
27.83
28.25
28.10
27.16
25.45
23.31
21.33
20.00
19.38
19.07
18.34
16.53
13.44
9.44
5.16
1.14
-2.47
-5.94
-9.60
-13.62
-17.97
-22.51
-27.28
-32.45
-38.06
-43.59
-47.88
-49.32
-46.62
-39.47
-28.82
-16.62
-5.04
4.49
11.66
17.08
21.69
25.99
29.79
32.44
33.43
32.80
31.29
29.85
29.15
29.22
29.48
29.23
28.13
26.33
24.35
22.75
21.70
21.01
20.24
18.85
16.50
13.05
8.62
3.56
-1.61
-6.40
-10.53
-14.02
-17.30
-20.90
-25.25
-30.40
-36.09
-41.75
-46.76
-50.45
-52.17
-51.36
-47.57
-40.82
-31.66
-21.21
-10.80
-1.62
5.73
11.24
15.29
18.38
20.76
22.48
23.46
23.71
23.39
22.74
22.04
21.39
20.79
20.15
19.45
18.74
18.13
17.67
17.20
16.47
15.14
12.97
9.92
6.19
2.16
-1.78
-5.43
-8.79
-12.12
-15.82
-20.19
-25.37
-31.07
-36.64
-41.12
-43.44
-42.75
-38.68
-31.48
-21.95
-11.36
-0.96
8.20
15.56
21.03
24.93
27.73
29.84
31.43
32.45
32.76
32.22
30.88
28.94
26.73
24.55
22.55
20.80
19.27
17.90
16.68
15.57
14.46
13.07
11.08
8.12
4.02
-1.07
-6.62
-11.92
-16.35
-19.71
-22.39
-25.20
-29.13
-34.79
-42.20
-50.56
-58.52
-64.47
-67.01
-65.31
-59.35
-49.93
-38.38
-26.17
-14.53
-4.14
4.83
12.50
19.02
24.39
28.43
31.03
32.21
32.23
31.52
30.56
29.64
28.89
28.30
27.79
27.31
26.87
26.50
26.11
25.59
24.65
22.99
20.47
17.09
13.05
8.67
4.24
-0.00
-3.97
-7.67
-11.21
-14.81
-18.82
-23.56
-29.32
-36.13
-43.63
-50.92
-56.71
-59.55
-58.29
-52.47
-42.62
-30.19
-17.10
-5.12
4.68
12.16
17.84
22.43
26.39
29.82
32.54
34.40
35.54
36.20
36.63
36.83
36.67
36.00
34.86
33.54
32.35
31.45
30.72
29.87
28.72
27.26
25.56
23.66
21.35
18.31
14.30
9.42
4.17
-0.76
-4.87
-8.05
-10.69
-13.44
-16.89
-21.36
-26.76
-32.83
-39.22
-45.62
-51.61
-56.60
-59.73
-60.07
-56.87
-49.95
-39.84
-27.69
-14.99
-3.16
6.87
14.74
20.57
24.73
27.50
29.09
29.63
29.30
28.39
27.22
26.00
24.86
23.79
22.81
22.07
21.85
22.38
23.64
25.31
26.73
27.25
26.43
24.20
20.86
16.89
12.75
8.78
5.13
1.73
-1.70
-5.53
-10.10
-15.63
-22.08
-29.20
-36.45
-43.15
-48.38
-51.25
-50.96
-47.19
-40.25
-31.06
-20.95
-11.20
-2.69
4.28
9.91
14.58
18.58
21.92
24.40
25.73
25.74
24.52
22.37
19.83
17.45
15.64
14.64
14.40
14.68
15.20
15.71
15.98
15.73
14.70
12.56
9.15
4.59
-0.74
-6.25
-11.38
-15.87
-19.82
-23.68
-28.03
-33.33
-39.65
-46.57
-53.17
-58.15
-60.17
-58.36
-52.53
-43.39
-32.23
-20.53
-9.50
0.15
8.10
14.35
18.94
21.99
23.74
24.63
25.20
25.88
26.79
27.69
28.16
27.87
26.79
25.22
23.64
22.48
21.98
22.11
22.57
22.82
22.29
20.55
17.41
13.00
7.88
2.65
-2.16
-6.41
-10.32
-14.47
-19.46
-25.68
-33.10
-41.08
-48.37
-53.36
-54.53
-50.99
-42.90
-31.48
-18.67
-6.38
4.03
12.17
18.35
23.26
27.46
31.12
34.03
35.94
36.69
36.37
35.31
33.84
32.26
30.71
29.18
27.73
26.46
25.52
25.01
24.81
24.55
23.66
21.64
18.25
13.74
8.68
3.80
-0.43
-3.97
-7.23
-10.87
-15.50
-21.40
-28.41
-36.01
-43.44
-49.84
-54.37
-56.30
-54.99
-50.14
-41.93
-31.08
-18.85
-6.76
3.84
12.10
17.90
21.73
24.32
26.27
27.83
28.93
29.36
29.10
28.34
27.47
26.78
26.38
26.18
25.97
25.62
25.08
24.34
23.29
21.68
19.23
15.79
11.54
6.90
2.30
-1.96
-5.93
-9.96
-14.42
-19.62
-25.70
-32.58
-39.95
-47.22
-53.43
-57.25
-57.38
-52.95
-44.08
-32.04
-18.91
-6.80
2.87
9.80
14.58
18.16
21.26
24.02
26.14
27.24
27.24
26.39
25.20
24.09
23.24
22.57
21.86
20.96
19.89
18.72
17.51
16.15
14.38
11.96
8.75
4.87
0.61
-3.74
-8.03
-12.40
-17.16
-22.63
-28.97
-35.99
-43.07
-49.22
-53.22
-53.90
-50.51
-43.02
-32.36
-20.16
-8.25
2.00
10.05
16.18
21.08
25.25
28.77
31.33
32.55
32.34
31.10
29.42
27.82
26.52
25.37
24.12
22.62
20.97
19.40
18.07
16.85
15.32
12.97
9.46
4.89
-0.24
-5.19
-9.34
-12.51
-15.04
-17.66
-21.26
-26.49
-33.49
-41.76
-50.25
-57.46
-61.85
-62.19
-57.95
-49.50
-37.96
-24.93
-11.98
-0.37
9.14
16.20
20.77
23.07
23.57
22.94
22.01
21.56
22.11
23.71
25.97
28.21
29.73
30.05
29.00
26.81
23.96
21.01
18.39
16.18
14.14
11.83
8.94
5.40
1.53
-2.21
-5.49
-8.26
-10.83
-13.69
-17.41
-22.40
-28.84
-36.53
-44.87
-52.83
-59.02
-62.12
-61.25
-56.21
-47.60
-36.56
-24.34
-12.08
-0.68
9.20
17.10
22.81
26.46
28.50
29.58
30.22
30.72
31.05
31.08
30.68
29.88
28.80
27.51
26.02
24.31
22.48
20.77
19.46
18.66
18.19
17.59
16.24
13.80
10.28
6.07
1.73
-2.37
-6.26
-10.35
-15.21
-21.23
-28.41
-36.20
-43.74
-50.02
-54.10
-55.29
-53.18
-47.76
-39.51
-29.33
-18.41
-7.95
1.23
8.77
14.76
19.49
23.29
26.31
28.54
29.92
30.38
29.91
28.66
26.86
24.83
22.94
21.45
20.43
19.71
19.01
18.00
16.54
14.67
12.52
10.23
7.79
5.07
1.79
-2.36
-7.64
-14.15
-21.84
-30.43
-39.37
-47.82
-54.60
-58.37
-57.97
-52.80
-43.23
-30.56
-16.69
-3.50
7.72
16.57
23.34
28.52
32.48
35.19
36.42
36.08
34.42
31.98
29.45
27.38
25.98
25.21
24.85
24.69
24.63
24.65
24.77
24.92
24.86
24.28
22.80
20.21
16.48
11.65
5.75
-1.33
-9.79
-19.64
-30.57
-41.75
-52.02
-60.04
-64.62
-64.95
-60.79
-52.52
-41.19
-28.37
-15.87
-5.30
2.38
7.05
9.41
10.50
11.21
11.89
12.44
12.40
11.38
9.25
6.24
2.72
-0.97
-4.72
-8.66
-13.04
-17.98
-23.39
-28.93
-34.18
-38.87
-42.88
-46.17
-48.69
-50.26
-50.69
-50.09
-48.86
-47.74
-47.36
-47.82
-48.37
-47.60
-44.01
-36.70
-25.75
-12.25
2.28
16.44
29.31
40.50
49.91
57.50
63.27
67.28
69.81
71.23
72.00
72.36
72.32
71.71
70.44
68.56
66.27
63.77
61.07
58.00
54.31
49.83
44.50
38.42
31.68
24.44
16.88
9.37
2.33
-3.85
-9.06
-13.64
-18.20
-23.45
-29.70
-36.63
-43.19
-47.88
-49.23
-46.33
-39.25
-28.97
-17.16
-5.60
4.35
12.00
17.30
20.65
22.60
23.63
24.08
24.21
24.24
24.42
24.92
25.89
27.34
29.25
31.42
33.55
35.34
36.54
37.12
37.20
37.02
36.70
36.24
35.45
34.04
31.81
28.65
24.61
19.80
14.39
8.57
2.67
-2.75
-6.87
-8.80
-7.85
-3.89
2.50
10.16
17.57
23.46
27.13
28.62
28.47
27.34
25.74
23.88
21.73
19.25
16.37
13.04
9.21
4.88
0.18
-4.53
-8.73
-11.90
-13.79
-14.53
-14.57
-14.48
-14.64
-15.17
-15.91
-16.65
-17.33
-18.10
-19.22
-20.96
-23.42
-26.43
-29.54
-32.10
-33.36
-32.60
-29.44
-23.85
-16.33
-7.69
1.14
9.31
16.29
21.80
25.77
28.24
29.41
29.55
29.02
28.18
27.26
26.23
24.88
22.90
20.17
16.88
13.54
10.68
8.67
7.46
6.67
5.77
4.33
2.24
-0.33
-3.13
-5.99
-9.00
-12.46
-16.72
-21.85
-27.47
-32.81
-36.86
-38.65
-37.58
-33.58
-27.16
-19.24
-10.89
-3.05
3.66
8.94
12.79
15.40
17.01
17.82
18.00
17.63
16.75
15.46
13.91
12.35
10.98
9.88
8.91
7.81
6.35
4.49
2.45
0.59
-0.92
-2.20
-3.62
-5.67
-8.68
-12.64
-17.31
-22.40
-27.68
-32.97
-37.95
-41.99
-44.16
-43.46
-39.36
-32.10
-22.81
-13.14
-4.67
1.69
5.97
8.85
11.20
13.50
15.68
17.27
17.82
17.24
15.86
14.12
12.39
10.72
8.97
7.00
4.83
2.69
0.82
-0.65
-1.79
-2.77
-3.83
-5.04
-6.48
-8.14
-10.11
-12.58
-15.76
-19.77
-24.57
-29.80
-34.87
-39.01
-41.42
-41.48
-38.86
-33.63
-26.36
-18.01
-9.76
-2.64
2.72
6.22
8.30
9.57
10.50
11.30
11.87
12.04
11.68
10.83
9.60
8.17
6.71
5.41
4.47
4.13
4.46
5.23
5.94
5.94
4.72
2.11
-1.57
-5.70
-9.54
-12.70
-15.20
-17.47
-20.11
-23.58
-27.90
-32.56
-36.72
-39.51
-40.26
-38.62
-34.61
-28.57
-21.08
-12.97
-5.11
1.69
6.94
10.55
12.72
13.85
14.35
14.56
14.76
15.15
15.84
16.72
17.54
17.90
17.51
16.32
14.60
12.79
11.25
10.03
8.88
7.38
5.28
2.61
-0.30
-3.14
-5.70
-8.07
-10.42
-12.91
-15.58
-18.45
-21.68
-25.59
-30.53
-36.46
-42.70
-47.95
-50.65
-49.74
-45.02
-37.39
-28.34
-19.42
-11.60
-5.16
0.08
4.44
8.00
10.64
12.23
12.84
12.82
12.64
12.64
12.89
13.22
13.37
13.23
12.88
12.47
12.04
11.52
10.70
9.43
7.72
5.72
3.60
1.47
-0.66
-2.87
-5.14
-7.40
-9.64
-11.97
-14.78
-18.55
-23.65
-30.01
-36.85
-42.86
-46.44
-46.43
-42.40
-35.05
-25.80
-16.37
-8.14
-1.79
2.78
6.02
8.48
10.52
12.21
13.58
14.62
15.30
15.54
15.24
14.32
12.86
11.14
9.51
8.21
7.21
6.33
5.30
3.93
2.19
0.13
-2.18
-4.69
-7.38
-10.18
-13.01
-15.85
-18.87
-22.41
-26.83
-32.08
-37.58
-42.15
-44.52
-43.76
-39.68
-32.93
-24.62
-15.90
-7.63
-0.20
6.33
11.95
16.60
20.10
22.32
23.28
23.19
22.32
20.91
19.08
16.86
14.33
11.72
9.46
8.00
7.59
8.06
8.73
8.72
7.33
4.42
0.41
-4.00
-8.23
-12.21
-16.29
-21.05
-26.83
-33.52
-40.52
-47.06
-52.30
-55.61
-56.52
-54.66
-49.91
-42.40
-32.68
-21.68
-10.56
-0.45
7.84
13.97
18.08
20.61
22.06
22.76
22.86
22.41
21.55
20.57
19.87
19.73
20.15
20.84
21.30
21.15
20.20
18.57
16.48
14.10
11.50
8.66
5.58
2.27
-1.22
-4.88
-8.88
-13.45
-18.92
-25.48
-33.08
-41.22
-48.89
-54.72
-57.39
-55.97
-50.34
-41.20
-29.79
-17.47
-5.43
5.53
14.92
22.51
28.18
31.98
34.16
35.10
35.22
34.90
34.44
34.00
33.65
33.37
33.12
32.79
32.37
31.83
31.19
30.36
29.14
27.24
24.39
20.53
15.90
10.97
6.21
1.96
-1.79
-5.36
-9.29
-14.17
-20.42
-28.13
-36.89
-45.70
-53.21
-57.90
-58.53
-54.57
-46.32
-34.84
-21.66
-8.39
3.66
13.66
21.36
26.99
31.06
34.12
36.59
38.59
40.01
40.68
40.50
39.62
38.31
36.91
35.63
34.51
33.42
32.24
30.88
29.30
27.51
25.53
23.25
20.60
17.44
13.74
9.58
5.06
0.31
-4.68
-10.08
-16.15
-23.02
-30.47
-37.74
-43.62
-46.78
-46.13
-41.21
-32.42
-20.89
-8.20
4.05
14.62
22.87
28.81
32.86
35.58
37.33
38.15
37.84
36.21
33.35
29.86
26.57
24.36
23.70
24.40
25.76
26.84
26.93
25.84
23.77
21.11
18.13
14.85
11.12
6.89
2.28
-2.42
-7.02
-11.69
-16.97
-23.43
-31.22
-39.59
-47.02
-51.53
-51.59
-46.63
-37.33
-25.32
-12.54
-0.57
9.66
17.89
24.22
28.83
31.89
33.53
33.95
33.45
32.35
31.01
29.67
28.50
27.64
27.13
26.89
26.71
26.29
25.37
23.84
21.80
19.43
16.92
14.28
11.41
8.14
4.35
0.03
-4.68
-9.77
-15.39
-21.78
-29.11
-37.14
-44.98
-51.24
-54.43
-53.49
-48.29
-39.68
-29.15
-18.24
-8.08
0.84
8.48
15.02
20.56
25.06
28.46
30.70
31.89
32.18
31.78
30.84
29.59
28.32
27.34
26.84
26.84
27.07
27.22
27.02
26.30
25.02
23.15
20.63
17.40
13.47
9.01
4.32
-0.27
-4.57
-8.67
-12.94
-17.93
-24.04
-31.24
-38.97
-46.17
-51.52
-53.84
-52.44
-47.43
-39.61
-30.18
-20.38
-11.07
-2.63
4.90
11.63
17.60
22.73
26.75
29.43
30.64
30.45
29.25
27.63
26.20
25.38
25.26
25.59
25.96
26.00
25.56
24.70
23.61
22.32
20.73
18.65
15.93
12.67
9.11
5.55
2.21
-0.85
-3.66
-6.34
-9.03
-12.01
-15.61
-20.14
-25.71
-31.99
-38.24
-43.42
-46.59
-47.10
-44.78
-39.86
-32.81
-24.30
-15.06
-5.93
2.26
8.86
13.61
16.68
18.54
19.67
20.33
20.58
20.37
19.77
19.07
18.55
18.41
18.55
18.71
18.65
18.31
17.76
17.09
16.26
15.05
13.21
10.66
7.59
4.36
1.37
-1.25
-3.66
-6.25
-9.50
-13.76
-19.16
-25.42
-31.97
-37.94
-42.37
-44.33
-43.13
-38.57
-31.00
-21.39
-11.05
-1.33
6.83
13.09
17.66
20.97
23.40
25.04
25.77
25.50
24.36
22.77
21.17
19.85
18.84
17.93
16.97
15.97
15.13
14.63
14.53
14.63
14.53
13.83
12.16
9.33
5.36
0.59
-4.47
-9.21
-13.19
-16.34
-19.02
-21.87
-25.49
-30.10
-35.41
-40.62
-44.67
-46.59
-45.72
-41.92
-35.54
-27.31
-18.18
-9.08
-0.81
6.13
11.46
15.20
17.57
18.89
19.54
19.83
19.96
20.05
20.09
20.08
20.06
20.07
20.10
20.06
19.76
19.06
17.95
16.61
15.38
14.51
14.05
13.66
12.80
10.92
7.80
3.65
-0.95
-5.36
-9.18
-12.45
-15.50
-18.72
-22.43
-26.73
-31.55
-36.70
-41.86
-46.47
-49.68
-50.50
-48.13
-42.38
-33.76
-23.48
-12.95
-3.52
4.06
9.49
13.02
15.14
16.44
17.43
18.50
19.76
21.08
22.25
23.02
23.27
23.11
22.79
22.59
22.67
23.00
23.33
23.38
22.94
21.96
20.55
18.89
17.09
15.13
12.92
10.37
7.51
4.43
1.25
-1.99
-5.38
-8.97
-12.80
-16.73
-20.62
-24.39
-28.16
-32.14
-36.41
-40.64
-44.04
-45.51
-44.11
-39.45
-31.96
-22.78
-13.40
-5.14
1.15
5.33
7.80
9.33
10.81
13.06
16.70
22.01
28.87
36.90
45.52
54.14
62.21
69.13
74.25
76.86
76.41
72.77
66.35
57.98
48.72
39.43
30.67
22.69
15.56
9.31
4.01
-0.36
-3.92
-6.98
-9.79
-12.47
-14.91
-16.95
-18.54
-19.90
-21.47
-23.78
-27.03
-31.07
-35.38
-39.42
-42.91
-45.93
-48.75
-51.45
-53.75
-55.01
-54.69
-52.80
-49.95
-47.17
-45.36
-44.86
-45.27
-45.75
-45.45
-44.02
-41.77
-39.48
-37.98
-37.82
-38.89
-40.61
-42.10
-42.63
-41.90
-40.07
-37.59
-34.91
-32.19
-29.34
-26.14
-22.48
-18.51
-14.54
-10.99
-8.17
-6.33
-5.66
-6.21
-7.87
-10.34
-13.07
-15.33
-16.47
-15.86
-13.08
-7.94
-0.60
8.37
17.96
26.89
33.96
38.34
39.89
39.01
36.44
32.89
28.87
24.59
20.18
15.78
11.58
7.93
5.13
3.40
2.80
3.32
4.74
6.76
8.66
9.62
8.92
6.15
1.35
-5.00
-11.95
-18.46
-23.42
-26.34
-27.07
-25.70
-22.42
-17.62
-11.98
-6.12
-0.88
3.41
6.29
7.73
8.19
8.43
9.17
10.67
13.20
16.14
18.94
20.01
17.67
10.64
-1.61
-18.72
-39.85
-63.37
-88.21
-106.21
-110.13
-96.62
-68.57
-33.18
2.16
28.66
46.06
55.33
58.12
55.56
48.80
40.10
31.45
24.44
19.82
18.19
18.97
21.60
24.79
27.07
27.06
23.81
17.12
7.57
-3.28
-14.06
-23.27
-30.09
-34.03
-34.72
-31.84
-25.10
-14.74
-1.47
12.94
26.61
37.68
44.99
48.18
47.51
43.66
37.33
29.23
19.74
9.24
-1.88
-13.03
-23.31
-31.65
-36.98
-38.53
-36.11
-30.45
-22.96
-15.35
-9.27
-5.83
-5.51
-8.09
-12.92
-19.13
-25.92
-32.61
-38.75
-44.06
-48.42
-51.82
-54.23
-55.54
-55.47
-53.66
-49.79
-43.78
-36.05
-27.44
-19.11
-12.21
-7.49
-5.10
-4.47
-4.63
-4.60
-3.79
-2.27
-0.71
-0.07
-1.06
-3.83
-7.90
-12.38
-16.28
-18.89
-19.73
-18.52
-15.07
-9.33
-1.68
6.94
15.16
21.60
25.43
26.72
26.39
25.84
26.26
28.18
31.25
34.50
36.78
37.23
35.58
32.24
28.10
24.16
21.20
19.41
18.49
18.16
18.93
22.58
31.97
49.92
77.83
114.50
155.93
196.48
230.40
253.60
264.42
263.50
252.90
235.25
212.99
188.08
161.91
135.23
108.27
81.01
53.61
26.64
1.10
-21.93
-41.83
-58.66
-73.03
-85.68
-96.98
-106.67
-114.05
-118.24
-118.55
-114.80
-107.33
-97.15
-85.78
-75.00
-66.32
-60.56
-57.41
-55.49
-52.80
-47.45
-38.46
-26.01
-11.61
2.55
14.26
22.05
25.63
25.79
23.94
21.31
18.46
15.26
11.25
6.34
1.05
-3.65
-6.88
-8.40
-8.71
-8.73
-9.23
-10.42
-12.04
-13.73
-15.43
-17.49
-20.42
-24.42
-29.09
-33.33
-35.74
-35.18
-31.21
-24.29
-15.61
-6.62
1.39
7.61
11.87
14.47
16.00
17.05
18.07
19.27
20.63
21.96
23.02
23.68
23.94
23.96
23.84
23.53
22.77
21.29
19.03
16.23
13.30
10.58
8.09
5.63
2.97
0.17
-2.42
-4.46
-5.88
-7.16
-9.15
-12.54
-17.43
-23.19
-28.71
-32.87
-34.94
-34.78
-32.70
-29.19
-24.73
-19.75
-14.68
-9.91
-5.76
-2.32
0.53
3.06
5.48
7.75
9.51
10.25
9.54
7.37
4.23
0.94
-1.57
-2.80
-2.75
-1.97
-1.21
-1.05
-1.81
-3.40
-5.51
-7.88
-10.32
-12.77
-15.22
-17.62
-19.95
-22.26
-24.72
-27.58
-31.01
-34.87
-38.64
-41.49
-42.49
-41.03
-36.97
-30.77
-23.31
-15.63
-8.50
-2.36
2.70
6.81
10.17
12.88
14.91
16.19
16.70
16.50
15.78
14.83
13.89
13.04
12.27
11.44
10.44
9.30
8.21
7.49
7.46
8.21
9.41
10.40
10.46
9.04
6.09
2.02
-2.46
-6.65
-10.11
-12.77
-14.85
-16.70
-18.66
-21.06
-24.13
-27.93
-32.27
-36.56
-39.91
-41.40
-40.30
-36.41
-30.04
-22.01
-13.41
-5.33
1.36
6.26
9.44
11.37
12.66
13.86
15.24
16.66
17.76
18.07
17.35
15.74
13.71
11.92
10.87
10.78
11.42
12.29
12.93
13.10
13.01
13.01
13.31
13.78
13.95
13.27
11.52
8.87
5.87
3.03
0.50
-1.90
-4.56
-7.69
-11.20
-14.71
-17.88
-20.67
-23.36
-26.48
-30.41
-35.11
-40.00
-44.18
-46.62
-46.57
-43.82
-38.62
-31.62
-23.64
-15.50
-7.85
-1.11
4.62
9.40
13.33
16.40
18.40
19.13
18.52
16.91
15.02
13.69
13.43
14.17
15.31
16.06
16.01
15.30
14.55
14.45
15.33
16.96
18.64
19.65
19.51
18.21
16.08
13.60
11.14
8.84
6.61
4.29
1.83
-0.70
-3.21
-5.67
-8.21
-11.06
-14.40
-18.16
-22.13
-26.04
-29.77
-33.35
-36.74
-39.60
-41.19
-40.66
-37.43
-31.55
-23.84
-15.51
-7.65
-0.91
4.62
9.14
12.81
15.68
17.61
18.51
18.46
17.69
16.54
15.29
14.19
13.40
13.00
12.97
13.20
13.44
13.51
13.30
12.80
12.14
11.35
10.39
9.09
7.28
4.86
1.90
-1.39
-4.71
-7.80
-10.48
-12.78
-14.94
-17.28
-20.08
-23.50
-27.39
-31.31
-34.55
-36.33
-35.95
-33.09
-27.85
-20.82
-12.87
-4.95
2.11
7.85
12.12
15.06
16.93
17.98
18.38
18.24
17.66
16.77
15.71
14.61
13.55
12.48
11.27
9.77
7.94
5.95
4.16
3.04
2.86
3.52
4.51
5.10
4.63
2.81
-0.21
-3.94
-7.76
-11.23
-14.20
-16.83
-19.42
-22.32
-25.80
-30.04
-35.07
-40.70
-46.39
-51.27
-54.25
-54.41
-51.22
-44.79
-35.84
-25.47
-14.82
-4.88
3.75
10.72
15.96
19.54
21.75
22.91
23.41
23.47
23.12
22.33
21.07
19.45
17.72
16.21
15.09
14.45
14.21
14.29
14.68
15.26
15.88
16.20
15.76
14.31
11.89
8.87
5.69
2.69
-0.14
-3.05
-6.32
-10.10
-14.36
-19.04
-24.16
-29.82
-35.98
-42.27
-47.79
-51.33
-51.81
-48.65
-42.03
-32.88
-22.43
-11.93
-2.26
6.11
13.05
18.70
23.27
26.93
29.75
31.77
33.04
33.68
33.90
33.94
33.91
33.77
33.37
32.52
31.21
29.53
27.75
26.10
24.74
23.76
23.11
22.63
22.07
21.06
19.13
15.95
11.47
6.03
0.32
-4.94
-9.26
-12.65
-15.53
-18.59
-22.48
-27.55
-33.81
-40.80
-47.67
-53.31
-56.47
-56.07
-51.55
-43.12
-31.81
-19.21
-6.98
3.61
12.01
18.39
23.32
27.34
30.68
33.20
34.71
35.07
34.56
33.60
32.76
32.40
32.62
33.26
34.08
34.81
35.31
35.52
35.44
35.06
34.37
33.31
31.73
29.31
25.80
21.00
15.08
8.52
1.95
-4.19
-9.84
-15.30
-21.08
-27.55
-34.65
-41.83
-48.11
-52.33
-53.42
-50.81
-44.49
-35.10
-23.79
-11.89
-0.61
9.25
17.37
23.73
28.38
31.36
32.67
32.45
31.01
28.90
26.71
24.81
23.34
22.19
21.16
20.08
19.00
18.07
17.49
17.29
17.33
17.17
16.40
14.69
11.95
8.39
4.42
0.51
-3.05
-6.21
-9.21
-12.50
-16.61
-21.96
-28.54
-35.84
-42.81
-48.12
-50.50
-49.09
-43.67
-34.74
-23.31
-10.71
1.53
12.10
20.04
25.09
27.65
28.62
28.90
29.00
28.91
28.28
26.89
24.88
22.78
21.08
19.92
19.04
18.03
16.69
15.26
14.22
13.91
14.12
14.12
13.01
10.23
5.91
0.84
-3.97
-7.79
-10.57
-12.79
-15.21
-18.39
-22.51
-27.44
-33.00
-39.05
-45.40
-51.50
-56.26
-58.24
-56.14
-49.47
-38.91
-26.11
-13.06
-1.37
8.10
15.34
20.63
24.36
26.73
27.87
28.04
27.65
27.17
26.99
27.22
27.77
28.41
28.95
29.28
29.36
29.18
28.73
27.98
26.98
25.82
24.67
23.60
22.60
21.48
20.00
17.97
15.29
12.06
8.46
4.75
1.13
-2.33
-5.68
-9.14
-12.96
-17.47
-22.88
-29.26
-36.24
-43.06
-48.55
-51.44
-50.81
-46.38
-38.65
-28.75
-18.00
-7.60
1.60
9.24
15.20
19.61
22.78
25.09
26.97
28.73
30.43
31.82
32.58
32.49
31.61
30.36
29.25
28.70
28.82
29.44
30.22
30.80
30.95
30.43
29.10
26.84
23.63
19.62
15.15
10.58
6.25
2.25
-1.58
-5.54
-9.84
-14.42
-18.93
-22.88
-25.87
-27.89
-29.34
-30.90
-33.29
-37.00
-42.00
-47.73
-53.22
-57.20
-58.52
-56.37
-50.59
-41.67
-30.71
-19.14
-8.28
0.98
8.33
13.90
18.03
21.04
23.04
24.04
24.08
23.41
22.45
21.67
21.37
21.50
21.73
21.65
21.04
20.05
19.09
18.58
18.70
19.15
19.34
18.58
16.51
13.22
9.22
5.18
1.62
-1.27
-3.64
-5.83
-8.25
-11.27
-15.21
-20.28
-26.51
-33.49
-40.32
-45.70
-48.35
-47.40
-42.82
-35.46
-26.57
-17.39
-8.73
-0.83
6.34
12.85
18.57
23.21
26.43
28.04
28.05
26.68
24.40
21.76
19.31
17.50
16.48
16.14
16.09
15.98
15.62
15.12
14.81
14.98
15.54
16.02
15.64
13.76
10.17
5.28
-0.05
-4.92
-8.82
-11.80
-14.38
-17.21
-20.80
-25.31
-30.67
-36.68
-43.06
-49.26
-54.35
-57.05
-56.05
-50.62
-41.03
-28.62
-15.36
-3.20
6.63
13.75
18.60
21.87
24.19
25.84
26.84
27.10
26.58
25.44
23.96
22.42
21.00
19.75
18.68
17.72
16.90
16.31
16.04
16.12
16.40
16.55
16.15
14.86
12.60
9.64
6.47
3.57
1.19
-0.77
-2.69
-5.06
-8.23
-12.31
-17.15
-22.43
-27.86
-33.22
-38.34
-42.98
-46.77
-49.07
-49.23
-46.72
-41.32
-33.27
-23.26
-12.28
-1.44
8.32
16.39
22.50
26.61
28.87
29.44
28.54
26.52
23.82
20.94
18.33
16.20
14.63
13.56
12.89
12.53
12.43
12.45
12.51
12.43
12.18
11.81
11.41
11.03
10.52
9.63
8.03
5.49
2.03
-2.11
-6.49
-10.72
-14.53
-17.87
-20.89
-23.86
-27.11
-30.95
-35.54
-40.79
-46.22
-50.99
-53.94
-53.98
-50.43
-43.27
-33.28
-21.83
-10.47
-0.55
7.14
12.47
15.84
17.91
19.30
20.32
21.00
21.18
20.85
20.24
19.71
19.51
19.61
19.66
19.22
18.13
16.64
15.33
14.77
15.08
15.92
16.51
16.05
14.06
10.54
6.02
1.24
-3.13
-6.78
-9.77
-12.53
-15.54
-19.18
-23.55
-28.49
-33.64
-38.55
-42.63
-45.10
-45.10
-41.98
-35.56
-26.43
-15.82
-5.26
4.10
11.66
17.47
21.92
25.35
27.87
29.38
29.84
29.38
28.37
27.26
26.37
25.81
25.46
25.15
24.73
24.15
23.36
22.38
21.20
19.82
18.21
16.29
13.94
11.00
7.38
3.18
-1.38
-5.98
-10.37
-14.46
-18.43
-22.63
-27.50
-33.30
-39.83
-46.37
-51.77
-54.74
-54.35
-50.35
-43.32
-34.40
-24.89
-15.79
-7.68
-0.66
5.35
10.54
14.95
18.66
21.58
23.54
24.37
24.00
22.65
20.81
19.17
18.25
18.18
18.63
19.02
18.89
18.11
16.95
15.74
14.69
13.70
12.51
10.86
8.63
5.93
2.95
-0.12
-3.26
-6.50
-10.00
-13.87
-18.16
-22.86
-27.93
-33.39
-39.19
-45.12
-50.62
-54.78
-56.51
-54.89
-49.56
-40.92
-30.04
-18.32
-7.02
3.02
11.43
18.22
23.52
27.43
30.11
31.80
32.82
33.52
34.14
34.68
35.01
34.93
34.35
33.35
32.18
31.15
30.50
30.32
30.42
30.41
29.80
28.23
25.58
22.07
18.23
14.64
11.61
9.00
6.34
3.03
-1.21
-6.26
-11.54
-16.42
-20.52
-23.89
-26.99
-30.49
-34.91
-40.45
-46.77
-52.97
-57.79
-59.89
-58.19
-52.32
-42.80
-30.87
-18.25
-6.52
3.24
10.67
15.96
19.66
22.25
24.02
25.03
25.28
24.81
23.90
22.86
21.94
21.19
20.47
19.65
18.74
17.95
17.60
17.88
18.69
19.63
20.20
19.95
18.74
16.64
13.85
10.55
6.86
2.85
-1.26
-5.19
-8.65
-11.54
-14.03
-16.55
-19.63
-23.64
-28.66
-34.39
-40.11
-44.85
-47.58
-47.40
-43.87
-37.17
-28.17
-18.00
-7.91
1.20
8.87
14.97
19.54
22.60
24.17
24.38
23.66
22.55
21.70
21.49
21.88
22.55
23.03
23.00
22.43
21.61
20.94
20.76
21.16
21.87
22.42
22.28
21.14
18.97
16.03
12.75
9.47
6.39
3.43
0.35
-3.16
-7.42
-12.57
-18.48
-24.70
-30.34
-34.29
-35.43
-33.04
-27.12
-18.37
-8.08
2.36
11.85
19.87
26.31
31.35
35.05
37.28
37.80
36.53
33.81
30.27
26.70
23.61
21.04
18.62
15.79
12.22
8.09
4.03
0.79
-1.12
-1.75
-1.68
-1.75
-2.72
-4.83
-7.92
-11.51
-15.14
-18.51
-21.66
-24.81
-28.28
-32.35
-37.19
-42.84
-48.95
-54.79
-59.23
-61.06
-59.38
-53.98
-45.51
-35.21
-24.49
-14.46
-5.66
1.86
8.27
13.71
18.07
21.19
22.87
23.18
22.42
21.06
19.59
18.38
17.63
17.34
17.40
17.66
17.94
18.07
17.90
17.39
16.54
15.42
13.99
12.16
9.77
6.70
2.97
-1.24
-5.63
-9.95
-14.05
-17.97
-21.88
-26.03
-30.70
-36.03
-42.02
-48.26
-53.86
-57.53
-57.98
-54.34
-46.61
-35.80
-23.59
-11.82
-1.84
5.78
11.34
15.50
18.90
21.80
24.06
25.47
25.97
25.86
25.62
25.63
25.93
26.14
25.80
24.66
22.96
21.24
20.05
19.57
19.43
18.92
17.33
14.32
10.07
5.20
0.46
-3.61
-6.89
-9.76
-12.85
-16.80
-21.95
-28.18
-34.97
-41.54
-47.09
-50.91
-52.49
-51.42
-47.53
-40.87
-31.94
-21.56
-10.90
-1.14
6.85
12.71
16.69
19.35
21.28
22.84
24.03
24.60
24.41
23.47
22.06
20.54
19.20
18.08
17.14
16.33
15.71
15.37
15.26
15.14
14.61
13.32
11.19
8.47
5.56
2.72
-0.09
-3.26
-7.28
-12.50
-18.90
-25.94
-32.71
-38.06
-40.92
-40.53
-36.66
-29.69
-20.52
-10.34
-0.26
8.81
16.36
22.23
26.44
29.16
30.60
30.97
30.47
29.37
27.92
26.31
24.69
23.09
21.50
19.93
18.52
17.42
16.73
16.41
16.15
15.50
13.95
11.28
7.63
3.45
-0.71
-4.50
-7.91
-11.30
-15.14
-19.84
-25.50
-31.98
-38.85
-45.43
-50.87
-54.15
-54.27
-50.54
-42.92
-32.19
-19.87
-7.75
2.68
10.69
16.36
20.39
23.56
26.36
28.83
30.67
31.62
31.69
31.13
30.39
29.74
29.13
28.21
26.66
24.48
22.08
20.14
19.18
19.19
19.57
19.32
17.67
14.38
9.86
4.92
0.28
-3.77
-7.40
-11.02
-14.99
-19.53
-24.66
-30.45
-36.96
-44.05
-51.16
-57.16
-60.66
-60.43
-55.94
-47.57
-36.47
-24.09
-11.74
-0.34
9.62
17.91
24.43
29.15
32.18
33.85
34.60
34.90
35.07
35.23
35.31
35.18
34.77
34.09
33.31
32.64
32.30
32.28
32.39
32.23
31.37
29.55
26.78
23.41
19.86
16.48
13.37
10.32
6.98
3.07
-1.38
-6.07
-10.51
-14.38
-17.63
-20.59
-23.78
-27.72
-32.74
-38.89
-45.86
-52.97
-59.12
-62.99
-63.32
-59.33
-51.12
-39.69
-26.67
-13.84
-2.55
6.53
13.45
18.69
22.81
26.17
28.95
31.08
32.51
33.25
33.44
33.28
32.94
32.48
31.90
31.27
30.74
30.57
30.93
31.76
32.67
33.11
32.59
30.86
28.11
24.82
21.52
18.59
16.07
13.76
11.26
8.18
4.32
-0.21
-5.14
-10.07
-14.65
-18.70
-22.22
-25.47
-28.78
-32.57
-37.16
-42.60
-48.49
-53.97
-57.88
-59.08
-56.81
-50.95
-42.01
-30.96
-18.98
-7.25
3.27
11.83
18.06
21.94
23.89
24.53
24.52
24.29
24.01
23.58
22.87
21.85
20.64
19.47
18.50
17.80
17.41
17.28
17.47
17.98
18.67
19.19
18.95
17.40
14.32
9.92
4.86
-0.04
-4.14
-7.23
-9.64
-11.95
-14.76
-18.49
-23.26
-28.92
-35.10
-41.22
-46.38
-49.59
-49.88
-46.75
-40.34
-31.42
-21.12
-10.49
-0.31
9.01
17.15
23.74
28.28
30.44
30.19
28.07
25.01
22.06
20.04
19.26
19.55
20.37
21.14
21.45
21.10
20.19
18.98
17.75
16.66
15.68
14.59
12.98
10.47
6.79
1.96
-3.63
-9.32
-14.36
-18.29
-21.12
-23.44
-26.20
-30.29
-36.10
-43.27
-50.70
-56.89
-60.41
-60.27
-56.18
-48.53
-38.22
-26.52
-14.76
-4.04
4.88
11.69
16.57
19.93
22.19
23.63
24.44
24.75
24.78
24.79
24.94
25.24
25.45
25.27
24.54
23.36
22.01
20.82
20.00
19.54
19.32
19.08
18.55
17.44
15.48
12.55
8.75
4.45
0.20
-3.55
-6.73
-9.63
-12.81
-16.77
-21.75
-27.64
-34.07
-40.54
-46.51
-51.35
-54.34
-54.65
-51.71
-45.34
-36.04
-24.83
-13.08
-2.10
7.16
14.26
19.25
22.55
24.74
26.29
27.44
28.12
28.09
27.15
25.35
23.07
20.89
19.39
18.80
18.97
19.50
19.89
19.83
19.23
18.15
16.75
15.11
13.27
11.21
8.92
6.38
3.61
0.58
-2.70
-6.29
-10.17
-14.22
-18.30
-22.28
-26.22
-30.40
-35.21
-40.91
-47.30
-53.61
-58.57
-60.78
-59.23
-53.65
-44.62
-33.44
-21.64
-10.58
-1.13
6.48
12.47
17.30
21.34
24.74
27.41
29.21
30.10
30.19
29.69
28.77
27.49
25.88
24.03
22.20
20.76
20.07
20.16
20.67
21.02
20.60
19.11
16.59
13.30
9.57
5.63
1.60
-2.37
-6.11
-9.39
-12.14
-14.60
-17.32
-21.03
-26.18
-32.55
-39.05
-44.09
-46.14
-44.44
-39.24
-31.55
-22.63
-13.42
-4.41
4.21
12.11
18.77
23.57
26.21
26.93
26.44
25.58
24.85
24.37
23.94
23.35
22.52
21.58
20.62
19.71
18.88
18.15
17.57
17.15
16.65
15.67
13.74
10.60
6.39
1.64
-2.99
-6.97
-10.19
-13.04
-16.21
-20.43
-26.03
-32.71
-39.45
-44.77
-47.15
-45.60
-40.07
-31.36
-20.99
-10.51
-1.09
6.80
13.19
18.47
22.94
26.68
29.59
31.48
32.23
31.84
30.47
28.39
25.98
23.62
21.64
20.24
19.42
18.96
18.59
18.09
17.38
16.47
15.33
13.71
11.31
7.82
3.21
-2.22
-7.91
-13.29
-18.05
-22.25
-26.30
-30.69
-35.84
-41.81
-48.27
-54.47
-59.39
-61.94
-61.25
-57.02
-49.60
-39.97
-29.42
-19.07
-9.66
-1.48
5.40
11.01
15.28
18.15
19.70
20.29
20.37
20.33
20.37
20.36
20.16
19.62
18.87
18.20
17.98
18.42
19.51
20.95
22.35
23.30
23.50
22.83
21.39
19.36
16.99
14.43
11.70
8.79
5.67
2.48
-0.60
-3.41
-6.09
-9.03
-12.81
-17.99
-24.74
-32.68
-40.78
-47.56
-51.43
-51.22
-46.56
-38.04
-27.07
-15.34
-4.25
5.51
13.95
21.38
27.96
33.43
37.31
39.22
39.32
38.29
36.96
35.92
35.18
34.43
33.25
31.60
29.81
28.39
27.67
27.57
27.69
27.51
26.71
25.24
23.27
20.98
18.47
15.69
12.47
8.69
4.28
-0.65
-5.84
-10.93
-15.48
-19.19
-22.03
-24.39
-26.99
-30.73
-36.17
-43.15
-50.67
-57.03
-60.37
-59.41
-53.90
-44.72
-33.58
-22.23
-11.98
-3.33
3.86
9.93
15.09
19.26
22.13
23.41
23.15
21.69
19.58
17.46
15.75
14.68
14.28
14.46
15.04
15.85
16.75
17.61
18.33
18.81
18.91
18.46
17.20
14.96
11.79
7.96
3.93
0.16
-3.15
-6.11
-9.16
-12.81
-17.46
-23.18
-29.69
-36.35
-42.22
-46.21
-47.24
-44.65
-38.45
-29.43
-18.97
-8.56
0.63
8.17
14.18
19.04
23.01
26.00
27.76
28.06
27.09
25.36
23.53
22.08
21.18
20.65
20.24
19.75
19.17
18.59
18.15
17.88
17.69
17.38
16.71
15.46
13.43
10.54
6.94
2.91
-1.13
-4.91
-8.48
-12.20
-16.55
-21.85
-27.92
-34.10
-39.36
-42.62
-43.20
-40.88
-36.03
-29.29
-21.38
-12.86
-4.18
4.29
12.09
18.74
23.84
27.14
28.66
28.66
27.52
25.71
23.65
21.80
20.56
20.21
20.81
22.06
23.43
24.34
24.45
23.77
22.61
21.38
20.28
19.21
17.76
15.57
12.38
8.43
4.19
0.25
-3.11
-6.09
-9.24
-13.20
-18.35
-24.61
-31.41
-37.98
-43.54
-47.42
-49.22
-48.64
-45.60
-40.31
-33.25
-25.13
-16.77
-8.98
-2.38
2.71
6.30
8.73
10.63
12.66
15.24
18.35
21.49
23.93
25.05
24.70
23.27
21.52
20.18
19.64
19.84
20.39
20.75
20.41
19.06
16.58
13.00
8.52
3.41
-1.88
-6.90
-11.20
-14.61
-17.34
-20.06
-23.60
-28.65
-35.24
-42.53
-48.96
-52.74
-52.56
-48.11
-40.13
-30.12
-19.72
-10.23
-2.35
3.68
8.02
10.90
12.58
13.30
13.37
13.06
12.56
11.94
11.18
10.18
8.94
7.47
5.94
4.48
3.20
2.07
0.98
-0.26
-1.85
-3.80
-6.09
-8.54
-11.05
-13.56
-16.16
-18.98
-22.24
-26.18
-31.02
-36.79
-43.12
-49.14
-53.50
-54.74
-51.84
-44.62
-33.88
-21.16
-8.19
3.63
13.57
21.48
27.55
32.01
34.95
36.41
36.50
35.53
34.01
32.44
31.05
29.79
28.38
26.58
24.40
22.16
20.32
19.14
18.55
18.09
17.17
15.34
12.55
9.08
5.40
1.90
-1.27
-4.22
-7.22
-10.63
-14.71
-19.61
-25.36
-31.77
-38.35
-44.34
-48.72
-50.41
-48.54
-42.79
-33.55
-21.92
-9.49
2.11
11.64
18.58
23.24
26.48
29.25
32.17
35.20
37.82
39.38
39.55
38.46
36.62
34.67
32.99
31.61
30.34
29.00
27.63
26.43
25.67
25.40
25.34
24.96
23.68
21.15
17.35
12.61
7.46
2.37
-2.35
-6.69
-10.78
-14.86
-19.19
-24.07
-29.72
-36.21
-43.12
-49.49
-53.89
-54.91
-51.65
-44.22
-33.73
-21.86
-10.29
-0.22
7.89
14.10
18.78
22.23
24.71
26.38
27.29
27.49
26.93
25.63
23.64
21.23
18.84
17.01
16.17
16.34
17.12
17.84
17.89
17.06
15.67
14.40
13.82
14.02
14.52
14.44
13.07
10.19
6.22
1.90
-2.12
-5.72
-9.19
-13.06
-17.69
-23.11
-29.05
-35.04
-40.65
-45.41
-48.75
-50.10
-48.91
-44.99
-38.57
-30.31
-21.10
-11.80
-3.18
4.27
10.14
14.20
16.38
16.91
16.27
15.03
13.72
12.57
11.53
10.40
9.07
7.59
6.18
5.08
4.43
4.27
4.47
4.87
5.20
5.15
4.42
2.87
0.58
-2.18
-4.93
-7.40
-9.51
-11.61
-14.27
-18.04
-23.19
-29.49
-36.15
-42.01
-45.77
-46.41
-43.41
-37.00
-28.04
-17.84
-7.76
1.11
8.03
12.81
15.60
16.84
17.05
16.67
15.95
14.94
13.58
11.86
9.95
8.24
7.11
6.85
7.44
8.58
9.82
10.66
10.76
9.90
8.05
5.37
2.09
-1.50
-5.15
-8.71
-12.17
-15.62
-19.30
-23.49
-28.44
-34.17
-40.21
-45.61
-49.02
-49.10
-45.06
-37.10
-26.33
-14.38
-2.86
7.11
14.98
20.72
24.56
26.84
28.00
28.50
28.73
28.92
29.02
28.84
28.21
27.13
25.76
24.28
22.78
21.23
19.58
17.84
16.13
14.55
13.00
11.18
8.71
5.43
1.46
-2.76
-6.74
-10.24
-13.37
-16.53
-20.24
-24.81
-30.30
-36.33
-42.19
-46.88
-49.35
-48.70
-44.51
-37.03
-27.19
-16.30
-5.74
3.56
11.19
17.21
21.98
25.83
29.03
31.67
33.79
35.44
36.67
37.56
38.07
38.17
37.78
36.86
35.37
33.36
30.97
28.38
25.81
23.39
21.07
18.63
15.77
12.33
8.38
4.20
0.11
-3.70
-7.33
-11.02
-15.08
-19.69
-24.93
-30.83
-37.31
-44.10
-50.52
-55.52
-57.83
-56.51
-51.27
-42.70
-31.98
-20.54
-9.61
0.03
7.95
14.02
18.26
20.83
22.11
22.61
22.88
23.29
23.93
24.58
24.82
24.35
23.08
21.12
18.75
16.34
14.16
12.40
11.12
10.29
9.72
9.10
8.07
6.33
3.81
0.74
-2.41
-5.27
-7.71
-10.00
-12.64
-16.10
-20.57
-25.85
-31.44
-36.61
-40.59
-42.63
-42.19
-39.01
-33.23
-25.46
-16.58
-7.57
0.75
7.89
13.61
17.89
20.83
22.56
23.25
23.12
22.40
21.30
19.95
18.41
16.70
14.75
12.61
10.43
8.53
7.30
6.99
7.54
8.41
8.90
8.29
6.31
3.17
-0.47
-3.88
-6.59
-8.52
-10.08
-11.89
-14.66
-18.88
-24.60
-31.28
-37.76
-42.49
-44.04
-41.62
-35.48
-26.80
-17.18
-8.04
-0.10
6.58
12.30
17.31
21.45
24.32
25.56
25.16
23.59
21.60
19.89
18.78
18.13
17.48
16.37
14.54
12.01
9.09
6.15
3.51
1.27
-0.64
-2.46
-4.45
-6.84
-9.83
-13.51
-17.85
-22.62
-27.45
-31.89
-35.63
-38.64
-41.17
-43.75
-46.82
-50.54
-54.50
-57.70
-58.91
-57.09
-51.81
-43.43
-32.88
-21.37
-9.91
0.87
10.66
19.26
26.37
31.60
34.66
35.63
35.05
33.81
32.80
32.53
32.98
33.66
33.88
33.13
31.33
28.92
26.57
24.86
23.98
23.62
23.24
22.32
20.66
18.35
15.52
12.23
8.34
3.73
-1.54
-7.13
-12.52
-17.30
-21.50
-25.50
-29.89
-35.04
-40.77
-46.20
-50.03
-50.90
-47.92
-41.08
-31.20
-19.73
-8.30
1.83
10.09
16.57
21.71
25.87
29.11
31.21
31.91
31.18
29.43
27.28
25.44
24.22
23.56
23.01
22.12
20.68
18.90
17.33
16.44
16.36
16.62
16.42
14.90
11.65
6.95
1.61
-3.40
-7.41
-10.37
-12.75
-15.21
-18.34
-22.43
-27.51
-33.37
-39.61
-45.55
-50.15
-52.15
-50.43
-44.48
-34.78
-22.69
-10.09
1.35
10.60
17.45
22.28
25.61
27.79
28.99
29.28
28.84
28.01
27.15
26.42
25.80
25.03
23.93
22.48
20.81
19.16
17.70
16.53
15.56
14.64
13.58
12.17
10.18
7.41
3.76
-0.59
-5.25
-9.80
-13.96
-17.78
-21.75
-26.48
-32.45
-39.58
-47.00
-53.28
-56.74
-56.15
-51.12
-42.25
-30.86
-18.51
-6.62
3.91
12.58
19.29
24.13
27.37
29.31
30.33
30.72
30.70
30.39
29.87
29.21
28.52
27.85
27.09
26.13
24.82
23.22
21.63
20.35
19.55
19.02
18.26
16.66
13.92
10.12
5.73
1.24
-3.08
-7.23
-11.46
-15.96
-20.84
-26.10
-31.75
-37.87
-44.31
-50.44
-55.11
-56.89
-54.61
-48.02
-37.94
-26.02
-14.05
-3.37
5.55
12.92
19.23
24.79
29.60
33.35
35.70
36.54
36.02
34.55
32.66
30.82
29.35
28.30
27.49
26.68
25.58
24.13
22.47
20.95
19.89
19.40
19.17
18.53
16.71
13.21
8.06
1.87
-4.39
-9.82
-13.98
-17.07
-19.83
-23.15
-27.73
-33.81
-41.07
-48.76
-55.82
-61.00
-63.07
-61.06
-54.61
-44.20
-31.12
-17.19
-4.12
6.91
15.53
22.00
26.82
30.38
32.79
34.01
34.07
33.21
31.78
30.13
28.42
26.67
24.83
22.98
21.34
20.20
19.72
19.80
20.15
20.27
19.75
18.32
15.85
12.41
8.15
3.32
-1.74
-6.62
-11.03
-14.89
-18.49
-22.46
-27.48
-33.89
-41.31
-48.60
-54.14
-56.44
-54.69
-48.97
-40.14
-29.39
-17.89
-6.60
3.80
12.77
19.91
25.06
28.34
30.15
31.02
31.42
31.55
31.40
30.81
29.68
28.00
25.92
23.75
21.77
20.23
19.26
18.74
18.41
17.79
16.47
14.18
10.90
6.86
2.43
-2.04
-6.39
-10.67
-15.14
-20.14
-25.97
-32.63
-39.68
-46.23
-51.00
-52.70
-50.45
-44.07
-34.19
-22.12
-9.33
2.84
13.45
21.93
28.02
31.73
33.39
33.63
33.21
32.79
32.61
32.48
31.96
30.81
29.07
27.11
25.32
23.93
22.89
22.05
21.31
20.62
19.87
18.71
16.64
13.25
8.46
2.73
-3.16
-8.51
-12.99
-16.88
-20.81
-25.52
-31.49
-38.66
-46.41
-53.55
-58.60
-60.15
-57.31
-50.05
-39.24
-26.44
-13.44
-1.67
8.05
15.66
21.56
26.29
30.16
33.23
35.45
36.79
37.45
37.69
37.74
37.51
36.70
34.96
32.21
28.75
25.20
22.27
20.32
19.26
18.53
17.54
15.83
13.35
10.24
6.76
3.07
-0.79
-4.80
-8.90
-13.04
-17.30
-22.00
-27.69
-34.86
-43.51
-52.88
-61.33
-66.85
-67.74
-63.35
-54.32
-42.36
-29.56
-17.56
-7.22
1.44
8.87
15.52
21.56
26.84
31.05
33.95
35.54
35.94
35.39
34.09
32.14
29.63
26.63
23.40
20.36
17.98
16.48
15.71
15.02
13.64
10.99
7.05
2.42
-1.97
-5.36
-7.48
-8.79
-10.27
-13.03
-17.86
-24.89
-33.43
-42.10
-49.19
-53.10
-52.79
-48.11
-39.76
-29.08
-17.52
-6.31
3.78
12.38
19.38
24.75
28.53
30.81
31.83
31.95
31.60
31.17
30.91
30.84
30.83
30.58
29.88
28.58
26.78
24.68
22.62
20.94
19.72
18.83
17.86
16.37
14.07
10.88
6.97
2.55
-2.19
-7.11
-12.11
-17.05
-21.92
-26.82
-32.01
-37.70
-43.74
-49.33
-53.08
-53.48
-49.52
-41.27
-29.92
-17.38
-5.49
4.57
12.47
18.51
23.13
26.66
29.17
30.73
31.43
31.55
31.37
31.06
30.61
29.93
28.95
27.74
26.55
25.66
25.25
25.36
25.70
25.84
25.30
23.74
21.09
17.57
13.50
9.21
4.90
0.71
-3.25
-6.80
-9.88
-12.58
-15.22
-18.26
-22.07
-26.82
-32.32
-38.11
-43.49
-47.63
-49.62
-48.64
-44.16
-36.27
-25.81
-14.25
-3.17
6.18
13.28
18.28
21.73
24.19
26.01
27.34
28.20
28.57
28.58
28.40
28.16
27.92
27.58
26.94
25.80
24.07
21.82
19.36
17.13
15.47
14.60
14.39
14.46
14.28
13.35
11.33
8.17
4.14
-0.24
-4.41
-7.92
-10.74
-13.20
-15.91
-19.33
-23.65
-28.66
-33.85
-38.62
-42.29
-44.15
-43.44
-39.60
-32.51
-22.83
-12.00
-1.75
6.46
12.04
15.42
17.61
19.53
21.50
23.12
23.65
22.54
19.79
15.92
11.61
7.35
3.31
-0.59
-4.36
-7.71
-10.15
-11.28
-11.02
-9.81
-8.42
-7.65
-8.02
-9.53
-11.85
-14.52
-17.17
-19.70
-22.19
-24.84
-27.76
-31.03
-34.57
-38.23
-41.71
-44.50
-45.91
-45.26
-42.06
-36.23
-28.29
-19.18
-9.99
-1.58
5.64
11.62
16.49
20.26
22.80
23.90
23.57
22.16
20.29
18.54
17.12
15.85
14.36
12.35
9.95
7.61
5.87
5.02
4.95
5.22
5.33
4.86
3.63
1.54
-1.34
-4.86
-8.78
-12.76
-16.54
-20.10
-23.76
-27.97
-33.12
-39.31
-46.13
-52.76
-58.10
-60.98
-60.54
-56.39
-48.82
-38.73
-27.40
-16.17
-6.03
2.49
9.39
14.95
19.51
23.30
26.40
28.83
30.61
31.88
32.82
33.60
34.17
34.29
33.56
31.67
28.68
25.13
21.88
19.74
18.99
19.28
19.71
19.28
17.40
14.08
9.88
5.51
1.52
-1.96
-5.11
-8.28
-11.83
-16.08
-21.17
-26.98
-32.93
-37.98
-40.82
-40.32
-36.02
-28.26
-18.22
-7.37
2.91
11.74
18.77
23.99
27.58
29.73
30.68
30.69
30.03
28.94
27.49
25.62
23.19
20.14
16.58
12.83
9.34
6.51
4.55
3.35
2.66
2.19
1.87
1.75
1.95
2.38
2.78
2.69
1.71
-0.36
-3.51
-7.56
-12.22
-17.01
-21.20
-23.87
-24.13
-21.45
-15.92
-8.27
0.38
8.88
16.45
22.73
27.72
31.53
34.21
35.67
35.83
34.72
32.58
29.84
27.00
24.45
22.41
20.82
19.49
18.25
17.06
16.07
15.45
15.18
15.03
14.57
13.35
11.10
7.72
3.20
-2.44
-9.25
-17.20
-25.98
-34.91
-43.02
-49.27
-52.88
-53.51
-51.37
-46.98
-41.10
-34.45
-27.63
-21.15
-15.31
-10.28
-6.14
-2.96
-0.87
0.00
-0.41
-1.88
-3.90
-5.86
-7.28
-8.06
-8.51
-9.12
-10.19
-11.63
-13.01
-13.84
-13.93
-13.56
-13.30
-13.78
-15.30
-17.81
-21.05
-24.75
-28.82
-33.31
-38.04
-42.49
-45.66
-46.51
-44.33
-39.08
-31.46
-22.60
-13.67
-5.56
1.24
6.55
10.30
12.43
12.96
12.08
10.25
7.99
5.70
3.56
1.52
-0.51
-2.43
-4.01
-4.90
-4.97
-4.27
-3.11
-1.80
-0.50
0.79
2.11
3.41
4.33
4.44
3.32
0.93
-2.37
-5.83
-8.45
-9.29
-7.70
-3.39
3.43
12.15
21.89
31.59
40.25
47.09
51.68
53.85
53.77
51.76
48.28
43.92
39.30
34.99
31.35
28.43
26.07
23.97
21.92
19.91
18.11
16.67
15.61
14.80
13.93
12.74
11.08
8.96
6.46
3.62
0.36
-3.45
-7.94
-13.04
-18.34
-23.00
-25.99
-26.29
-23.39
-17.50
-9.51
-0.76
7.42
14.12
19.01
22.31
24.45
25.85
26.80
27.36
27.54
27.35
26.84
26.08
25.15
24.03
22.61
20.81
18.58
16.00
13.32
10.85
8.91
7.60
6.80
6.10
4.93
2.87
-0.33
-4.45
-8.93
-13.14
-16.50
-18.68
-19.56
-19.06
-17.03
-13.27
-7.85
-1.21
5.78
12.05
16.82
19.84
21.46
22.26
22.68
22.81
22.44
21.41
19.83
18.06
16.49
15.24
14.03
12.37
9.96
6.84
3.48
0.44
-1.95
-3.75
-5.47
-7.71
-10.88
-15.03
-19.77
-24.46
-28.33
-30.75
-31.30
-29.87
-26.59
-21.81
-15.98
-9.62
-3.22
2.70
7.74
11.68
14.46
16.26
17.37
18.04
18.40
18.43
18.06
17.26
16.25
15.33
14.83
14.85
15.17
15.33
14.77
13.13
10.39
6.85
3.01
-0.69
-4.09
-7.35
-10.87
-15.06
-20.01
-25.38
-30.40
-34.16
-35.84
-35.08
-32.06
-27.34
-21.73
-15.96
-10.53
-5.72
-1.63
1.68
4.13
5.61
6.15
5.99
5.54
5.28
5.48
6.02
6.54
6.58
5.96
4.79
3.44
2.29
1.42
0.59
-0.53
-2.16
-4.21
-6.49
-8.90
-11.67
-15.17
-19.65
-24.84
-29.90
-33.65
-35.06
-33.70
-29.88
-24.43
-18.31
-12.27
-6.67
-1.60
2.96
6.92
10.14
12.51
13.95
14.45
14.08
12.93
11.15
9.03
6.89
5.09
3.77
2.87
2.09
1.15
-0.14
-1.71
-3.41
-5.08
-6.69
-8.33
-10.14
-12.19
-14.47
-17.03
-19.98
-23.44
-27.38
-31.50
-35.14
-37.46
-37.71
-35.52
-31.00
-24.72
-17.49
-10.21
-3.69
1.51
5.18
7.52
9.07
10.43
12.07
14.07
16.06
17.58
18.21
17.91
16.85
15.41
13.97
12.79
12.01
11.65
11.62
11.70
11.55
10.79
9.24
6.96
4.27
1.62
-0.62
-2.31
-3.53
-4.65
-6.17
-8.50
-11.92
-16.33
-21.22
-25.76
-29.05
-30.36
-29.39
-26.25
-21.46
-15.74
-9.80
-4.29
0.42
4.20
7.14
9.38
11.09
12.33
13.10
13.36
13.12
12.39
11.22
9.70
7.96
6.16
4.50
3.15
2.24
1.80
1.73
1.93
2.22
2.40
2.25
1.50
-0.04
-2.35
-5.14
-8.02
-10.70
-13.23
-15.88
-19.07
-23.04
-27.56
-31.96
-35.28
-36.58
-35.34
-31.63
-26.07
-19.56
-13.00
-7.05
-2.05
1.88
4.72
6.47
7.18
6.98
6.19
5.17
4.24
3.49
2.79
1.86
0.48
-1.26
-3.03
-4.30
-4.67
-4.10
-3.06
-2.32
-2.64
-4.37
-7.29
-10.75
-13.98
-16.52
-18.47
-20.41
-23.01
-26.67
-31.26
-36.24
-40.77
-44.11
-45.72
-45.28
-42.62
-37.77
-31.01
-22.94
-14.43
-6.50
0.03
4.78
7.79
9.47
10.25
10.41
10.09
9.31
8.20
6.94
5.75
4.79
4.10
3.60
3.20
2.84
2.52
2.24
1.97
1.64
1.08
0.09
-1.50
-3.72
-6.49
-9.57
-12.73
-15.92
-19.34
-23.46
-28.71
-35.13
-42.08
-48.27
-52.08
-52.17
-48.01
-40.09
-29.75
-18.65
-8.16
0.93
8.43
14.54
19.49
23.34
26.01
27.39
27.55
26.73
25.30
23.56
21.69
19.82
18.09
16.72
15.91
15.76
16.06
16.36
16.14
15.07
13.03
10.27
7.12
3.88
0.77
-2.12
-4.78
-7.26
-9.83
-13.01
-17.40
-23.47
-31.17
-39.67
-47.48
-52.89
-54.42
-51.32
-43.77
-32.76
-19.79
-6.47
5.91
16.50
24.96
31.32
35.72
38.44
39.73
39.95
39.51
38.82
38.12
37.45
36.68
35.69
34.41
33.00
31.76
30.91
30.50
30.31
29.95
28.96
27.06
24.21
20.62
16.67
12.69
8.92
5.34
1.77
-2.06
-6.49
-11.72
-17.92
-24.97
-32.47
-39.49
-44.74
-46.83
-44.79
-38.53
-28.85
-17.21
-5.19
5.98
15.59
23.32
29.00
32.51
33.75
32.83
30.11
26.25
21.95
17.88
14.48
12.00
10.50
9.91
10.09
10.75
11.61
12.39
12.87
12.90
12.40
11.34
9.76
7.72
5.26
2.40
-0.91
-4.77
-9.22
-14.24
-19.74
-25.60
-31.69
-37.79
-43.42
-47.74
-49.66
-48.19
-42.85
-33.97
-22.61
-10.25
1.73
12.37
21.26
28.32
33.58
37.00
38.56
38.27
36.37
33.32
29.78
26.45
23.89
22.40
21.84
21.73
21.43
20.52
18.99
17.29
15.99
15.46
15.54
15.66
15.13
13.51
10.86
7.50
3.72
-0.62
-5.90
-12.51
-20.20
-27.86
-33.71
-36.02
-33.84
-27.43
-18.17
-7.83
2.03
10.63
17.84
23.84
28.73
32.37
34.55
35.23
34.70
33.32
31.45
29.17
26.41
23.19
19.75
16.63
14.29
12.93
12.42
12.33
12.22
11.79
10.96
9.67
7.85
5.35
2.10
-1.84
-6.26
-10.90
-15.64
-20.42
-25.13
-29.31
-32.12
-32.52
-29.65
-23.27
-14.00
-3.12
7.83
17.56
25.37
31.21
35.40
38.22
39.79
40.03
38.95
36.74
33.86
30.91
28.31
26.27
24.74
23.55
22.53
21.58
20.57
19.40
17.95
16.18
14.20
12.20
10.24
8.08
5.22
1.06
-4.81
-12.30
-20.74
-29.04
-36.05
-40.74
-42.44
-40.86
-36.02
-28.35
-18.63
-7.96
2.46
11.58
18.89
24.46
28.76
32.33
35.42
37.96
39.61
40.17
39.63
38.26
36.39
34.20
31.74
29.03
26.25
23.69
21.64
20.15
18.82
17.04
14.10
9.68
3.91
-2.66
-9.39
-15.73
-21.42
-26.43
-30.88
-35.01
-39.19
-43.82
-49.13
-54.93
-60.36
-64.08
-64.66
-61.22
-53.85
-43.59
-32.06
-20.85
-10.94
-2.67
4.11
9.61
13.91
16.89
18.51
19.03
19.00
19.11
19.79
21.01
22.34
23.16
23.13
22.34
21.30
20.65
20.68
21.25
21.87
21.96
21.27
19.89
18.21
16.61
15.24
14.03
12.77
11.26
9.40
7.21
4.70
1.89
-1.20
-4.47
-7.74
-10.95
-14.18
-17.78
-22.08
-27.16
-32.64
-37.67
-41.23
-42.51
-41.16
-37.34
-31.56
-24.34
-16.24
-7.73
0.64
8.25
14.51
18.99
21.63
22.75
22.93
22.75
22.60
22.56
22.48
22.15
21.48
20.62
19.85
19.45
19.47
19.72
19.88
19.73
19.28
18.70
18.18
17.79
17.37
16.58
15.14
12.92
10.01
6.72
3.44
0.53
-1.86
-3.78
-5.58
-7.68
-10.50
-14.18
-18.54
-23.18
-27.58
-31.26
-33.82
-34.89
-34.15
-31.47
-26.98
-21.11
-14.54
-7.96
-1.90
3.34
7.68
11.12
13.57
14.96
15.27
14.64
13.37
11.92
10.65
9.84
9.55
9.66
9.93
10.13
10.06
9.71
9.20
8.76
8.59
8.78
9.22
9.62
9.61
8.86
7.18
4.58
1.32
-2.25
-5.67
-8.63
-11.02
-12.95
-14.73
-16.70
-19.18
-22.28
-25.86
-29.57
-32.83
-34.90
-35.06
-32.82
-28.08
-21.24
-13.08
-4.58
3.36
10.01
14.94
18.02
19.45
19.65
19.25
18.84
18.77
19.04
19.31
19.17
18.41
17.23
16.10
15.50
15.60
16.16
16.69
16.67
15.81
14.06
11.60
8.62
5.33
1.84
-1.70
-5.12
-8.31
-11.19
-13.78
-16.13
-18.24
-20.12
-21.81
-23.51
-25.61
-28.62
-32.89
-38.39
-44.54
-50.28
-54.47
-56.18
-55.02
-51.20
-45.31
-38.13
-30.35
-22.49
-14.93
-7.96
-1.82
3.39
7.62
10.92
13.39
15.12
16.10
16.39
16.04
15.22
14.18
13.19
12.46
12.09
12.11
12.49
13.13
13.89
14.53
14.81
14.50
13.52
11.98
10.10
8.10
6.05
3.81
1.15
-2.09
-5.82
-9.71
-13.32
-16.38
-18.92
-21.16
-23.42
-25.87
-28.53
-31.39
-34.49
-37.80
-41.08
-43.65
-44.50
-42.67
-37.78
-30.30
-21.51
-12.92
-5.62
0.06
4.50
8.31
11.80
14.78
16.73
17.21
16.24
14.33
12.18
10.41
9.29
8.65
8.22
7.77
7.29
6.86
6.57
6.33
5.93
5.21
4.18
2.98
1.84
0.81
-0.18
-1.32
-2.68
-4.09
-5.27
-6.06
-6.70
-7.85
-10.32
-14.58
-20.42
-26.76
-32.13
-35.12
-34.89
-31.39
-25.15
-16.94
-7.45
2.69
12.86
22.29
30.14
35.72
38.76
39.56
38.85
37.46
36.02
34.84
33.89
32.90
31.62
29.80
27.34
24.40
21.34
18.65
16.74
15.70
15.24
14.73
13.52
11.20
7.84
3.77
-0.40
-4.24
-7.55
-10.42
-13.11
-15.81
-18.69
-21.78
-25.18
-29.00
-33.30
-37.94
-42.30
-45.39
-46.06
-43.52
-37.64
-29.12
-19.20
-9.15
0.11
8.18
14.93
20.29
24.01
25.84
25.74
24.04
21.43
18.68
16.42
14.78
13.62
12.55
11.24
9.54
7.56
5.58
3.93
2.89
2.57
2.72
2.85
2.38
0.89
-1.70
-5.12
-8.96
-12.93
-16.93
-21.04
-25.36
-29.85
-34.36
-38.69
-42.89
-47.20
-51.85
-56.84
-61.59
-65.02
-65.81
-63.00
-56.44
-46.83
-35.49
-23.88
-13.02
-3.37
5.11
12.61
19.13
24.46
28.30
30.49
31.29
31.23
30.94
30.92
31.37
32.15
32.94
33.42
33.40
32.92
32.15
31.37
30.78
30.42
30.15
29.68
28.63
26.62
23.41
18.93
13.32
6.95
0.28
-6.19
-12.10
-17.28
-21.89
-26.31
-31.06
-36.49
-42.61
-48.92
-54.42
-57.89
-58.20
-54.72
-47.53
-37.40
-25.56
-13.33
-1.91
7.97
15.89
21.74
25.60
27.64
28.15
27.54
26.24
24.70
23.22
21.90
20.73
19.68
18.74
17.99
17.55
17.46
17.71
18.16
18.67
19.10
19.31
19.08
18.15
16.22
13.10
8.87
3.92
-1.13
-5.67
-9.35
-12.29
-15.01
-18.26
-22.58
-28.00
-33.82
-38.81
-41.54
-40.94
-36.67
-29.21
-19.67
-9.29
0.85
10.07
18.01
24.49
29.38
32.59
34.16
34.29
33.45
32.30
31.44
31.30
31.99
33.20
34.33
34.79
34.24
32.70
30.52
28.16
25.95
23.94
21.94
19.69
17.05
13.98
10.57
6.93
3.04
-1.08
-5.40
-9.78
-14.22
-18.86
-24.01
-29.89
-36.29
-42.35
-46.64
-47.68
-44.65
-37.74
-28.12
-17.50
-7.33
1.61
9.16
15.54
20.89
25.10
27.93
29.27
29.30
28.43
27.17
25.84
24.61
23.44
22.15
20.56
18.50
16.01
13.39
11.14
9.71
9.19
9.20
9.00
7.81
5.22
1.40
-3.05
-7.46
-11.36
-14.67
-17.63
-20.57
-23.78
-27.47
-31.88
-37.22
-43.51
-50.33
-56.75
-61.42
-63.05
-60.82
-54.66
-45.32
-34.05
-22.30
-11.27
-1.80
5.74
11.44
15.69
19.02
21.84
24.38
26.57
28.15
28.91
28.81
28.14
27.32
26.80
26.82
27.31
27.94
28.33
28.22
27.64
26.81
25.98
25.22
24.29
22.80
20.33
16.74
12.27
7.42
2.75
-1.36
-4.84
-7.88
-10.80
-13.95
-17.61
-22.02
-27.33
-33.49
-40.11
-46.36
-50.98
-52.59
-50.19
-43.58
-33.54
-21.70
-9.93
0.22
7.96
13.33
16.93
19.53
21.74
23.81
25.64
27.01
27.65
27.48
26.67
25.48
24.25
23.19
22.44
21.98
21.81
21.93
22.43
23.29
24.27
24.94
24.73
23.19
20.14
15.89
10.98
6.08
1.67
-2.04
-5.22
-8.28
-11.75
-16.12
-21.59
-27.92
-34.35
-39.67
-42.60
-42.10
-37.88
-30.40
-20.76
-10.29
-0.17
8.72
15.93
21.28
24.82
26.74
27.38
27.13
26.42
25.53
24.55
23.50
22.28
20.89
19.45
18.20
17.34
17.01
17.16
17.53
17.76
17.37
16.00
13.50
9.99
5.85
1.62
-2.21
-5.38
-7.97
-10.41
-13.32
-17.21
-22.29
-28.28
-34.45
-39.75
-43.15
-43.90
-41.61
-36.40
-28.74
-19.39
-9.30
0.59
9.45
16.69
22.04
25.62
27.78
28.91
29.29
29.11
28.53
27.71
26.96
26.47
26.25
26.08
25.62
24.78
23.78
23.09
23.10
23.87
24.98
25.77
25.70
24.57
22.57
20.00
17.02
13.64
9.80
5.55
1.09
-3.42
-8.07
-13.27
-19.53
-27.02
-35.13
-42.51
-47.44
-48.52
-45.34
-38.71
-30.31
-21.99
-15.06
-9.95
-6.31
-3.44
-0.87
1.49
3.36
4.52
4.99
5.07
5.01
4.97
4.83
4.41
3.68
2.85
2.29
2.27
2.78
3.58
4.36
4.97
5.47
5.91
6.18
5.91
4.69
2.34
-0.90
-4.50
-7.87
-10.66
-12.88
-14.76
-16.61
-18.65
-21.03
-23.95
-27.62
-32.19
-37.45
-42.70
-46.82
-48.52
-46.92
-41.75
-33.59
-23.60
-13.18
-3.59
4.33
10.33
14.62
17.64
19.89
21.67
23.04
23.83
23.88
23.24
22.17
21.08
20.38
20.27
20.67
21.35
22.06
22.69
23.20
23.63
23.91
23.88
23.39
22.36
20.78
18.74
16.39
13.81
11.09
8.24
5.32
2.28
-0.87
-4.16
-7.63
-11.28
-15.27
-19.83
-25.18
-31.33
-37.78
-43.43
-46.86
-46.84
-42.79
-35.17
-25.30
-14.89
-5.39
2.39
8.34
12.77
16.05
18.38
19.86
20.62
20.86
20.90
20.90
20.78
20.33
19.36
17.94
16.41
15.25
14.81
15.09
15.80
16.51
16.79
16.44
15.39
13.70
11.52
9.06
6.52
4.03
1.60
-0.89
-3.53
-6.37
-9.40
-12.57
-15.95
-19.62
-23.47
-26.99
-29.27
-29.29
-26.34
-20.50
-12.65
-4.10
3.91
10.69
16.14
20.49
23.88
26.19
27.10
26.51
24.62
21.95
19.15
16.66
14.62
12.93
11.53
10.42
9.73
9.53
9.71
9.96
9.92
9.33
8.11
6.31
3.97
1.08
-2.38
-6.39
-10.77
-15.30
-19.81
-24.35
-29.12
-34.27
-39.65
-44.54
-47.82
-48.35
-45.46
-39.26
-30.73
-21.35
-12.57
-5.27
0.32
4.57
8.01
11.00
13.62
15.67
16.89
17.17
16.48
15.02
13.06
10.94
9.05
7.74
7.26
7.65
8.66
9.79
10.47
10.25
8.90
6.53
3.43
-0.08
-3.65
-7.06
-10.14
-12.82
-15.22
-17.69
-20.76
-24.91
-30.24
-36.23
-41.72
-45.25
-45.52
-41.98
-34.98
-25.63
-15.40
-5.62
2.86
9.70
14.96
18.85
21.64
23.61
24.94
25.76
26.17
26.20
25.89
25.32
24.57
23.67
22.56
21.20
19.58
17.85
16.29
15.18
14.63
14.44
14.10
13.00
10.66
6.98
2.30
-2.70
-7.33
-11.16
-14.23
-16.97
-20.03
-23.91
-28.69
-33.93
-38.74
-42.02
-42.85
-40.76
-35.86
-28.79
-20.53
-12.07
-4.25
2.48
7.99
12.48
16.17
19.20
21.45
22.64
22.47
20.93
18.40
15.64
13.41
12.21
12.08
12.66
13.44
14.11
14.55
14.80
14.79
14.25
12.81
10.22
6.67
2.66
-1.16
-4.38
-7.00
-9.40
-12.07
-15.35
-19.32
-23.91
-28.94
-34.14
-39.00
-42.64
-43.93
-41.83
-35.88
-26.53
-15.07
-3.25
7.39
15.84
21.83
25.51
27.29
27.59
26.80
25.33
23.65
22.12
20.90
19.92
18.95
17.84
16.68
15.74
15.43
15.90
17.00
18.31
19.25
19.44
18.79
17.52
15.91
14.11
12.02
9.37
5.88
1.48
-3.67
-9.14
-14.34
-18.62
-21.31
-21.88
-20.10
-16.15
-10.71
-4.88
0.23
3.73
5.26
5.05
3.67
1.71
-0.44
-2.68
-5.10
-7.72
-10.39
-12.82
-14.60
-15.51
-15.54
-14.88
-13.88
-12.84
-11.99
-11.36
-10.88
-10.43
-9.97
-9.53
-9.20
-9.12
-9.41
-10.11
-11.26
-12.98
-15.30
-18.19
-21.21
-23.56
-24.35
-22.85
-18.85
-12.88
-5.94
0.81
6.44
10.53
13.11
14.46
14.88
14.45
13.06
10.55
6.90
2.39
-2.36
-6.66
-9.96
-12.09
-13.36
-14.26
-15.20
-16.21
-17.06
-17.44
-17.27
-16.81
-16.56
-17.00
-18.33
-20.46
-23.13
-26.21
-29.76
-33.99
-38.86
-43.83
-47.84
-49.52
-47.76
-42.16
-33.21
-22.20
-10.77
-0.31
8.31
14.87
19.73
23.32
26.07
28.23
29.81
30.72
30.85
30.15
28.68
26.60
24.12
21.47
18.79
16.12
13.38
10.50
7.49
4.45
1.58
-0.99
-3.30
-5.64
-8.40
-12.00
-16.77
-22.79
-29.85
-37.34
-44.27
-49.35
-51.34
-49.46
-43.69
-34.88
-24.47
-14.02
-4.67
3.11
9.32
14.31
18.30
21.30
23.26
24.22
24.46
24.43
24.40
24.37
23.99
22.79
20.62
17.75
14.86
12.65
11.47
11.12
11.04
10.72
9.98
9.06
8.31
7.81
7.20
5.76
2.84
-1.83
-7.93
-14.71
-21.19
-26.41
-29.57
-30.05
-27.55
-22.12
-14.28
-4.94
4.79
13.86
21.51
27.34
31.33
33.71
34.85
35.15
34.96
34.43
33.62
32.46
30.89
29.02
27.11
25.59
24.69
24.46
24.59
24.61
24.15
23.07
21.61
20.13
18.88
17.77
16.29
13.79
9.80
4.26
-2.49
-9.84
-17.28
-24.46
-31.10
-36.73
-40.56
-41.67
-39.37
-33.65
-25.26
-15.62
-6.27
1.65
7.62
11.83
14.77
17.00
18.75
20.01
20.54
20.14
18.83
16.84
14.60
12.51
10.80
9.54
8.67
8.08
7.72
7.52
7.26
6.61
5.20
2.88
-0.15
-3.34
-6.17
-8.45
-10.53
-13.13
-16.90
-21.91
-27.42
-32.11
-34.59
-34.02
-30.32
-24.15
-16.56
-8.58
-1.06
5.45
10.65
14.45
16.86
18.08
18.32
17.81
16.81
15.56
14.24
13.01
11.97
11.11
10.43
9.98
9.89
10.15
10.66
11.00
10.63
9.14
6.47
3.01
-0.64
-3.88
-6.43
-8.37
-10.01
-11.80
-14.14
-17.30
-21.36
-26.02
-30.57
-33.94
-34.96
-32.88
-27.65
-20.09
-11.48
-3.22
3.74
9.00
12.73
15.36
17.27
18.62
19.50
19.88
19.79
19.32
18.53
17.48
16.20
14.77
13.30
11.94
10.77
9.74
8.72
7.54
6.10
4.43
2.68
1.04
-0.35
-1.53
-2.59
-3.68
-4.93
-6.46
-8.43
-11.05
-14.52
-18.93
-24.15
-29.74
-34.94
-38.80
-40.37
-38.99
-34.52
-27.44
-18.68
-9.40
-0.67
6.78
12.62
16.87
19.72
21.41
22.09
21.95
21.17
20.06
18.91
17.91
17.09
16.37
15.67
15.02
14.57
14.50
14.89
15.58
16.20
16.41
16.01
15.05
13.70
12.12
10.36
8.35
6.03
3.41
0.58
-2.36
-5.31
-8.19
-10.95
-13.58
-16.18
-18.96
-22.21
-26.06
-30.26
-34.14
-36.65
-36.77
-33.91
-28.21
-20.47
-11.90
-3.63
3.57
9.40
13.90
17.27
19.65
21.15
21.83
21.78
21.14
19.98
18.31
16.11
13.44
10.49
7.58
5.05
3.08
1.68
0.72
0.09
-0.22
-0.19
0.15
0.62
0.84
0.41
-0.94
-3.15
-5.82
-8.43
-10.58
-12.17
-13.42
-14.78
-16.63
-19.13
-22.17
-25.47
-28.84
-32.21
-35.54
-38.59
-40.79
-41.28
-39.30
-34.53
-27.42
-18.98
-10.52
-3.13
2.56
6.43
8.72
9.76
9.95
9.67
9.26
8.99
8.95
8.98
8.79
8.18
7.17
6.06
5.24
5.01
5.31
5.87
6.22
5.98
4.97
3.19
0.77
-2.11
-5.26
-8.43
-11.34
-13.81
-15.81
-17.61
-19.67
-22.58
-26.64
-31.58
-36.50
-40.01
-40.83
-38.20
-32.30
-24.13
-15.09
-6.41
1.17
7.46
12.51
16.41
19.08
20.35
20.20
18.85
16.75
14.45
12.36
10.79
9.74
9.13
8.78
8.54
8.33
8.20
8.22
8.38
8.44
7.93
6.40
3.59
-0.33
-4.79
-9.13
-12.85
-15.91
-18.66
-21.70
-25.57
-30.50
-36.32
-42.41
-47.80
-51.35
-52.08
-49.36
-43.18
-34.15
-23.39
-12.26
-2.01
6.46
12.67
16.68
18.98
20.21
21.05
21.87
22.77
23.60
24.15
24.36
24.29
24.15
24.04
23.94
23.77
23.45
23.08
22.77
22.55
22.19
21.20
19.07
15.59
11.03
6.07
1.44
-2.45
-5.72
-8.84
-12.43
-16.90
-22.30
-28.39
-34.72
-40.70
-45.62
-48.60
-48.81
-45.67
-39.24
-30.26
-19.93
-9.43
0.46
9.50
17.78
25.33
31.89
36.99
40.22
41.61
41.65
41.11
40.73
40.92
41.70
42.85
44.02
44.89
45.12
44.38
42.50
39.47
35.59
31.30
27.01
22.91
18.97
15.01
10.86
6.50
2.01
-2.61
-7.38
-12.52
-18.26
-24.80
-32.24
-40.55
-49.40
-58.10
-65.68
-70.88
-72.64
-70.38
-64.27
-55.18
-44.43
-33.30
-22.78
-13.49
-5.64
0.75
5.77
9.54
12.26
14.16
15.50
16.54
17.40
18.08
18.48
18.39
17.78
16.81
15.90
15.55
16.09
17.30
18.47
18.66
17.15
13.97
9.79
5.60
2.05
-0.87
-3.82
-7.66
-12.91
-19.51
-26.85
-34.08
-40.33
-44.74
-46.46
-44.71
-39.09
-29.92
-18.42
-6.34
4.52
13.07
19.19
23.51
26.91
29.93
32.59
34.47
35.15
34.49
32.75
30.46
28.15
26.18
24.68
23.63
22.95
22.58
22.36
22.06
21.36
19.91
17.50
14.16
10.08
5.59
0.99
-3.50
-7.89
-12.35
-17.19
-22.69
-28.89
-35.44
-41.41
-45.49
-46.36
-43.17
-35.90
-25.52
-13.59
-1.77
8.75
17.41
24.31
29.79
34.18
37.58
39.89
41.10
41.27
40.64
39.46
37.91
36.07
33.94
31.62
29.37
27.54
26.42
26.00
25.96
25.73
24.75
22.67
19.52
15.63
11.46
7.42
3.66
0.17
-3.31
-7.15
-11.82
-17.70
-24.89
-32.90
-40.53
-46.05
-47.84
-44.96
-37.60
-27.08
-15.28
-4.03
5.49
12.91
18.43
22.59
25.82
28.42
30.54
32.17
33.24
33.68
33.54
32.92
32.08
31.26
30.51
29.70
28.67
27.39
26.05
25.02
24.47
24.25
23.80
22.43
19.65
15.43
10.18
4.53
-0.91
-5.75
-9.89
-13.54
-17.17
-21.38
-26.79
-33.59
-41.36
-48.92
-54.61
-56.90
-54.95
-48.92
-39.91
-29.47
-19.02
-9.46
-1.11
6.06
12.16
17.18
21.02
23.60
25.04
25.63
25.70
25.50
25.08
24.38
23.36
22.11
20.86
19.89
19.37
19.19
18.94
18.16
16.50
13.91
10.64
7.12
3.71
0.56
-2.41
-5.40
-8.58
-12.10
-16.07
-20.64
-25.92
-31.80
-37.76
-42.80
-45.71
-45.47
-41.71
-34.82
-25.87
-16.10
-6.59
2.00
9.43
15.67
20.73
24.55
27.10
28.47
28.93
28.78
28.29
27.55
26.50
25.03
23.14
20.98
18.83
16.91
15.34
14.14
13.27
12.64
12.13
11.46
10.21
8.02
4.75
0.61
-3.85
-8.05
-11.74
-15.06
-18.50
-22.54
-27.29
-32.33
-36.81
-39.70
-40.22
-37.95
-32.99
-25.89
-17.48
-8.73
-0.54
6.40
11.83
15.78
18.61
20.77
22.56
24.09
25.32
26.13
26.45
26.38
25.98
25.31
24.38
23.18
21.83
20.55
19.59
19.07
18.82
18.43
17.40
15.40
12.42
8.87
5.27
2.16
-0.29
-2.28
-4.26
-6.70
-9.85
-13.74
-18.18
-23.00
-28.03
-32.99
-37.41
-40.58
-41.64
-39.96
-35.40
-28.43
-19.99
-11.19
-2.95
4.20
10.05
14.70
18.32
21.08
23.03
24.25
24.75
24.60
23.99
23.15
22.27
21.52
20.91
20.44
20.14
20.04
20.15
20.37
20.47
20.17
19.28
17.76
15.75
13.46
11.05
8.60
6.20
3.96
1.99
0.30
-1.29
-3.12
-5.57
-8.82
-12.67
-16.63
-20.20
-23.15
-25.69
-28.37
-31.64
-35.50
-39.26
-41.70
-41.59
-38.22
-31.82
-23.50
-14.80
-7.09
-1.18
2.84
5.33
6.76
7.43
7.52
7.18
6.60
6.12
6.04
6.49
7.38
8.46
9.42
10.02
10.23
10.18
10.08
10.15
10.52
11.16
11.85
12.27
12.08
11.09
9.26
6.73
3.78
0.75
-2.08
-4.53
-6.57
-8.32
-9.99
-11.75
-13.70
-15.73
-17.63
-19.15
-20.22
-20.99
-21.92
-23.56
-26.34
-30.37
-35.27
-40.22
-44.19
-46.22
-45.68
-42.41
-36.70
-29.17
-20.64
-12.00
-4.06
2.50
7.29
10.30
11.82
12.39
12.54
12.62
12.77
12.90
12.89
12.73
12.53
12.42
12.43
12.49
12.49
12.37
12.23
12.28
12.67
13.40
14.20
14.65
14.34
13.06
10.96
8.41
5.91
3.75
1.96
0.30
-1.51
-3.61
-5.96
-8.34
-10.57
-12.68
-14.91
-17.54
-20.79
-24.58
-28.53
-32.12
-34.71
-35.79
-34.95
-32.05
-27.21
-20.95
-14.02
-7.31
-1.57
2.90
6.15
8.56
10.53
12.25
13.65
14.49
14.62
14.08
13.12
12.01
10.96
10.05
9.26
8.60
8.16
8.06
8.28
8.63
8.76
8.24
6.82
4.50
1.56
-1.60
-4.52
-6.90
-8.59
-9.65
-10.30
-11.01
-12.28
-14.60
-18.20
-22.82
-27.78
-32.03
-34.56
-34.71
-32.32
-27.74
-21.57
-14.44
-6.90
0.53
7.26
12.66
16.25
17.98
18.24
17.69
16.85
15.80
14.28
12.00
9.03
6.00
3.80
3.14
4.14
6.20
8.36
9.72
9.93
9.04
7.43
5.38
2.96
0.15
-3.02
-6.29
-9.31
-11.85
-14.02
-16.30
-19.30
-23.38
-28.31
-33.16
-36.63
-37.46
-34.95
-29.22
-21.14
-12.03
-3.31
3.84
8.69
11.02
11.11
9.54
7.05
4.32
1.79
-0.26
-1.74
-2.63
-2.93
-2.67
-2.01
-1.19
-0.52
-0.17
-0.14
-0.21
-0.19
-0.02
0.12
-0.15
-1.15
-3.01
-5.58
-8.53
-11.60
-14.79
-18.40
-22.90
-28.53
-35.00
-41.44
-46.46
-48.74
-47.42
-42.41
-34.44
-24.76
-14.74
-5.46
2.41
8.68
13.42
16.89
19.33
20.98
21.99
22.50
22.63
22.44
22.01
21.41
20.68
19.79
18.75
17.55
16.23
14.92
13.67
12.49
11.19
9.54
7.39
4.73
1.73
-1.46
-4.79
-8.46
-12.80
-18.10
-24.38
-31.20
-37.73
-42.96
-45.91
-45.93
-42.78
-36.65
-28.19
-18.31
-8.07
1.53
9.71
16.12
20.81
24.13
26.55
28.47
30.12
31.57
32.77
33.63
34.03
33.78
32.77
31.07
28.94
26.77
24.94
23.63
22.66
21.61
19.92
17.26
13.65
9.47
5.35
1.86
-0.70
-2.45
-3.90
-5.75
-8.66
-13.01
-18.64
-24.81
-30.24
-33.53
-33.55
-29.77
-22.55
-13.10
-3.04
6.03
13.08
17.84
20.63
22.20
23.23
24.13
24.96
25.61
25.93
25.86
25.44
24.69
23.64
22.21
20.50
18.79
17.55
17.19
17.79
18.98
20.03
20.20
19.07
16.70
13.52
9.96
6.15
1.93
-2.98
-8.70
-14.96
-21.25
-26.90
-31.35
-34.22
-35.18
-34.03
-30.54
-24.75
-17.01
-8.03
1.20
9.69
16.74
22.08
25.86
28.48
30.31
31.55
32.20
32.18
31.55
30.53
29.48
28.69
28.28
28.05
27.66
26.76
25.25
23.20
20.74
17.88
14.38
9.92
4.31
-2.28
-9.33
-16.22
-22.51
-28.25
-33.85
-39.75
-46.13
-52.64
-58.40
-62.32
-63.43
-61.16
-55.56
-47.15
-36.87
-25.78
-14.91
-4.98
3.63
10.84
16.73
21.31
24.54
26.34
26.83
26.41
25.63
25.01
24.73
24.63
24.35
23.61
22.45
21.25
20.48
20.47
21.14
22.01
22.41
21.67
19.43
15.71
10.92
5.75
0.91
-3.09
-6.15
-8.57
-10.91
-13.73
-17.43
-22.12
-27.56
-33.20
-38.22
-41.64
-42.48
-40.15
-34.60
-26.48
-16.91
-7.14
1.85
9.55
15.87
20.96
24.94
27.81
29.53
30.12
29.73
28.66
27.26
25.82
24.49
23.37
22.46
21.82
21.48
21.46
21.67
21.97
22.21
22.29
22.22
22.03
21.59
20.60
18.67
15.55
11.33
6.49
1.65
-2.65
-6.23
-9.23
-11.94
-14.64
-17.47
-20.49
-23.81
-27.60
-32.03
-36.99
-41.96
-45.99
-47.95
-46.98
-42.79
-35.78
-26.93
-17.41
-8.24
-0.10
6.79
12.54
17.37
21.41
24.65
26.94
28.15
28.25
27.41
26.00
24.52
23.46
23.02
23.10
23.23
22.89
21.84
20.25
18.73
18.00
18.41
19.69
20.99
21.22
19.62
16.07
11.13
5.75
0.76
-3.49
-7.13
-10.58
-14.23
-18.35
-22.98
-28.08
-33.43
-38.62
-42.98
-45.72
-46.08
-43.62
-38.34
-30.71
-21.49
-11.59
-1.91
6.83
14.09
19.64
23.57
26.17
27.78
28.66
28.85
28.35
27.17
25.55
23.90
22.60
21.95
21.95
22.38
22.93
23.37
23.54
23.37
22.79
21.71
20.06
17.95
15.59
13.29
11.21
9.32
7.22
4.46
0.73
-3.86
-8.71
-13.02
-16.17
-17.97
-18.85
-19.63
-21.23
-24.31
-29.08
-35.18
-41.73
-47.51
-51.32
-52.20
-49.72
-44.13
-36.21
-27.04
-17.72
-9.10
-1.63
4.55
9.55
13.53
16.61
18.85
20.29
21.01
21.19
21.07
20.93
20.82
20.65
20.20
19.35
18.22
17.19
16.69
16.96
17.95
19.27
20.43
20.95
20.52
19.02
16.52
13.19
9.41
5.63
2.30
-0.37
-2.45
-4.30
-6.38
-8.96
-11.98
-15.13
-18.06
-20.57
-22.81
-25.18
-28.12
-31.91
-36.41
-41.14
-45.30
-48.03
-48.61
-46.59
-41.89
-34.79
-25.94
-16.26
-6.84
1.33
7.55
11.62
13.84
14.85
15.33
15.76
16.34
16.98
17.53
17.90
18.14
18.31
18.42
18.38
18.08
17.47
16.61
15.62
14.62
13.60
12.48
11.15
9.67
8.15
6.78
5.60
4.46
3.04
0.93
-2.12
-5.99
-10.32
-14.53
-18.14
-21.00
-23.29
-25.46
-27.99
-31.16
-34.83
-38.43
-41.17
-42.22
-41.08
-37.67
-32.37
-25.81
-18.62
-11.32
-4.23
2.40
8.37
13.29
16.74
18.42
18.34
16.92
14.82
12.70
10.94
9.68
8.77
8.04
7.48
7.18
7.37
8.12
9.27
10.49
11.27
11.21
10.06
7.80
4.59
0.78
-3.17
-6.78
-9.71
-11.88
-13.61
-15.49
-18.18
-22.12
-27.19
-32.68
-37.41
-40.12
-39.90
-36.48
-30.37
-22.60
-14.32
-6.47
0.46
6.36
11.27
15.21
18.09
19.81
20.44
20.21
19.50
18.59
17.62
16.59
15.49
14.35
13.38
12.76
12.61
12.80
12.99
12.70
11.50
9.16
5.74
1.59
-2.74
-6.79
-10.26
-13.17
-15.81
-18.60
-21.89
-25.90
-30.63
-35.96
-41.62
-47.14
-51.81
-54.77
-55.18
-52.62
-47.15
-39.47
-30.61
-21.60
-13.19
-5.71
0.81
6.46
11.27
15.19
18.14
20.06
21.10
21.52
21.67
21.80
22.01
22.23
22.22
21.78
20.87
19.67
18.56
17.84
17.57
17.42
16.86
15.38
12.83
9.55
6.14
3.08
0.48
-2.03
-5.02
-8.88
-13.56
-18.72
-24.01
-29.41
-35.14
-41.29
-47.34
-52.12
-54.09
-52.13
-46.09
-36.95
-26.37
-15.95
-6.72
1.08
7.61
13.13
17.75
21.37
24.00
25.73
26.84
27.53
27.89
27.83
27.29
26.25
24.86
23.41
22.19
21.43
21.23
21.43
21.77
21.88
21.38
20.00
17.66
14.43
10.55
6.33
2.10
-1.85
-5.36
-8.37
-11.10
-13.95
-17.48
-22.19
-28.15
-34.84
-41.14
-45.59
-46.92
-44.48
-38.44
-29.77
-19.83
-9.97
-1.16
6.09
11.75
16.03
19.22
21.60
23.31
24.38
24.79
24.60
23.91
22.94
21.92
20.96
20.02
19.01
17.86
16.70
15.77
15.19
14.90
14.49
13.47
11.53
8.69
5.37
2.07
-0.88
-3.57
-6.42
-9.96
-14.58
-20.25
-26.59
-32.90
-38.21
-41.56
-42.10
-39.34
-33.39
-24.99
-15.26
-5.45
3.47
11.01
17.09
21.89
25.57
28.22
29.78
30.26
29.75
28.56
27.06
25.56
24.30
23.33
22.61
22.06
21.66
21.45
21.45
21.55
21.45
20.66
18.81
15.78
11.87
7.60
3.48
-0.23
-3.67
-7.17
-11.07
-15.56
-20.63
-26.16
-31.91
-37.55
-42.51
-45.98
-47.01
-44.91
-39.54
-31.49
-21.90
-12.09
-3.12
4.42
10.48
15.39
19.52
23.18
26.36
28.93
30.68
31.53
31.59
31.14
30.56
30.14
30.03
30.19
30.46
30.65
30.60
30.26
29.62
28.66
27.34
25.61
23.38
20.61
17.25
13.34
8.95
4.21
-0.71
-5.59
-10.19
-14.32
-17.94
-21.25
-24.73
-29.00
-34.50
-41.17
-48.27
-54.45
-58.16
-58.15
-53.94
-45.99
-35.50
-23.92
-12.57
-2.32
6.41
13.45
18.79
22.50
24.80
26.08
26.87
27.68
28.76
30.11
31.42
32.30
32.50
32.09
31.43
30.89
30.69
30.77
30.85
30.63
29.99
28.97
27.66
26.04
23.79
20.61
16.38
11.36
6.21
1.61
-2.04
-4.85
-7.31
-9.98
-13.15
-16.84
-21.00
-25.62
-30.79
-36.49
-42.26
-47.09
-49.64
-48.78
-44.07
-36.05
-25.98
-15.50
-5.91
2.08
8.43
13.49
17.63
21.03
23.59
25.13
25.57
25.07
23.94
22.51
21.03
19.59
18.21
16.96
15.95
15.37
15.33
15.82
16.67
17.51
17.92
17.47
15.89
13.10
9.30
4.88
0.34
-3.88
-7.55
-10.68
-13.52
-16.41
-19.69
-23.59
-28.19
-33.29
-38.42
-42.80
-45.50
-45.64
-42.72
-36.73
-28.23
-18.20
-7.80
1.86
9.93
15.98
19.99
22.26
23.30
23.62
23.65
23.69
23.88
24.27
24.79
25.27
25.51
25.35
24.78
23.98
23.22
22.69
22.41
22.14
21.62
20.72
19.54
18.23
16.73
14.74
11.76
7.44
1.88
-4.39
-10.58
-16.12
-20.92
-25.42
-30.20
-35.74
-42.04
-48.56
-54.46
-58.74
-60.59
-59.49
-55.31
-48.35
-39.25
-28.89
-18.30
-8.45
-0.07
6.46
11.18
14.45
16.74
18.42
19.68
20.54
20.97
21.05
20.95
20.85
20.87
20.85
20.59
19.85
18.67
17.38
16.48
16.38
17.12
18.28
19.13
18.95
17.34
14.28
10.16
5.58
1.09
-2.98
-6.55
-9.72
-12.71
-15.78
-19.19
-23.15
-27.78
-32.97
-38.38
-43.40
-47.19
-48.91
-47.91
-43.99
-37.44
-29.06
-19.90
-10.98
-3.09
3.41
8.50
12.45
15.57
18.10
20.09
21.43
22.06
22.00
21.43
20.71
20.17
19.94
19.93
19.89
19.63
19.11
18.52
18.09
17.87
17.70
17.17
15.86
13.65
10.65
7.28
3.99
0.95
-1.91
-4.92
-8.48
-12.76
-17.62
-22.70
-27.64
-32.19
-36.23
-39.50
-41.48
-41.37
-38.40
-32.34
-23.77
-14.02
-4.67
2.99
8.50
12.16
14.65
16.50
17.83
18.41
18.04
16.87
15.41
14.28
13.81
13.89
14.06
13.81
12.95
11.68
10.50
9.78
9.55
9.54
9.23
8.27
6.56
4.24
1.50
-1.56
-5.00
-8.95
-13.44
-18.34
-23.41
-28.28
-32.61
-35.96
-37.83
-37.75
-35.30
-30.43
-23.52
-15.41
-7.13
0.34
6.40
10.95
14.25
16.68
18.47
19.60
19.94
19.42
18.27
16.98
16.02
15.59
15.54
15.42
14.83
13.84
12.89
12.53
12.97
13.85
14.27
13.37
10.83
6.98
2.69
-1.28
-4.56
-7.40
-10.36
-13.98
-18.46
-23.64
-29.10
-34.29
-38.58
-41.30
-41.78
-39.56
-34.59
-27.34
-18.72
-9.87
-1.72
5.15
10.58
14.66
17.63
19.77
21.34
22.56
23.59
24.45
25.08
25.33
25.06
24.20
22.79
21.00
19.00
17.05
15.40
14.26
13.64
13.29
12.73
11.40
8.87
5.09
0.48
-4.28
-8.57
-12.09
-14.97
-17.71
-20.86
-24.84
-29.71
-35.18
-40.68
-45.48
-48.79
-49.94
-48.52
-44.39
-37.86
-29.56
-20.32
-11.06
-2.60
4.47
9.92
13.85
16.75
19.16
21.52
23.98
26.34
28.23
29.38
29.70
29.38
28.69
27.81
26.83
25.69
24.38
23.00
21.69
20.62
19.73
18.85
17.74
16.21
14.18
11.60
8.49
4.91
0.96
-3.20
-7.34
-11.30
-15.02
-18.61
-22.36
-26.48
-31.12
-36.07
-40.77
-44.39
-46.01
-44.93
-40.91
-34.32
-26.01
-17.01
-8.27
-0.42
6.20
11.48
15.30
17.64
18.63
18.62
18.14
17.69
17.58
17.85
18.35
18.88
19.28
19.48
19.44
19.19
18.80
18.43
18.18
18.04
17.77
16.95
15.23
12.55
9.15
5.46
1.89
-1.42
-4.65
-8.15
-12.30
-17.24
-22.76
-28.27
-32.91
-35.68
-35.79
-32.91
-27.28
-19.71
-11.34
-3.28
3.67
9.16
13.21
16.02
17.82
18.78
19.02
18.72
18.12
17.46
16.98
16.76
16.76
16.85
16.87
16.76
16.52
16.24
16.01
15.84
15.61
15.05
13.85
11.77
8.77
5.07
1.05
-2.86
-6.41
-9.58
-12.55
-15.60
-19.01
-22.98
-27.61
-32.71
-37.77
-41.93
-44.15
-43.58
-39.87
-33.32
-24.88
-15.73
-6.93
0.81
7.26
12.48
16.63
19.87
22.27
23.83
24.50
24.29
23.25
21.54
19.36
16.95
14.54
12.36
10.60
9.43
8.98
9.29
10.29
11.77
13.34
14.41
14.38
12.80
9.62
5.22
0.32
-4.31
-8.12
-10.94
-13.06
-14.98
-17.29
-20.40
-24.54
-29.65
-35.36
-41.03
-45.82
-48.86
-49.39
-47.05
-41.88
-34.42
-25.56
-16.36
-7.83
-0.66
4.95
9.26
12.83
16.24
19.77
23.23
26.18
28.07
28.67
28.08
26.77
25.34
24.27
23.79
23.87
24.31
24.82
25.19
25.29
25.05
24.45
23.46
22.03
20.14
17.77
14.99
11.91
8.75
5.66
2.76
-0.01
-2.89
-6.21
-10.27
-15.24
-20.98
-27.12
-33.02
-37.94
-41.15
-42.06
-40.36
-36.12
-29.79
-22.13
-13.97
-6.10
0.94
6.89
11.68
15.37
17.97
19.56
20.27
20.36
20.17
20.05
20.15
20.40
20.50
20.11
19.07
17.51
15.76
14.26
13.26
12.76
12.48
12.13
11.48
10.49
9.19
7.55
5.45
2.65
-0.92
-5.14
-9.64
-14.02
-18.07
-21.89
-25.78
-29.93
-34.12
-37.69
-39.78
-39.64
-36.96
-31.98
-25.33
-17.86
-10.34
-3.42
2.46
7.04
10.23
12.13
13.05
13.38
13.52
13.71
13.99
14.22
14.27
14.06
13.63
13.10
12.64
12.32
12.15
12.03
11.82
11.39
10.66
9.55
7.99
5.93
3.45
0.72
-2.13
-5.13
-8.51
-12.63
-17.69
-23.38
-28.84
-32.84
-34.21
-32.40
-27.62
-20.71
-12.80
-4.89
2.33
8.51
13.42
16.98
19.18
20.30
20.84
21.35
22.19
23.29
24.14
24.13
22.83
20.37
17.32
14.48
12.53
11.67
11.56
11.47
10.63
8.53
5.06
0.58
-4.34
-9.12
-13.41
-17.18
-20.69
-24.25
-28.06
-32.13
-36.24
-40.06
-43.22
-45.26
-45.64
-43.82
-39.43
-32.53
-23.76
-14.26
-5.33
2.01
7.40
11.12
13.82
16.07
18.12
19.82
20.87
21.14
20.77
20.13
19.58
19.24
18.93
18.35
17.27
15.82
14.37
13.30
12.74
12.48
12.02
10.80
8.53
5.30
1.50
-2.37
-5.87
-8.76
-11.10
-13.24
-15.76
-19.22
-23.94
-29.66
-35.51
-40.19
-42.44
-41.46
-37.29
-30.65
-22.64
-14.42
-6.76
-0.09
5.54
10.24
14.13
17.29
19.73
21.44
22.46
22.90
22.92
22.65
22.09
21.19
19.89
18.26
16.59
15.29
14.66
14.71
15.13
15.36
14.92
13.54
11.27
8.35
5.09
1.71
-1.64
-4.90
-8.05
-11.21
-14.55
-18.30
-22.51
-26.96
-30.98
-33.60
-33.86
-31.19
-25.72
-18.28
-10.10
-2.40
4.00
8.88
12.49
15.16
17.14
18.46
18.99
18.71
17.71
16.26
14.63
13.01
11.42
9.86
8.36
7.03
6.06
5.48
5.24
5.09
4.78
4.11
3.08
1.76
0.27
-1.41
-3.43
-6.03
-9.43
-13.70
-18.63
-23.75
-28.38
-31.79
-33.33
-32.60
-29.52
-24.46
-18.08
-11.24
-4.70
1.06
5.93
10.06
13.65
16.76
19.25
20.88
21.49
21.11
19.95
18.30
16.41
14.47
12.68
11.21
10.26
9.84
9.72
9.44
8.49
6.61
3.84
0.58
-2.70
-5.66
-8.33
-10.91
-13.68
-16.87
-20.51
-24.64
-29.17
-33.88
-38.23
-41.32
-42.12
-39.87
-34.48
-26.65
-17.67
-8.90
-1.30
4.80
9.62
13.55
16.85
19.55
21.54
22.70
23.08
22.83
22.12
21.06
19.72
18.17
16.50
14.88
13.43
12.27
11.42
10.83
10.39
9.92
9.22
8.06
6.24
3.64
0.37
-3.32
-7.16
-11.02
-15.07
-19.70
-25.17
-31.36
-37.48
-42.28
-44.46
-43.21
-38.52
-31.22
-22.60
-13.81
-5.61
1.70
8.11
13.63
18.21
21.76
24.22
25.70
26.39
26.51
26.19
25.49
24.47
23.23
21.95
20.81
19.90
19.20
18.60
17.99
17.30
16.52
15.61
14.50
13.06
11.24
9.04
6.54
3.83
0.91
-2.32
-6.00
-10.18
-14.78
-19.60
-24.52
-29.46
-34.30
-38.72
-42.09
-43.58
-42.46
-38.44
-31.87
-23.63
-14.83
-6.46
0.89
7.01
11.97
15.95
19.13
21.58
23.33
24.35
24.60
24.10
22.99
21.52
19.96
18.62
17.68
17.25
17.36
17.93
18.77
19.56
19.87
19.27
17.46
14.48
10.65
6.57
2.79
-0.41
-3.02
-5.34
-7.74
-10.56
-13.95
-17.94
-22.41
-27.10
-31.48
-34.74
-35.94
-34.31
-29.57
-22.18
-13.25
-4.13
3.98
10.42
15.07
18.21
20.25
21.50
22.17
22.35
22.09
21.41
20.30
18.74
16.79
14.69
12.87
11.74
11.44
11.74
12.09
11.92
10.98
9.40
7.53
5.69
3.90
1.95
-0.44
-3.34
-6.59
-9.93
-13.30
-16.88
-21.03
-25.90
-31.12
-35.78
-38.65
-38.73
-35.54
-29.31
-20.85
-11.31
-1.85
6.56
13.26
17.97
20.79
22.11
22.52
22.66
22.88
23.18
23.23
22.62
21.13
18.94
16.56
14.58
13.34
12.76
12.49
12.09
11.32
10.17
8.74
7.09
5.00
2.30
-1.05
-4.77
-8.31
-11.29
-13.64
-15.76
-18.33
-21.95
-26.89
-32.83
-38.92
-43.94
-46.68
-46.20
-42.21
-35.14
-26.12
-16.56
-7.73
-0.45
5.11
9.21
12.29
14.67
16.50
17.83
18.75
19.41
19.94
20.36
20.53
20.24
19.35
17.89
16.11
14.32
12.77
11.63
10.94
10.70
10.84
11.15
11.19
10.43
8.45
5.19
1.08
-3.14
-6.83
-9.71
-11.97
-14.08
-16.51
-19.55
-23.33
-27.86
-32.97
-38.28
-42.98
-45.97
-46.17
-42.97
-36.56
-27.90
-18.38
-9.31
-1.52
4.71
9.50
13.13
15.84
17.79
19.12
19.90
20.19
20.00
19.32
18.20
16.74
15.16
13.69
12.52
11.77
11.53
11.80
12.46
13.28
13.84
13.68
12.44
10.01
6.64
2.80
-0.94
-4.24
-7.00
-9.39
-11.70
-14.23
-17.19
-20.67
-24.55
-28.50
-31.91
-33.91
-33.79
-31.08
-25.95
-19.10
-11.57
-4.37
1.81
6.76
10.61
13.65
16.12
18.04
19.28
19.69
19.23
18.04
16.50
15.03
13.92
13.23
12.88
12.67
12.51
12.42
12.38
12.31
11.97
11.10
9.49
7.05
3.91
0.30
-3.47
-7.10
-10.39
-13.26
-15.85
-18.54
-21.74
-25.67
-30.17
-34.58
-37.93
-39.23
-37.87
-33.80
-27.53
-19.99
-12.16
-4.85
1.53
6.99
11.70
15.76
19.05
21.22
21.97
21.24
19.43
17.25
15.48
14.61
14.70
15.42
16.32
17.03
17.40
17.47
17.35
17.01
16.35
15.17
13.29
10.60
7.10
2.92
-1.74
-6.64
-11.57
-16.39
-21.05
-25.58
-30.11
-34.73
-39.42
-43.97
-47.90
-50.55
-51.28
-49.57
-45.29
-38.71
-30.49
-21.48
-12.58
-4.51
2.30
7.80
12.20
15.77
18.69
20.95
22.39
22.88
22.54
21.70
20.78
20.08
19.60
19.16
18.55
17.79
17.17
16.91
17.09
17.39
17.36
16.59
14.99
12.80
10.36
7.95
5.57
3.04
0.18
-3.06
-6.51
-10.02
-13.56
-17.30
-21.57
-26.62
-32.36
-38.24
-43.41
-46.89
-47.91
-46.13
-41.73
-35.21
-27.33
-18.83
-10.41
-2.60
4.24
9.98
14.69
18.50
21.54
23.81
25.23
25.82
25.73
25.24
24.72
24.36
24.15
23.92
23.41
22.52
21.35
20.23
19.43
19.13
19.15
19.03
18.29
16.57
13.88
10.53
7.00
3.64
0.56
-2.45
-5.69
-9.35
-13.48
-17.98
-22.73
-27.64
-32.51
-36.84
-39.86
-40.72
-38.86
-34.33
-27.76
-20.10
-12.27
-4.83
1.95
7.95
13.04
17.10
19.99
21.77
22.66
22.85
22.51
21.63
20.25
18.49
16.67
15.17
14.24
13.85
13.73
13.55
13.08
12.37
11.55
10.73
9.79
8.49
6.51
3.70
0.16
-3.82
-8.02
-12.42
-17.17
-22.44
-28.06
-33.39
-37.41
-38.98
-37.30
-32.28
-24.48
-15.08
-5.34
3.73
11.54
17.89
22.77
26.19
28.13
28.65
27.96
26.53
24.91
23.52
22.54
21.81
21.11
20.27
19.31
18.32
17.35
16.30
14.97
13.18
10.93
8.30
5.41
2.29
-1.10
-4.79
-8.68
-12.62
-16.48
-20.33
-24.39
-28.88
-33.63
-37.92
-40.54
-40.23
-36.27
-28.89
-19.22
-8.95
0.39
7.84
13.27
17.12
20.06
22.57
24.79
26.51
27.45
27.45
26.53
24.92
22.92
20.83
18.90
17.31
16.15
15.41
14.98
14.69
14.31
13.61
12.47
10.79
8.51
5.57
2.01
-2.10
-6.50
-10.99
-15.46
-20.08
-25.09
-30.60
-36.33
-41.45
-44.78
-45.27
-42.36
-36.29
-27.93
-18.48
-9.03
-0.31
7.33
13.82
19.14
23.21
26.00
27.55
28.12
28.15
28.13
28.32
28.69
28.87
28.38
26.92
24.57
21.71
18.91
16.62
15.00
13.95
13.20
12.39
11.18
9.27
6.53
3.05
-0.82
-4.58
-7.87
-10.75
-13.81
-17.90
-23.63
-30.90
-38.76
-45.71
-50.28
-51.54
-49.40
-44.39
-37.31
-28.94
-19.90
-10.74
-1.99
5.78
12.10
16.74
19.84
21.82
23.13
24.10
24.84
25.22
25.01
24.01
22.19
19.79
17.24
15.09
13.80
13.56
14.21
15.27
16.07
15.99
14.65
12.00
8.32
4.13
-0.01
-3.68
-6.73
-9.31
-11.88
-15.00
-19.07
-24.09
-29.44
-34.05
-36.63
-36.21
-32.37
-25.51
-16.65
-7.11
1.88
9.47
15.31
19.44
22.13
23.64
24.34
24.46
24.27
23.97
23.64
23.23
22.59
21.55
20.02
18.08
15.95
13.98
12.47
11.57
11.18
10.96
10.47
9.27
7.14
4.15
0.57
-3.28
-7.15
-11.01
-15.03
-19.42
-24.28
-29.45
-34.42
-38.38
-40.37
-39.63
-35.82
-29.28
-20.86
-11.75
-3.03
4.53
10.62
15.21
18.49
20.68
22.07
22.98
23.67
24.22
24.45
23.92
22.21
19.27
15.51
11.80
9.04
7.74
7.84
8.71
9.50
9.58
8.81
7.43
5.84
4.23
2.45
0.18
-2.93
-6.84
-11.22
-15.63
-19.86
-24.10
-28.81
-34.32
-40.35
-45.88
-49.41
-49.58
-45.81
-38.50
-28.83
-18.31
-8.21
0.71
8.16
14.08
18.51
21.51
23.28
24.24
24.90
25.61
26.44
27.03
26.89
25.71
23.55
20.89
18.37
16.50
15.47
15.12
15.17
15.29
15.22
14.72
13.51
11.36
8.18
4.20
-0.08
-4.08
-7.39
-10.09
-12.67
-15.82
-20.10
-25.64
-32.08
-38.55
-43.92
-47.09
-47.21
-43.95
-37.54
-28.82
-18.96
-9.26
-0.73
6.05
11.05
14.68
17.47
19.93
22.27
24.46
26.18
27.09
26.91
25.57
23.24
20.28
17.22
14.54
12.64
11.66
11.45
11.59
11.52
10.77
9.16
6.85
4.25
1.75
-0.46
-2.51
-4.71
-7.33
-10.51
-14.21
-18.37
-22.93
-27.82
-32.66
-36.78
-39.20
-39.05
-35.89
-30.06
-22.51
-14.43
-6.86
-0.33
5.15
9.84
13.91
17.31
19.73
20.84
20.56
19.15
17.11
14.97
13.08
11.52
10.22
9.15
8.37
8.07
8.26
8.73
9.01
8.60
7.28
5.25
2.99
1.03
-0.51
-1.94
-4.01
-7.41
-12.37
-18.49
-24.74
-29.90
-32.91
-33.25
-30.91
-26.30
-19.99
-12.59
-4.72
3.03
10.07
15.94
20.36
23.22
24.63
24.80
23.98
22.50
20.63
18.64
16.75
15.07
13.58
12.21
10.83
9.40
7.86
6.25
4.56
2.87
1.31
-0.01
-1.03
-1.90
-2.94
-4.58
-7.27
-11.32
-16.78
-23.34
-30.34
-36.80
-41.59
-43.71
-42.58
-38.21
-31.25
-22.73
-13.78
-5.31
2.09
8.22
13.15
17.11
20.29
22.91
25.00
26.49
27.28
27.32
26.71
25.68
24.48
23.23
21.90
20.38
18.64
16.88
15.39
14.34
13.57
12.55
10.66
7.52
3.29
-1.45
-5.90
-9.49
-12.18
-14.45
-17.04
-20.52
-25.02
-30.19
-35.24
-39.25
-41.39
-41.07
-38.06
-32.60
-25.26
-16.89
-8.38
-0.47
6.37
11.98
16.41
19.79
22.25
23.85
24.64
24.73
24.32
23.72
23.21
22.99
22.99
22.91
22.36
21.11
19.24
17.19
15.45
14.39
13.98
13.88
13.58
12.62
10.76
8.00
4.53
0.56
-3.69
-8.01
-12.32
-16.65
-21.18
-26.12
-31.44
-36.67
-40.87
-42.90
-41.85
-37.47
-30.34
-21.65
-12.74
-4.65
2.11
7.55
11.94
15.51
18.29
20.26
21.43
21.97
22.17
22.33
22.55
22.79
22.89
22.71
22.22
21.46
20.54
19.56
18.56
17.50
16.30
14.84
12.95
10.56
7.62
4.21
0.53
-3.14
-6.53
-9.44
-11.85
-13.98
-16.28
-19.32
-23.46
-28.58
-33.93
-38.26
-40.24
-39.00
-34.52
-27.49
-19.07
-10.41
-2.35
4.65
10.38
14.83
18.05
20.20
21.52
22.22
22.39
22.04
21.12
19.72
18.14
16.71
15.71
15.18
14.92
14.61
14.02
13.13
12.10
11.14
10.35
9.68
8.93
7.94
6.60
4.86
2.63
-0.28
-4.10
-9.02
-14.88
-21.15
-26.95
-31.17
-32.90
-31.66
-27.53
-21.16
-13.53
-5.75
1.26
6.99
11.38
14.70
17.26
19.20
20.37
20.36
18.83
15.74
11.44
6.60
1.93
-2.04
-5.06
-7.20
-8.56
-9.32
-9.63
-9.65
-9.58
-9.60
-9.79
-10.22
-10.84
-11.59
-12.42
-13.35
-14.51
-16.11
-18.35
-21.31
-24.78
-28.14
-30.43
-30.67
-28.16
-22.88
-15.53
-7.36
0.37
6.74
11.41
14.57
16.63
17.99
18.79
18.98
18.41
17.08
15.17
13.02
11.00
9.37
8.18
7.23
6.19
4.79
2.92
0.72
-1.43
-3.12
-4.11
-4.40
-4.37
-4.53
-5.41
-7.38
-10.53
-14.72
-19.72
-25.14
-30.43
-34.88
-37.60
-37.77
-34.99
-29.45
-22.02
-13.89
-6.21
0.43
5.94
10.64
14.77
18.22
20.59
21.44
20.72
18.87
16.68
14.85
13.73
13.13
12.59
11.74
10.49
9.12
7.98
7.27
6.87
6.47
5.70
4.36
2.54
0.38
-1.95
-4.46
-7.31
-10.72
-14.81
-19.50
-24.36
-28.70
-31.60
-32.28
-30.27
-25.66
-19.12
-11.60
-4.13
2.52
7.89
11.87
14.50
15.97
16.50
16.34
15.72
14.87
13.94
13.07
12.36
11.85
11.42
10.86
9.95
8.59
6.92
5.28
3.99
3.13
2.53
1.81
0.74
-0.77
-2.60
-4.67
-7.09
-10.15
-14.21
-19.33
-25.07
-30.56
-34.64
-36.29
-34.92
-30.61
-24.02
-16.16
-8.09
-0.61
5.86
11.21
15.47
18.60
20.45
20.89
19.91
17.78
14.97
12.14
9.88
8.60
8.47
9.27
10.53
11.64
12.06
11.55
10.20
8.39
6.54
4.89
3.40
1.83
-0.07
-2.47
-5.39
-8.81
-12.68
-16.92
-21.25
-25.09
-27.63
-28.04
-25.77
-20.89
-14.06
-6.44
0.83
6.80
11.01
13.42
14.23
13.79
12.47
10.67
8.85
7.41
6.59
6.41
6.58
6.70
6.42
5.65
4.65
3.78
3.33
3.25
3.25
2.91
1.95
0.37
-1.56
-3.47
-5.15
-6.69
-8.47
-10.94
-14.41
-18.90
-24.13
-29.66
-34.92
-39.24
-41.86
-41.99
-39.08
-33.15
-24.80
-15.20
-5.68
2.68
9.28
14.11
17.44
19.60
20.84
21.34
21.28
20.99
20.84
21.12
21.92
23.04
24.07
24.62
24.40
23.43
21.92
20.24
18.56
16.95
15.26
13.34
11.09
8.45
5.47
2.18
-1.35
-5.02
-8.66
-12.08
-15.28
-18.39
-21.76
-25.67
-30.18
-34.93
-39.15
-41.91
-42.46
-40.42
-35.88
-29.38
-21.64
-13.47
-5.58
1.55
7.64
12.57
16.34
19.03
20.75
21.69
22.05
22.03
21.78
21.40
21.00
20.76
20.88
21.52
22.61
23.84
24.78
25.02
24.43
23.20
21.63
19.92
18.07
15.85
13.11
9.93
6.65
3.69
1.28
-0.72
-2.79
-5.38
-8.71
-12.62
-16.74
-20.80
-24.81
-29.01
-33.57
-38.28
-42.30
-44.47
-43.75
-39.71
-32.75
-23.99
-14.78
-6.25
0.99
6.81
11.41
15.02
17.77
19.62
20.52
20.53
19.89
18.96
18.08
17.43
17.00
16.66
16.26
15.81
15.47
15.45
15.88
16.66
17.44
17.80
17.35
15.90
13.52
10.49
7.23
4.15
1.54
-0.61
-2.50
-4.56
-7.18
-10.61
-14.83
-19.55
-24.21
-28.08
-30.41
-30.57
-28.23
-23.48
-16.79
-9.00
-1.05
6.04
11.60
15.38
17.54
18.64
19.24
19.74
20.12
20.07
19.21
17.39
14.86
12.19
10.04
8.78
8.37
8.46
8.66
8.75
8.74
8.78
8.84
8.66
7.81
5.92
2.96
-0.80
-4.79
-8.44
-11.45
-13.85
-15.94
-18.26
-21.28
-25.25
-30.15
-35.58
-40.78
-44.75
-46.52
-45.41
-41.22
-34.38
-25.69
-16.29
-7.23
0.69
7.02
11.71
15.05
17.43
19.17
20.49
21.41
21.93
22.04
21.80
21.35
20.82
20.33
19.95
19.70
19.54
19.43
19.26
18.93
18.35
17.51
16.37
14.80
12.60
9.55
5.58
0.95
-3.87
-8.32
-11.98
-14.80
-16.98
-18.91
-21.01
-23.57
-26.81
-30.77
-35.28
-39.81
-43.45
-45.16
-44.13
-40.12
-33.62
-25.60
-17.13
-8.97
-1.52
5.09
10.76
15.34
18.67
20.82
22.07
22.83
23.39
23.72
23.59
22.76
21.26
19.50
18.09
17.52
17.91
18.99
20.29
21.43
22.18
22.48
22.21
21.16
19.08
15.83
11.58
6.83
2.19
-1.89
-5.29
-8.28
-11.30
-14.81
-19.04
-23.98
-29.39
-34.86
-39.76
-43.27
-44.58
-43.09
-38.76
-32.15
-24.22
-16.01
-8.32
-1.54
4.29
9.23
13.26
16.29
18.22
19.14
19.27
18.97
18.45
17.75
16.77
15.42
13.84
12.37
11.45
11.35
12.01
12.99
13.68
13.52
12.26
10.07
7.40
4.79
2.59
0.87
-0.56
-2.09
-4.12
-7.01
-11.00
-16.10
-21.92
-27.64
-32.12
-34.25
-33.29
-29.23
-22.69
-14.77
-6.57
1.07
7.71
13.21
17.51
20.55
22.33
22.98
22.84
22.35
21.80
21.23
20.37
18.89
16.58
13.61
10.50
7.88
6.30
5.89
6.37
7.09
7.37
6.73
5.03
2.44
-0.75
-4.25
-7.95
-11.87
-16.08
-20.62
-25.49
-30.58
-35.69
-40.48
-44.46
-47.02
-47.61
-45.83
-41.69
-35.61
-28.27
-20.38
-12.49
-4.94
2.09
8.40
13.73
17.83
20.59
22.12
22.72
22.78
22.57
22.23
21.76
21.16
20.48
19.77
19.08
18.35
17.49
16.37
15.06
13.68
12.33
10.95
9.25
6.92
3.77
-0.05
-4.19
-8.27
-12.22
-16.23
-20.59
-25.33
-29.95
-33.45
-34.75
-33.19
-28.74
-22.09
-14.25
-6.25
1.14
7.52
12.72
16.74
19.66
21.58
22.64
22.99
22.73
21.95
20.75
19.31
17.80
16.34
15.01
13.79
12.68
11.66
10.84
10.26
9.81
9.26
8.30
6.70
4.40
1.66
-1.19
-3.81
-6.05
-8.07
-10.22
-13.01
-16.81
-21.63
-26.97
-31.91
-35.28
-36.12
-34.00
-29.06
-22.01
-13.81
-5.42
2.43
9.25
14.84
19.18
22.38
24.63
26.02
26.59
26.34
25.34
23.85
22.28
21.02
20.20
19.65
19.01
17.99
16.58
15.11
13.94
13.26
12.92
12.49
11.58
9.95
7.65
4.80
1.50
-2.32
-6.73
-11.67
-16.81
-21.54
-25.16
-27.05
-26.87
-24.62
-20.53
-15.04
-8.65
-1.84
4.96
11.38
17.16
22.07
25.91
28.52
29.83
29.82
28.60
26.48
23.88
21.32
19.28
18.01
17.41
17.06
16.45
15.22
13.39
11.25
9.20
7.43
5.84
4.15
2.14
-0.21
-2.74
-5.28
-7.95
-11.10
-15.08
-19.85
-24.73
-28.51
-29.83
-27.81
-22.52
-15.08
-7.17
-0.39
4.30
6.83
7.84
8.16
8.46
9.03
9.85
10.79
11.75
12.65
13.38
13.81
13.78
13.28
12.37
11.26
10.16
9.25
8.67
8.43
8.47
8.52
8.22
7.12
4.95
1.77
-2.06
-5.97
-9.52
-12.66
-15.77
-19.46
-24.20
-29.91
-35.87
-40.84
-43.48
-42.74
-38.28
-30.53
-20.58
-9.84
0.33
8.84
15.09
18.97
20.77
21.08
20.61
20.04
19.77
19.94
20.43
21.02
21.49
21.76
21.92
22.12
22.54
23.22
24.04
24.74
25.05
24.80
24.02
22.85
21.48
19.98
18.21
16.00
13.27
10.14
6.93
3.99
1.44
-0.81
-2.95
-5.08
-6.97
-8.16
-8.19
-6.67
-3.59
0.79
6.06
11.78
17.50
22.82
27.38
30.91
33.36
34.90
35.93
36.90
38.15
39.80
41.63
43.26
44.27
44.38
43.55
41.99
40.01
37.91
35.91
34.07
32.40
30.82
29.27
27.68
25.97
24.12
22.13
20.10
18.09
16.07
13.87
11.16
7.53
2.65
-3.53
-10.60
-17.76
-24.02
-28.54
-30.98
-31.60
-31.16
-30.59
-30.61
-31.55
-33.28
-35.45
-37.62
-39.44
-40.76
-41.56
-41.91
-41.89
-41.51
-40.71
-39.37
-37.43
-35.05
-32.54
-30.22
-28.34
-26.98
-26.15
-25.81
-26.05
-26.94
-28.48
-30.46
-32.51
-34.34
-35.82
-37.17
-38.78
-40.94
-43.62
-46.42
-48.58
-49.29
-47.98
-44.46
-38.97
-32.20
-24.96
-18.08
-12.19
-7.65
-4.53
-2.66
-1.73
-1.37
-1.32
-1.44
-1.79
-2.59
-3.95
-5.79
-7.75
-9.32
-10.02
-9.63
-8.30
-6.38
-4.36
-2.65
-1.54
-1.17
-1.60
-2.83
-4.78
-7.23
-9.86
-12.33
-14.40
-16.04
-17.46
-18.90
-20.51
-22.10
-23.12
-22.86
-20.68
-16.28
-9.95
-2.40
5.34
12.30
17.85
21.81
24.43
26.14
27.28
27.87
27.67
26.35
23.78
20.20
16.21
12.47
9.39
6.99
5.05
3.31
1.75
0.51
-0.30
-0.84
-1.67
-3.43
-6.52
-10.81
-15.70
-20.36
-24.25
-27.34
-30.11
-33.13
-36.74
-40.76
-44.45
-46.86
-47.10
-44.72
-39.84
-33.07
-25.31
-17.48
-10.21
-3.85
1.60
6.28
10.35
13.88
16.84
19.12
20.69
21.59
21.94
21.95
21.84
21.79
21.89
22.11
22.33
22.35
22.03
21.27
20.06
18.39
16.24
13.51
10.14
6.13
1.68
-2.84
-6.97
-10.34
-12.84
-14.75
-16.56
-18.81
-21.88
-25.77
-30.22
-34.71
-38.59
-41.22
-42.02
-40.55
-36.68
-30.64
-23.04
-14.81
-6.99
-0.39
4.55
7.97
10.27
11.91
13.20
14.19
14.78
14.84
14.42
13.74
13.09
12.69
12.65
12.85
13.14
13.35
13.35
13.17
12.88
12.62
12.42
12.20
11.69
10.61
8.77
6.20
3.08
-0.39
-4.23
-8.59
-13.61
-19.12
-24.39
-28.27
-29.61
-27.77
-22.92
-16.05
-8.54
-1.63
3.88
7.88
10.75
13.03
15.21
17.39
19.38
20.70
20.94
19.97
18.02
15.59
13.23
11.31
9.96
9.13
8.71
8.57
8.55
8.36
7.62
5.98
3.44
0.31
-2.89
-5.71
-8.06
-10.15
-12.37
-15.09
-18.47
-22.50
-26.94
-31.45
-35.44
-38.17
-38.87
-36.94
-32.21
-25.09
-16.52
-7.64
0.48
7.10
11.98
15.28
17.43
18.90
19.97
20.68
20.95
20.65
19.85
18.73
17.56
16.55
15.77
15.25
14.93
14.79
14.77
14.77
14.61
14.02
12.76
10.71
7.90
4.53
0.88
-2.78
-6.27
-9.49
-12.55
-15.68
-19.22
-23.43
-28.26
-33.26
-37.57
-40.15
-40.21
-37.48
-32.26
-25.26
-17.28
-8.97
-0.82
6.75
13.29
18.35
21.64
23.26
23.68
23.55
23.44
23.59
23.88
24.00
23.64
22.71
21.35
19.86
18.54
17.54
16.86
16.36
15.87
15.30
14.60
13.79
12.80
11.48
9.71
7.41
4.62
1.52
-1.72
-4.99
-8.35
-11.91
-15.74
-19.81
-23.87
-27.42
-29.82
-30.39
-28.68
-24.55
-18.34
-10.81
-2.95
4.33
10.41
15.09
18.49
20.93
22.66
23.81
24.42
24.57
24.34
23.85
23.14
22.12
20.67
18.76
16.58
14.53
13.12
12.65
13.14
14.10
14.84
14.61
13.02
10.11
6.32
2.26
-1.65
-5.18
-8.40
-11.43
-14.45
-17.59
-20.96
-24.50
-27.96
-30.73
-31.97
-30.84
-26.93
-20.49
-12.44
-4.07
3.49
9.58
14.05
17.07
18.89
19.67
19.59
18.92
17.94
16.94
15.98
14.90
13.49
11.71
9.80
8.28
7.65
8.16
9.58
11.20
12.19
11.92
10.24
7.46
4.19
0.99
-1.85
-4.35
-6.67
-9.06
-11.76
-15.03
-19.13
-24.18
-29.92
-35.57
-39.95
-41.81
-40.35
-35.55
-28.22
-19.61
-10.95
-3.07
3.68
9.22
13.52
16.51
18.11
18.45
17.92
17.02
16.17
15.52
14.94
14.22
13.21
12.04
10.99
10.32
10.13
10.25
10.35
10.05
9.14
7.48
5.09
2.08
-1.40
-5.05
-8.48
-11.30
-13.36
-14.84
-16.28
-18.40
-21.78
-26.60
-32.45
-38.42
-43.28
-45.88
-45.45
-41.78
-35.30
-26.86
-17.58
-8.59
-0.81
5.15
9.12
11.32
12.25
12.57
12.87
13.51
14.62
16.04
17.46
18.55
19.08
18.93
18.11
16.76
15.04
13.23
11.62
10.48
9.90
9.68
9.35
8.37
6.38
3.42
-0.12
-3.68
-6.93
-9.96
-13.32
-17.69
-23.45
-30.34
-37.49
-43.63
-47.55
-48.44
-46.06
-40.68
-32.98
-23.89
-14.39
-5.38
2.50
8.97
14.01
17.85
20.71
22.79
24.19
25.02
25.38
25.42
25.20
24.70
23.85
22.68
21.38
20.25
19.52
19.22
19.09
18.73
17.74
15.99
13.50
10.46
7.07
3.42
-0.43
-4.47
-8.67
-13.09
-17.83
-23.06
-28.75
-34.51
-39.44
-42.31
-41.95
-37.64
-29.60
-18.97
-7.50
3.01
11.33
17.12
20.82
23.21
24.96
26.28
26.98
26.74
25.39
23.19
20.74
18.66
17.36
16.90
17.06
17.54
18.14
18.75
19.24
19.33
18.60
16.64
13.34
9.01
4.35
0.13
-3.18
-5.64
-7.84
-10.66
-14.72
-20.20
-26.61
-32.89
-37.67
-39.73
-38.26
-33.19
-25.15
-15.31
-4.99
4.70
13.08
19.88
25.08
28.76
31.02
31.96
31.85
31.07
30.00
28.98
28.11
27.30
26.43
25.44
24.41
23.58
23.09
22.94
22.94
22.67
21.68
19.62
16.38
12.14
7.31
2.39
-2.21
-6.38
-10.26
-14.25
-18.86
-24.41
-31.01
-38.22
-45.26
-51.00
-54.29
-54.32
-50.76
-43.90
-34.52
-23.70
-12.50
-1.86
7.59
15.41
21.34
25.35
27.61
28.54
28.68
28.53
28.39
28.31
28.18
27.79
27.08
26.11
25.17
24.57
24.54
25.09
25.93
26.59
26.46
25.02
22.03
17.56
12.10
6.33
0.97
-3.50
-6.85
-9.29
-11.31
-13.62
-16.93
-21.75
-28.10
-35.37
-42.40
-47.74
-50.06
-48.67
-43.55
-35.41
-25.32
-14.39
-3.55
6.44
15.02
21.78
26.47
29.14
30.14
30.07
29.60
29.18
28.94
28.72
28.21
27.17
25.62
23.77
22.05
20.84
20.31
20.45
20.95
21.32
21.06
19.75
17.21
13.59
9.32
4.95
0.95
-2.47
-5.50
-8.59
-12.25
-16.91
-22.67
-29.27
-36.02
-41.91
-45.74
-46.45
-43.39
-36.64
-27.05
-16.08
-5.31
3.94
11.02
15.97
19.29
21.58
23.22
24.34
24.86
24.72
23.99
22.93
21.84
20.88
20.06
19.24
18.25
17.04
15.68
14.33
13.08
11.95
10.89
9.81
8.68
7.47
6.06
4.23
1.70
-1.82
-6.46
-12.19
-18.72
-25.49
-31.69
-36.32
-38.35
-37.05
-32.29
-24.69
-15.55
-6.38
1.62
7.88
12.53
16.10
19.02
21.41
23.03
23.53
22.82
21.22
19.36
17.80
16.76
15.97
14.95
13.45
11.53
9.66
8.24
7.36
6.62
5.41
3.24
0.11
-3.57
-7.23
-10.47
-13.37
-16.28
-19.63
-23.65
-28.24
-33.09
-37.77
-41.84
-44.78
-45.97
-44.83
-40.95
-34.39
-25.81
-16.21
-6.66
1.99
9.39
15.50
20.35
24.00
26.40
27.65
28.05
28.01
27.92
27.86
27.62
26.83
25.32
23.25
21.14
19.52
18.66
18.40
18.26
17.67
16.26
14.00
11.12
8.02
4.99
2.09
-0.73
-3.62
-6.67
-9.94
-13.49
-17.56
-22.41
-28.14
-34.41
-40.31
-44.51
-45.67
-43.11
-37.03
-28.52
-19.09
-10.01
-1.96
5.04
11.22
16.69
21.22
24.45
26.13
26.45
26.03
25.64
25.82
26.57
27.44
27.80
27.18
25.57
23.35
21.15
19.48
18.60
18.42
18.56
18.48
17.61
15.54
12.21
7.95
3.36
-0.92
-4.48
-7.34
-9.87
-12.69
-16.36
-21.11
-26.74
-32.63
-37.84
-41.31
-42.20
-40.04
-34.91
-27.38
-18.37
-8.93
-0.06
7.48
13.20
16.98
19.07
20.00
20.39
20.73
21.21
21.73
22.05
22.01
21.60
20.95
20.21
19.45
18.74
18.07
17.55
17.21
17.00
16.69
15.94
14.49
12.22
9.26
5.86
2.27
-1.41
-5.25
-9.41
-14.09
-19.35
-24.97
-30.48
-35.12
-38.05
-38.54
-36.24
-31.28
-24.29
-16.23
-8.17
-1.04
4.59
8.65
11.52
13.72
15.61
17.15
17.96
17.59
15.92
13.40
10.91
9.26
8.76
9.13
9.69
9.84
9.35
8.38
7.14
5.66
3.71
1.01
-2.46
-6.36
-10.09
-13.10
-15.20
-16.74
-18.43
-20.99
-24.76
-29.46
-34.18
-37.68
-38.78
-36.81
-31.84
-24.67
-16.47
-8.46
-1.48
4.10
8.33
11.48
13.79
15.35
16.10
15.93
14.84
13.01
10.84
8.75
7.09
5.96
5.26
4.78
4.40
4.13
3.99
3.97
3.83
3.26
1.98
-0.10
-2.79
-5.74
-8.65
-11.51
-14.53
-18.13
-22.58
-27.87
-33.50
-38.64
-42.30
-43.64
-42.15
-37.78
-30.91
-22.24
-12.69
-3.18
5.45
12.53
17.75
21.04
22.67
23.05
22.65
21.86
21.03
20.39
20.02
19.83
19.55
18.91
17.74
16.17
14.51
13.05
11.86
10.69
9.21
7.12
4.47
1.56
-1.23
-3.73
-6.06
-8.56
-11.53
-15.10
-19.20
-23.63
-28.15
-32.42
-35.94
-38.01
-37.96
-35.41
-30.47
-23.92
-16.88
-10.54
-5.62
-2.28
-0.08
1.67
3.46
5.42
7.29
8.62
9.11
8.82
8.14
7.58
7.52
7.99
8.66
9.09
8.99
8.37
7.51
6.79
6.45
6.44
6.51
6.29
5.55
4.25
2.40
0.14
-2.37
-4.99
-7.40
-9.10
-9.46
-7.87
-4.07
1.75
8.93
16.55
23.72
29.81
34.58
38.02
40.33
41.70
42.23
41.97
40.93
39.11
36.61
33.65
30.51
27.54
24.94
22.73
20.76
18.81
16.70
14.40
12.04
9.81
7.87
6.21
4.68
3.04
0.99
-1.73
-5.21
-9.37
-13.84
-17.99
-21.08
-22.51
-21.95
-19.49
-15.54
-10.68
-5.55
-0.70
3.52
6.89
9.34
10.87
11.47
11.18
10.07
8.27
6.02
3.65
1.56
0.05
-0.78
-1.08
-1.16
-1.36
-1.94
-2.96
-4.38
-6.08
-7.97
-9.92
-11.82
-13.58
-15.24
-16.99
-19.10
-21.79
-25.02
-28.41
-31.24
-32.76
-32.43
-30.21
-26.54
-22.07
-17.46
-13.08
-9.09
-5.51
-2.38
0.18
2.07
3.22
3.72
3.72
3.39
2.81
2.05
1.15
0.18
-0.78
-1.66
-2.44
-3.10
-3.65
-3.99
-4.01
-3.72
-3.34
-3.33
-4.26
-6.49
-10.02
-14.35
-18.73
-22.37
-24.71
-25.60
-25.17
-23.71
-21.36
-18.06
-13.67
-8.15
-1.85
4.61
10.49
15.24
18.64
20.86
22.23
23.04
23.35
23.07
22.11
20.55
18.64
16.74
15.09
13.75
12.52
11.12
9.36
7.24
4.99
2.85
0.98
-0.69
-2.42
-4.49
-7.09
-10.12
-13.36
-16.52
-19.47
-22.23
-25.02
-27.97
-31.02
-33.78
-35.61
-35.79
-33.82
-29.52
-23.37
-16.26
-9.34
-3.53
0.73
3.53
5.41
6.90
8.40
9.90
11.21
12.07
12.42
12.40
12.24
12.17
12.20
12.17
11.84
11.05
9.73
7.99
6.06
4.21
2.67
1.54
0.82
0.35
-0.13
-0.90
-2.17
-3.94
-5.95
-7.80
-9.14
-9.90
-10.36
-11.08
-12.58
-15.16
-18.59
-22.26
-25.25
-26.71
-26.08
-23.23
-18.44
-12.33
-5.61
0.95
6.68
11.08
13.95
15.48
16.12
16.46
16.93
17.67
18.43
18.77
18.35
17.06
15.08
12.83
10.76
9.24
8.46
8.39
8.88
9.66
10.45
10.97
11.05
10.65
9.77
8.56
7.16
5.70
4.23
2.61
0.52
-2.39
-6.29
-11.02
-15.95
-20.21
-22.93
-23.63
-22.21
-18.97
-14.45
-9.24
-3.91
1.07
5.39
8.91
11.55
13.34
14.32
14.62
14.45
14.07
13.73
13.45
13.10
12.39
11.06
9.11
6.85
4.80
3.41
2.90
3.05
3.35
3.17
2.09
0.07
-2.51
-4.99
-6.85
-7.88
-8.38
-9.02
-10.44
-13.03
-16.66
-20.88
-25.05
-28.57
-30.97
-31.92
-31.16
-28.56
-24.24
-18.56
-12.16
-5.74
0.03
4.62
7.75
9.37
9.73
9.22
8.38
7.65
7.21
7.01
6.85
6.60
6.31
6.17
6.31
6.61
6.74
6.33
5.31
3.98
2.88
2.49
2.82
3.41
3.56
2.60
0.37
-2.77
-6.14
-9.10
-11.33
-12.99
-14.54
-16.44
-18.97
-22.01
-25.21
-28.12
-30.31
-31.50
-31.53
-30.31
-27.82
-24.13
-19.38
-13.89
-8.05
-2.34
2.79
6.93
9.85
11.60
12.36
12.50
12.30
11.84
11.07
9.95
8.64
7.55
7.20
7.90
9.54
11.53
13.13
13.77
13.26
11.88
10.10
8.27
6.54
4.87
3.17
1.46
-0.25
-1.92
-3.58
-5.38
-7.44
-9.81
-12.45
-15.35
-18.53
-22.08
-26.05
-30.31
-34.43
-37.82
-39.90
-40.30
-38.89
-35.75
-31.14
-25.34
-18.77
-11.96
-5.57
-0.22
3.69
6.20
7.70
8.75
9.79
11.03
12.33
13.47
14.31
14.90
15.36
15.80
16.06
15.98
15.39
14.30
12.93
11.52
10.20
8.85
7.25
5.20
2.69
-0.11
-2.90
-5.43
-7.64
-9.55
-11.31
-13.02
-14.73
-16.53
-18.51
-20.75
-23.12
-25.19
-26.27
-25.63
-22.85
-18.15
-12.26
-6.21
-0.86
3.41
6.68
9.27
11.37
12.93
13.79
13.82
13.18
12.17
11.15
10.29
9.54
8.79
7.98
7.13
6.41
5.99
5.89
5.99
6.02
5.74
4.91
3.45
1.34
-1.21
-3.97
-6.67
-9.11
-11.27
-13.31
-15.56
-18.44
-22.17
-26.62
-31.17
-34.81
-36.47
-35.38
-31.42
-25.10
-17.37
-9.26
-1.54
5.33
11.16
15.88
19.38
21.57
22.50
22.44
21.90
21.35
21.10
21.15
21.23
21.02
20.39
19.49
18.66
18.22
18.20
18.38
18.39
17.87
16.70
14.97
12.88
10.55
7.96
4.95
1.40
-2.70
-7.21
-11.96
-16.86
-21.93
-27.13
-32.20
-36.54
-39.32
-39.76
-37.47
-32.61
-25.85
-18.13
-10.34
-3.06
3.42
9.09
13.96
18.01
21.17
23.38
24.60
24.92
24.53
23.75
22.92
22.34
22.18
22.38
22.71
22.89
22.80
22.51
22.21
22.03
21.80
21.12
19.48
16.64
12.76
8.45
4.44
1.22
-1.16
-3.04
-4.97
-7.42
-10.64
-14.75
-19.72
-25.40
-31.45
-37.16
-41.47
-43.22
-41.55
-36.29
-28.12
-18.36
-8.56
0.04
6.90
12.11
16.12
19.30
21.78
23.44
24.18
24.17
23.83
23.60
23.66
23.77
23.48
22.38
20.51
18.39
16.65
15.82
15.93
16.53
17.04
16.92
15.91
13.99
11.32
8.11
4.59
0.99
-2.46
-5.59
-8.44
-11.31
-14.64
-18.90
-24.23
-30.22
-35.85
-39.74
-40.58
-37.68
-31.25
-22.34
-12.43
-2.92
5.29
11.87
16.89
20.50
22.82
24.03
24.37
24.19
23.77
23.22
22.46
21.37
20.01
18.76
18.15
18.49
19.70
21.22
22.23
22.09
20.55
17.81
14.37
10.79
7.46
4.54
1.92
-0.64
-3.49
-6.88
-10.98
-15.75
-20.96
-26.17
-30.76
-33.99
-35.14
-33.60
-29.18
-22.23
-13.65
-4.69
3.46
10.00
14.76
18.09
20.51
22.42
23.93
24.90
25.12
24.49
23.10
21.24
19.25
17.50
16.21
15.43
15.08
14.96
14.83
14.53
13.93
12.96
11.49
9.37
6.47
2.86
-1.11
-4.86
-7.93
-10.26
-12.30
-14.89
-18.70
-23.82
-29.53
-34.63
-37.89
-38.54
-36.50
-32.14
-26.10
-19.02
-11.49
-4.01
2.89
8.75
13.32
16.57
18.78
20.27
21.27
21.90
22.16
22.07
21.70
21.21
20.65
19.99
19.13
18.05
16.90
15.98
15.59
15.75
16.14
16.11
15.04
12.61
9.09
5.12
1.42
-1.61
-4.01
-6.13
-8.37
-10.99
-14.03
-17.47
-21.32
-25.63
-30.18
-34.44
-37.44
-38.14
-35.86
-30.68
-23.50
-15.64
-8.31
-2.13
2.99
7.49
11.73
15.65
18.81
20.78
21.47
21.33
21.08
21.27
21.97
22.76
23.07
22.64
21.61
20.51
19.82
19.68
19.86
19.90
19.40
18.18
16.32
13.91
11.11
8.01
4.75
1.55
-1.41
-4.04
-6.47
-8.99
-11.85
-15.23
-19.13
-23.40
-27.86
-32.21
-35.98
-38.59
-39.39
-37.88
-33.94
-27.97
-20.79
-13.38
-6.63
-1.01
3.40
6.80
9.44
11.47
12.86
13.56
13.61
13.19
12.62
12.11
11.76
11.46
11.09
10.62
10.22
10.12
10.35
10.75
10.94
10.56
9.48
7.80
5.78
3.67
1.60
-0.46
-2.58
-4.83
-7.29
-9.92
-12.83
-16.10
-19.83
-23.91
-27.91
-30.99
-32.20
-30.76
-26.45
-19.89
-12.23
-4.79
1.55
6.50
10.36
13.57
16.34
18.47
19.57
19.35
17.90
15.67
13.28
11.22
9.70
8.66
7.91
7.31
6.85
6.62
6.72
7.19
7.83
8.28
8.10
6.94
4.66
1.52
-2.12
-5.74
-8.93
-11.53
-13.64
-15.55
-17.62
-20.24
-23.57
-27.52
-31.56
-34.93
-36.69
-36.15
-33.04
-27.70
-20.86
-13.46
-6.29
0.15
5.64
10.10
13.53
15.93
17.42
18.19
18.52
18.56
18.38
17.98
17.30
16.43
15.46
14.46
13.49
12.56
11.82
11.47
11.75
12.73
14.08
15.16
15.16
13.45
9.91
4.98
-0.43
-5.35
-9.05
-11.30
-12.38
-12.92
-13.66
-15.24
-18.04
-22.22
-27.61
-33.67
-39.48
-43.89
-45.77
-44.39
-39.70
-32.35
-23.50
-14.41
-6.06
0.91
6.38
10.52
13.61
15.97
17.72
18.82
19.13
18.59
17.39
15.96
14.87
14.51
14.95
15.89
16.88
17.57
17.87
17.89
17.79
17.57
17.02
15.79
13.65
10.55
6.73
2.66
-1.17
-4.35
-6.77
-8.58
-10.14
-11.87
-14.07
-16.89
-20.32
-24.18
-28.28
-32.25
-35.68
-38.01
-38.65
-37.22
-33.58
-28.04
-21.21
-13.89
-6.90
-0.80
4.15
8.02
11.12
13.76
16.10
18.05
19.38
19.88
19.53
18.55
17.32
16.18
15.33
14.78
14.45
14.23
14.07
13.95
13.73
13.21
12.21
10.65
8.65
6.52
4.64
3.19
2.14
1.13
-0.48
-3.28
-7.66
-13.47
-19.99
-26.11
-30.58
-32.50
-31.52
-27.92
-22.35
-15.58
-8.23
-0.79
6.29
12.49
17.25
20.18
21.21
20.66
19.12
17.21
15.40
13.93
12.91
12.33
12.18
12.39
12.85
13.38
13.74
13.78
13.45
12.83
11.99
11.00
9.78
8.18
6.01
3.20
-0.12
-3.68
-7.19
-10.56
-13.98
-17.81
-22.34
-27.50
-32.80
-37.42
-40.43
-41.12
-39.11
-34.53
-27.87
-19.93
-11.63
-3.79
3.00
8.49
12.72
15.99
18.56
20.62
22.19
23.16
23.43
22.98
21.95
20.59
19.18
17.97
17.05
16.44
16.08
15.91
15.94
16.17
16.47
16.62
16.25
15.06
12.88
9.81
6.23
2.58
-0.83
-3.90
-6.82
-9.83
-13.12
-16.72
-20.57
-24.63
-28.93
-33.50
-38.10
-42.07
-44.42
-44.19
-40.88
-34.72
-26.65
-17.89
-9.49
-2.08
4.20
9.38
13.53
16.65
18.76
20.04
20.80
21.42
22.19
23.14
24.10
24.86
25.29
25.41
25.37
25.32
25.33
25.31
25.19
24.89
24.33
23.42
22.06
20.10
17.51
14.45
11.21
8.10
5.29
2.62
-0.25
-3.72
-7.92
-12.60
-17.27
-21.47
-25.10
-28.42
-31.84
-35.52
-39.08
-41.63
-42.19
-40.12
-35.42
-28.73
-20.91
-12.80
-4.86
2.57
9.14
14.42
17.99
19.75
20.05
19.59
19.19
19.34
20.04
20.84
21.18
20.66
19.29
17.50
15.88
14.95
14.94
15.72
16.84
17.76
17.96
17.09
15.08
12.09
8.42
4.49
0.69
-2.62
-5.25
-7.24
-8.89
-10.72
-13.31
-17.04
-21.80
-26.99
-31.52
-34.25
-34.23
-31.15
-25.40
-17.91
-9.92
-2.56
3.33
7.49
10.10
11.70
12.87
13.97
15.02
15.81
16.09
15.81
15.10
14.22
13.25
12.18
10.91
9.53
8.28
7.50
7.38
7.80
8.32
8.41
7.71
6.18
3.99
1.37
-1.54
-4.73
-8.22
-12.05
-16.19
-20.56
-25.08
-29.48
-33.32
-35.91
-36.50
-34.52
-29.82
-22.83
-14.49
-5.98
1.66
7.80
12.36
15.71
18.33
20.58
22.56
24.17
25.31
26.07
26.67
27.38
28.28
29.18
29.76
29.81
29.35
28.62
27.91
27.32
26.84
26.37
25.96
25.81
26.18
27.12
28.39
29.47
29.84
29.20
27.52
24.88
21.43
17.28
12.79
8.63
5.87
5.63
8.72
15.31
24.83
36.16
47.97
59.01
68.44
75.80
81.22
85.30
88.98
93.14
97.95
102.41
104.33
100.87
89.67
69.98
43.15
12.35
-18.42
-45.46
-66.22
-79.67
-86.11
-86.91
-83.96
-79.38
-75.08
-72.43
-72.07
-73.98
-77.68
-82.51
-87.73
-92.56
-96.14
-97.73
-97.05
-94.65
-92.01
-90.85
-92.28
-95.73
-98.73
-97.46
-88.07
-68.24
-38.28
-1.23
38.04
74.41
103.89
124.51
136.29
140.64
139.62
135.37
129.78
124.31
119.65
115.46
110.53
103.20
92.27
77.67
60.60
43.08
26.94
12.98
0.78
-10.94
-23.57
-37.84
-53.72
-70.46
-86.96
-102.08
-114.70
-123.79
-128.50
-128.33
-123.35
-114.34
-102.72
-90.21
-78.48
-68.59
-60.79
-54.68
-49.74
-45.82
-43.54
-44.16
-48.90
-58.24
-71.43
-86.56
-101.18
-113.22
-121.76
-127.22
-131.07
-135.04
-140.31
-147.09
-154.75
-162.29
-168.79
-173.59
-176.14
-176.09
-173.71
-170.47
-169.00
-171.96
-180.23
-191.18
-198.64
-194.89
-173.95
-134.63
-81.45
-22.94
31.90
76.76
109.61
131.88
146.30
154.99
158.66
157.42
151.95
144.25
137.34
133.94
135.09
139.47
144.00
145.34
141.64
133.23
122.46
112.27
104.85
100.71
98.80
97.38
94.92
90.72
84.94
78.27
71.45
64.97
58.97
53.28
47.60
41.64
35.32
28.83
22.66
17.46
13.88
12.36
12.96
15.31
18.73
22.44
25.79
28.34
29.92
30.57
30.48
29.85
28.88
27.70
26.42
25.05
23.63
22.19
20.84
19.68
18.71
17.86
16.89
15.51
13.51
10.98
8.24
5.81
4.12
3.24
2.81
2.23
0.85
-1.69
-5.48
-10.27
-15.69
-21.30
-26.56
-30.83
-33.36
-33.49
-30.83
-25.51
-18.21
-9.91
-1.63
5.87
12.20
17.34
21.39
24.55
26.90
28.46
29.26
29.30
28.68
27.59
26.29
25.03
24.12
23.70
23.71
23.90
23.89
23.30
21.91
19.77
17.06
14.09
11.05
8.07
5.18
2.32
-0.60
-3.71
-7.23
-11.41
-16.39
-22.02
-27.79
-32.81
-36.07
-36.78
-34.58
-29.69
-22.78
-14.77
-6.60
0.96
7.37
12.39
16.04
18.54
20.16
21.14
21.61
21.59
21.13
20.32
19.42
18.72
18.37
18.29
18.22
17.92
17.38
16.84
16.59
16.77
17.15
17.30
16.75
15.29
12.98
10.06
6.75
3.17
-0.63
-4.62
-8.76
-12.99
-17.31
-21.68
-25.89
-29.49
-31.82
-32.20
-30.25
-26.06
-20.12
-13.21
-6.13
0.44
5.96
10.10
12.77
14.19
14.79
15.06
15.30
15.51
15.52
15.11
14.27
13.22
12.27
11.66
11.43
11.49
11.58
11.47
10.99
10.04
8.60
6.70
4.45
1.96
-0.64
-3.29
-5.99
-8.80
-11.76
-14.92
-18.25
-21.63
-24.81
-27.32
-28.57
-27.95
-25.08
-20.05
-13.43
-6.17
0.73
6.46
10.66
13.37
14.87
15.52
15.61
15.36
14.96
14.59
14.38
14.30
14.25
13.99
13.39
12.44
11.24
9.97
8.71
7.44
6.06
4.49
2.70
0.80
-1.09
-2.97
-4.96
-7.37
-10.48
-14.46
-19.15
-24.12
-28.66
-32.02
-33.58
-32.97
-30.23
-25.65
-19.74
-13.11
-6.40
-0.16
5.19
9.46
12.70
15.09
16.81
17.96
18.51
18.31
17.38
15.91
14.29
12.97
12.23
12.04
12.09
12.01
11.54
10.73
9.76
8.76
7.70
6.31
4.35
1.71
-1.39
-4.61
-7.65
-10.45
-13.25
-16.38
-20.09
-24.35
-28.71
-32.46
-34.72
-34.81
-32.48
-28.02
-22.18
-15.93
-10.08
-5.01
-0.66
3.26
6.99
10.47
13.31
15.08
15.56
14.99
14.00
13.32
13.49
14.59
16.26
17.83
18.66
18.40
17.13
15.25
13.31
11.68
10.48
9.57
8.71
7.71
6.43
4.85
2.91
0.59
-2.12
-5.06
-8.04
-10.85
-13.39
-15.77
-18.33
-21.45
-25.28
-29.58
-33.60
-36.40
-37.10
-35.33
-31.43
-26.19
-20.62
-15.49
-11.04
-7.11
-3.35
0.42
4.12
7.38
9.85
11.42
12.23
12.61
12.91
13.30
13.82
14.46
15.15
15.91
16.72
17.45
17.88
17.73
16.82
15.15
12.96
10.56
8.25
6.18
4.30
2.53
0.80
-0.84
-2.29
-3.49
-4.48
-5.45
-6.67
-8.39
-10.76
-13.73
-17.14
-20.76
-24.38
-27.77
-30.66
-32.70
-33.46
-32.54
-29.74
-25.23
-19.53
-13.38
-7.56
-2.63
1.15
3.77
5.45
6.49
7.17
7.72
8.24
8.73
9.06
9.10
8.81
8.21
7.50
6.86
6.53
6.57
6.90
7.29
7.43
7.07
6.03
4.43
2.53
0.66
-1.00
-2.55
-4.27
-6.44
-9.21
-12.40
-15.73
-19.01
-22.23
-25.53
-28.90
-31.96
-33.96
-34.08
-31.85
-27.47
-21.65
-15.33
-9.20
-3.54
1.69
6.50
10.69
13.81
15.45
15.56
14.55
13.10
11.84
11.05
10.57
10.04
9.21
8.11
7.08
6.50
6.54
7.03
7.55
7.62
6.96
5.54
3.56
1.38
-0.76
-2.74
-4.58
-6.42
-8.43
-10.85
-13.84
-17.57
-22.14
-27.45
-33.14
-38.56
-42.81
-44.96
-44.41
-41.10
-35.53
-28.69
-21.62
-15.12
-9.58
-4.96
-0.97
2.75
6.41
10.00
13.19
15.53
16.61
16.36
15.08
13.41
12.03
11.31
11.19
11.37
11.48
11.40
11.37
11.67
12.37
13.14
13.35
12.43
10.20
6.98
3.43
0.16
-2.63
-5.14
-7.84
-11.16
-15.22
-19.85
-24.75
-29.67
-34.55
-39.30
-43.64
-46.92
-48.33
-47.06
-42.91
-36.28
-28.10
-19.42
-11.11
-3.64
2.87
8.33
12.61
15.49
16.92
17.09
16.51
15.81
15.46
15.61
16.14
16.81
17.46
18.11
18.88
19.79
20.72
21.43
21.63
21.16
20.04
18.37
16.26
13.77
10.82
7.41
3.62
-0.31
-4.17
-7.78
-11.25
-14.85
-18.87
-23.45
-28.43
-33.43
-37.95
-41.51
-43.64
-44.05
-42.42
-38.58
-32.57
-24.81
-16.04
-7.22
0.79
7.46
12.63
16.42
18.94
20.34
20.71
20.31
19.58
18.97
18.81
19.06
19.49
19.67
19.38
18.64
17.75
17.04
16.64
16.38
15.80
14.45
12.01
8.62
4.79
1.17
-1.70
-3.83
-5.67
-8.01
-11.48
-16.29
-22.11
-28.23
-33.70
-37.59
-39.15
-37.85
-33.59
-26.74
-18.11
-8.69
0.51
8.78
15.75
21.24
25.25
27.77
28.93
29.04
28.51
27.75
26.96
26.09
24.89
23.28
21.42
19.77
18.83
18.88
19.65
20.46
20.45
19.06
16.29
12.69
9.02
5.81
3.04
0.18
-3.38
-7.98
-13.51
-19.45
-25.39
-31.13
-36.75
-42.28
-47.34
-50.94
-51.84
-49.08
-42.46
-32.87
-21.90
-11.22
-2.02
5.24
10.79
15.14
18.77
21.93
24.64
26.83
28.39
29.28
29.61
29.55
29.28
28.97
28.69
28.33
27.74
26.80
25.54
24.12
22.68
21.22
19.58
17.47
14.71
11.32
7.53
3.70
0.14
-3.07
-6.19
-9.75
-14.35
-20.42
-27.82
-35.75
-42.85
-47.72
-49.25
-47.09
-41.55
-33.43
-23.64
-13.07
-2.58
7.02
14.98
20.82
24.60
26.86
28.43
29.89
31.36
32.48
32.76
32.11
30.89
29.87
29.60
30.10
30.81
31.00
30.28
28.90
27.58
26.83
26.62
26.23
24.71
21.48
16.77
11.49
6.63
2.72
-0.49
-3.74
-7.70
-12.55
-17.94
-23.36
-28.57
-33.75
-39.07
-44.35
-48.73
-50.91
-49.79
-44.99
-37.13
-27.49
-17.44
-7.95
0.65
8.40
15.39
21.52
26.52
30.12
32.22
32.98
32.69
31.80
30.68
29.79
29.40
29.62
30.25
30.87
31.09
30.70
29.79
28.70
27.76
27.09
26.52
25.65
23.98
21.23
17.37
12.69
7.68
2.80
-1.59
-5.29
-8.33
-10.87
-13.23
-15.86
-19.34
-24.15
-30.41
-37.64
-44.64
-49.82
-51.66
-49.34
-43.08
-34.06
-23.84
-13.87
-5.00
2.52
8.82
14.07
18.30
21.37
23.19
23.95
24.07
24.05
24.21
24.45
24.42
23.70
22.19
20.19
18.33
17.25
17.22
18.07
19.14
19.62
18.79
16.32
12.42
7.70
2.91
-1.34
-4.84
-7.85
-10.93
-14.72
-19.52
-25.28
-31.40
-36.97
-40.91
-42.24
-40.38
-35.31
-27.66
-18.47
-8.90
0.14
8.14
14.91
20.41
24.53
27.18
28.37
28.38
27.69
26.89
26.33
26.05
25.79
25.17
23.97
22.30
20.51
19.00
18.00
17.48
17.14
16.61
15.59
13.97
11.78
9.14
6.10
2.71
-1.00
-4.96
-8.98
-12.94
-16.76
-20.54
-24.57
-29.18
-34.52
-40.30
-45.73
-49.60
-50.71
-48.26
-42.29
-33.69
-23.87
-14.25
-5.77
1.21
6.91
11.66
15.75
19.23
22.02
24.01
25.22
25.79
26.01
26.15
26.31
26.43
26.32
25.77
24.71
23.30
21.87
20.71
19.97
19.59
19.33
18.88
17.94
16.31
13.92
10.85
7.28
3.43
-0.47
-4.32
-8.09
-11.82
-15.60
-19.53
-23.71
-28.29
-33.32
-38.63
-43.76
-47.86
-49.96
-49.25
-45.42
-38.82
-30.28
-20.93
-11.85
-3.75
3.14
8.91
13.86
18.13
21.61
24.03
25.17
25.11
24.28
23.27
22.55
22.24
22.09
21.72
20.89
19.74
18.64
18.00
17.96
18.30
18.52
18.14
16.83
14.60
11.64
8.29
4.86
1.63
-1.25
-3.77
-6.15
-8.77
-12.03
-16.22
-21.27
-26.77
-32.07
-36.52
-39.58
-40.96
-40.48
-38.12
-33.96
-28.26
-21.52
-14.38
-7.43
-1.11
4.30
8.68
11.89
13.88
14.74
14.79
14.60
14.70
15.38
16.46
17.47
17.86
17.38
16.25
14.96
14.03
13.69
13.81
13.94
13.70
12.75
11.01
8.58
5.63
2.43
-0.81
-3.92
-6.91
-9.93
-13.33
-17.45
-22.38
-27.82
-32.93
-36.64
-37.97
-36.43
-32.17
-25.97
-18.84
-11.73
-5.26
0.42
5.38
9.76
13.59
16.70
18.85
19.93
20.00
19.27
18.09
16.72
15.32
14.00
12.81
11.92
11.57
11.98
13.16
14.86
16.55
17.60
17.56
16.36
14.26
11.77
9.36
7.27
5.51
3.85
2.01
-0.25
-3.17
-6.89
-11.46
-16.68
-22.07
-26.75
-29.71
-30.02
-27.19
-21.36
-13.17
-3.61
6.25
15.45
23.25
29.06
32.55
33.72
32.94
30.88
28.38
26.03
24.06
22.26
20.16
17.40
13.97
10.25
6.77
4.05
2.22
1.08
0.17
-1.09
-3.05
-5.85
-9.34
-13.21
-17.13
-20.86
-24.24
-27.18
-29.71
-31.89
-33.96
-36.30
-39.27
-43.11
-47.69
-52.46
-56.53
-59.01
-59.23
-57.07
-52.82
-47.14
-40.70
-34.09
-27.66
-21.57
-15.87
-10.59
-5.84
-1.78
1.40
3.56
4.72
5.05
4.87
4.60
4.61
5.19
6.43
8.32
10.67
13.17
15.49
17.28
18.44
19.00
19.13
18.87
18.08
16.44
13.66
9.83
5.47
1.40
-1.60
-3.21
-3.75
-4.03
-4.94
-7.14
-10.81
-15.63
-20.91
-25.86
-29.66
-31.70
-31.62
-29.33
-25.03
-19.12
-12.19
-4.90
2.12
8.38
13.54
17.50
20.33
22.14
23.07
23.20
22.66
21.63
20.39
19.29
18.56
18.31
18.45
18.77
19.08
19.21
19.04
18.45
17.29
15.48
13.07
10.31
7.55
5.10
3.08
1.30
-0.49
-2.55
-5.07
-8.13
-11.79
-16.04
-20.62
-24.93
-28.04
-28.96
-27.03
-22.31
-15.53
-7.77
-0.12
6.72
12.39
16.77
19.89
21.76
22.56
22.57
22.24
21.94
21.86
21.96
21.98
21.65
20.77
19.38
17.69
16.02
14.67
13.79
13.32
12.98
12.40
11.22
9.26
6.60
3.47
0.25
-2.75
-5.45
-8.02
-10.81
-14.22
-18.48
-23.53
-29.00
-34.25
-38.52
-41.02
-41.13
-38.56
-33.50
-26.64
-18.98
-11.56
-5.06
0.30
4.68
8.33
11.37
13.62
14.81
14.86
13.99
12.77
11.87
11.77
12.60
14.02
15.46
16.37
16.51
16.10
15.63
15.57
15.98
16.44
16.32
15.01
12.42
8.95
5.27
1.98
-0.77
-3.26
-5.98
-9.31
-13.39
-18.16
-23.46
-29.14
-34.83
-39.97
-43.68
-45.06
-43.50
-38.98
-32.07
-23.74
-15.04
-6.81
0.38
6.25
10.66
13.59
15.21
15.91
16.17
16.45
16.97
17.65
18.31
18.79
19.10
19.41
19.86
20.47
21.07
21.48
21.65
21.65
21.58
21.38
20.74
19.27
16.69
13.02
8.70
4.33
0.46
-2.59
-4.81
-6.46
-7.94
-9.71
-12.19
-15.70
-20.30
-25.76
-31.48
-36.57
-40.15
-41.55
-40.44
-36.94
-31.44
-24.55
-16.94
-9.27
-2.14
3.97
8.82
12.35
14.65
15.93
16.43
16.35
15.90
15.27
14.70
14.34
14.21
14.15
14.00
13.67
13.20
12.81
12.68
12.89
13.24
13.40
12.92
11.51
9.13
6.07
2.81
-0.11
-2.39
-4.10
-5.66
-7.62
-10.49
-14.39
-19.09
-24.01
-28.54
-32.07
-34.11
-34.24
-32.17
-27.92
-21.89
-14.94
-8.05
-2.06
2.68
6.29
9.13
11.50
13.40
14.60
14.90
14.35
13.24
12.02
11.02
10.30
9.71
9.15
8.62
8.26
8.17
8.34
8.50
8.31
7.51
6.01
3.98
1.65
-0.74
-3.01
-5.12
-7.19
-9.42
-12.12
-15.59
-19.93
-25.00
-30.22
-34.76
-37.62
-38.05
-35.76
-31.00
-24.52
-17.30
-10.27
-4.06
1.06
5.06
8.15
10.51
12.23
13.37
13.95
14.05
13.80
13.31
12.68
12.00
11.36
10.87
10.66
10.77
11.17
11.71
12.19
12.43
12.28
11.61
10.23
8.07
5.09
1.55
-2.14
-5.44
-8.07
-10.04
-11.80
-13.93
-16.95
-21.05
-26.03
-31.36
-36.35
-40.29
-42.56
-42.68
-40.42
-35.86
-29.49
-22.10
-14.61
-7.73
-1.83
3.08
7.23
10.83
13.95
16.50
18.35
19.45
19.92
19.97
19.87
19.79
19.76
19.72
19.49
18.95
18.11
17.09
16.10
15.31
14.76
14.30
13.65
12.50
10.69
8.18
5.08
1.56
-2.18
-5.91
-9.48
-12.80
-15.99
-19.35
-23.25
-27.93
-33.15
-38.26
-42.25
-44.16
-43.41
-40.04
-34.60
-27.91
-20.79
-13.78
-7.20
-1.18
4.14
8.55
11.82
13.82
14.67
14.71
14.43
14.20
14.27
14.58
14.92
15.04
14.90
14.64
14.58
15.03
16.12
17.73
19.48
20.85
21.38
20.73
18.83
15.85
12.13
8.15
4.34
1.05
-1.64
-3.91
-6.18
-8.91
-12.39
-16.72
-21.71
-26.98
-31.99
-35.97
-38.10
-37.66
-34.34
-28.44
-20.90
-12.99
-5.84
-0.09
4.23
7.54
10.33
12.94
15.43
17.70
19.58
20.89
21.54
21.45
20.69
19.45
18.02
16.65
15.51
14.67
14.17
14.00
14.12
14.30
14.14
13.14
10.92
7.49
3.26
-1.09
-4.92
-8.03
-10.68
-13.54
-17.31
-22.30
-28.21
-34.07
-38.65
-40.74
-39.70
-35.51
-28.81
-20.61
-11.94
-3.71
3.48
9.32
13.69
16.70
18.55
19.62
20.25
20.78
21.37
22.05
22.68
23.06
23.04
22.51
21.56
20.37
19.25
18.30
17.54
16.79
15.82
14.45
12.56
10.13
7.16
3.63
-0.41
-4.72
-8.94
-12.75
-16.02
-19.07
-22.47
-26.80
-32.23
-38.30
-43.98
-47.96
-49.18
-47.08
-41.86
-34.32
-25.64
-16.90
-8.79
-1.54
4.98
10.96
16.41
21.08
24.61
26.76
27.64
27.71
27.62
27.79
28.28
28.77
28.79
28.02
26.50
24.60
22.79
21.44
20.68
20.31
20.01
19.39
18.14
16.05
13.05
9.24
4.93
0.60
-3.34
-6.67
-9.55
-12.47
-16.03
-20.66
-26.35
-32.67
-38.80
-43.78
-46.71
-46.88
-43.92
-37.92
-29.52
-19.78
-9.91
-0.95
6.54
12.51
17.18
20.84
23.60
25.41
26.25
26.32
26.05
25.93
26.24
26.89
27.50
27.65
27.15
26.22
25.35
25.00
25.33
26.04
26.55
26.18
24.48
21.33
17.01
12.03
6.98
2.39
-1.51
-4.70
-7.42
-9.96
-12.61
-15.61
-19.11
-23.19
-27.71
-32.25
-36.08
-38.26
-38.01
-35.04
-29.73
-22.92
-15.57
-8.35
-1.56
4.80
10.68
15.86
19.99
22.79
24.26
24.68
24.43
23.81
22.90
21.71
20.28
18.77
17.46
16.60
16.32
16.58
17.20
17.97
18.57
18.63
17.78
15.75
12.50
8.36
3.93
-0.11
-3.36
-5.81
-7.93
-10.40
-13.81
-18.40
-23.91
-29.58
-34.43
-37.46
-37.94
-35.57
-30.56
-23.58
-15.49
-7.20
0.57
7.31
12.77
16.84
19.51
20.84
21.04
20.47
19.64
19.06
19.04
19.60
20.44
21.05
21.02
20.15
18.69
17.07
15.82
15.21
15.18
15.33
15.11
14.10
12.08
9.13
5.51
1.60
-2.28
-5.88
-9.09
-12.01
-14.97
-18.44
-22.86
-28.34
-34.46
-40.24
-44.45
-45.98
-44.26
-39.45
-32.32
-23.91
-15.26
-7.16
-0.08
5.72
10.19
13.36
15.42
16.63
17.31
17.77
18.23
18.77
19.30
19.65
19.67
19.31
18.68
18.04
17.57
17.37
17.40
17.49
17.43
16.97
15.94
14.24
11.87
8.91
5.63
2.31
-0.84
-3.71
-6.35
-8.91
-11.56
-14.52
-18.06
-22.40
-27.59
-33.30
-38.60
-42.25
-43.12
-40.70
-35.30
-28.01
-20.13
-12.67
-6.04
-0.14
5.26
10.19
14.40
17.46
19.23
19.94
20.17
20.51
21.21
22.08
22.66
22.49
21.50
19.99
18.52
17.60
17.43
17.82
18.37
18.66
18.39
17.38
15.53
12.75
9.08
4.77
0.40
-3.38
-6.12
-7.86
-9.21
-10.99
-13.88
-18.06
-23.16
-28.43
-33.15
-36.80
-39.09
-39.86
-38.89
-36.03
-31.23
-24.81
-17.40
-9.88
-3.06
2.49
6.63
9.60
11.73
13.38
14.66
15.50
15.77
15.42
14.63
13.64
12.77
12.19
11.95
11.97
12.13
12.33
12.50
12.54
12.30
11.60
10.29
8.34
5.87
3.14
0.47
-1.84
-3.74
-5.39
-7.21
-9.79
-13.54
-18.55
-24.33
-29.85
-33.80
-35.01
-32.90
-27.71
-20.40
-12.37
-4.87
1.25
5.75
8.89
11.07
12.65
13.76
14.41
14.64
14.56
14.37
14.19
13.95
13.46
12.54
11.20
9.68
8.40
7.68
7.55
7.73
7.70
7.05
5.57
3.38
0.74
-2.09
-4.94
-7.76
-10.57
-13.45
-16.60
-20.22
-24.38
-28.91
-33.21
-36.36
-37.34
-35.51
-30.91
-24.25
-16.72
-9.53
-3.50
1.15
4.71
7.66
10.33
12.73
14.63
15.74
16.04
15.76
15.31
14.97
14.71
14.27
13.36
11.98
10.45
9.25
8.72
8.79
8.95
8.56
7.20
4.86
1.87
-1.31
-4.40
-7.37
-10.35
-13.46
-16.79
-20.34
-24.20
-28.52
-33.28
-38.10
-42.13
-44.25
-43.48
-39.38
-32.36
-23.42
-13.89
-4.96
2.54
8.18
11.94
14.09
15.14
15.75
16.48
17.62
19.05
20.39
21.36
21.89
22.19
22.48
22.78
22.79
22.15
20.73
18.79
16.91
15.62
14.98
14.59
13.76
11.89
8.84
4.96
0.87
-2.87
-5.99
-8.59
-10.95
-13.47
-16.47
-20.18
-24.70
-29.98
-35.66
-40.97
-44.90
-46.41
-44.86
-40.24
-33.28
-25.10
-16.88
-9.45
-3.11
2.18
6.64
10.36
13.26
15.20
16.17
16.38
16.24
16.20
16.63
17.69
19.38
21.45
23.59
25.32
26.27
26.21
25.20
23.55
21.73
20.15
18.93
17.93
16.81
15.24
13.07
10.32
7.14
3.67
0.01
-3.77
-7.53
-11.13
-14.48
-17.68
-21.08
-25.09
-29.90
-35.21
-40.16
-43.57
-44.42
-42.28
-37.47
-30.82
-23.32
-15.74
-8.44
-1.49
5.01
10.87
15.72
19.20
21.09
21.44
20.55
18.85
16.85
15.00
13.63
12.91
12.79
13.07
13.59
14.24
14.99
15.82
16.57
16.92
16.53
15.11
12.63
9.30
5.54
1.73
-1.85
-5.15
-8.40
-12.01
-16.37
-21.64
-27.51
-33.20
-37.57
-39.54
-38.47
-34.46
-28.22
-20.81
-13.17
-5.92
0.66
6.46
11.42
15.39
18.36
20.41
21.78
22.71
23.34
23.58
23.32
22.51
21.30
20.06
19.13
18.69
18.62
18.66
18.44
17.76
16.55
14.87
12.79
10.33
7.46
4.23
0.79
-2.60
-5.74
-8.62
-11.48
-14.72
-18.73
-23.69
-29.46
-35.52
-41.11
-45.28
-47.15
-46.09
-41.95
-35.20
-26.78
-17.83
-9.37
-2.02
4.09
9.13
13.35
16.92
19.81
21.89
23.11
23.55
23.42
23.08
22.81
22.75
22.85
22.88
22.64
22.07
21.30
20.61
20.21
20.13
20.11
19.74
18.59
16.40
13.20
9.30
5.14
1.15
-2.43
-5.60
-8.53
-11.51
-14.79
-18.54
-22.86
-27.78
-33.29
-39.21
-45.02
-49.76
-52.34
-51.80
-47.79
-40.75
-31.77
-22.24
-13.31
-5.70
0.46
5.36
9.34
12.64
15.39
17.64
19.46
20.92
22.12
23.15
24.07
24.85
25.48
25.93
26.21
26.34
26.30
25.98
25.30
24.23
22.91
21.53
20.25
19.04
17.70
15.86
13.24
9.81
5.83
1.70
-2.23
-5.83
-9.24
-12.75
-16.61
-20.97
-25.83
-31.12
-36.61
-41.88
-46.25
-48.84
-48.80
-45.63
-39.49
-31.19
-21.96
-13.07
-5.43
0.66
5.41
9.24
12.50
15.30
17.56
19.13
20.01
20.35
20.33
20.12
19.73
19.13
18.40
17.75
17.43
17.65
18.36
19.21
19.70
19.45
18.30
16.44
14.12
11.63
9.04
6.33
3.40
0.16
-3.37
-7.28
-11.67
-16.74
-22.53
-28.77
-34.69
-39.19
-41.15
-39.88
-35.37
-28.37
-20.05
-11.65
-4.02
2.44
7.75
12.14
15.73
18.49
20.28
21.00
20.63
19.44
17.81
16.23
15.09
14.58
14.67
15.15
15.76
16.25
16.44
16.24
15.56
14.35
12.54
10.13
7.22
3.97
0.58
-2.78
-6.11
-9.60
-13.53
-18.23
-23.74
-29.78
-35.68
-40.49
-43.28
-43.38
-40.52
-34.89
-27.17
-18.25
-9.19
-0.86
6.14
11.65
15.84
19.03
21.51
23.37
24.60
25.14
25.06
24.56
23.87
23.13
22.27
21.17
19.72
18.04
16.39
15.17
14.57
14.46
14.38
13.68
11.89
8.95
5.29
1.52
-1.87
-4.80
-7.66
-10.96
-15.15
-20.30
-26.18
-32.32
-38.14
-42.95
-45.99
-46.44
-43.76
-37.93
-29.64
-20.05
-10.42
-1.60
6.04
12.59
18.13
22.60
25.71
27.26
27.32
26.35
25.04
24.04
23.66
23.84
24.29
24.72
24.97
25.08
25.20
25.40
25.66
25.82
25.59
24.64
22.69
19.68
15.70
11.11
6.40
2.00
-1.87
-5.34
-8.81
-12.85
-18.01
-24.54
-32.28
-40.51
-48.08
-53.66
-56.11
-54.77
-49.69
-41.57
-31.45
-20.41
-9.29
1.38
11.26
20.16
27.88
34.22
39.01
42.19
43.82
44.07
43.27
41.86
40.32
38.99
37.93
36.98
35.81
34.24
32.31
30.26
28.36
26.68
24.91
22.50
18.94
14.02
8.00
1.53
-4.69
-10.09
-14.52
-18.14
-21.31
-24.41
-27.77
-31.58
-35.85
-40.30
-44.23
-46.66
-46.55
-43.22
-36.67
-27.71
-17.60
-7.68
1.09
8.32
14.08
18.63
22.25
25.14
27.42
29.14
30.31
30.76
30.41
29.13
27.07
24.63
22.25
20.31
18.96
18.05
17.29
16.45
15.37
14.08
12.61
10.99
9.11
6.86
4.09
0.76
-3.06
-7.30
-11.97
-17.21
-23.19
-29.98
-37.18
-43.95
-49.12
-51.49
-50.41
-45.96
-39.02
-30.95
-23.06
-16.35
-11.27
-7.80
-5.59
-4.12
-2.91
-1.70
-0.47
0.50
0.81
0.20
-1.21
-2.89
-4.10
-4.20
-3.00
-0.82
1.76
4.09
5.81
6.80
7.04
6.48
5.01
2.59
-0.58
-4.08
-7.38
-10.10
-12.22
-14.13
-16.41
-19.56
-23.66
-28.27
-32.52
-35.31
-35.79
-33.42
-28.22
-20.63
-11.49
-1.73
7.74
16.23
23.37
29.10
33.49
36.72
38.89
40.03
40.11
39.17
37.45
35.42
33.66
32.59
32.36
32.73
33.28
33.53
33.19
32.25
30.87
29.24
27.42
25.22
22.32
18.49
13.81
8.80
4.24
0.90
-0.87
-1.44
-1.71
-2.82
-5.66
-10.45
-16.70
-23.35
-29.19
-33.27
-35.06
-34.61
-32.37
-29.07
-25.49
-22.20
-19.61
-17.80
-16.73
-16.26
-16.31
-16.73
-17.38
-18.07
-18.67
-19.11
-19.41
-19.57
-19.48
-18.89
-17.63
-15.68
-13.32
-11.03
-9.26
-8.16
-7.55
-6.95
-5.90
-4.22
-2.02
0.19
1.86
2.58
2.30
1.30
0.08
-0.90
-1.51
-2.01
-3.06
-5.35
-9.33
-14.86
-21.13
-26.92
-30.92
-32.19
-30.39
-25.86
-19.46
-12.17
-4.88
1.86
7.74
12.60
16.32
18.79
20.02
20.25
19.95
19.64
19.69
20.22
21.02
21.77
22.17
22.13
21.62
20.61
18.99
16.67
13.73
10.59
7.96
6.48
6.51
7.87
9.96
12.01
13.38
13.72
12.96
11.26
8.77
5.70
2.29
-1.16
-4.25
-6.62
-8.10
-8.66
-8.33
-7.10
-4.84
-1.33
3.43
9.14
15.12
20.50
24.48
26.68
27.22
26.58
25.31
23.80
22.16
20.32
18.31
16.27
14.53
13.33
12.77
12.71
12.90
13.07
13.01
12.58
11.67
10.21
8.15
5.50
2.25
-1.67
-6.39
-12.10
-18.82
-26.42
-34.37
-41.88
-47.92
-51.47
-51.85
-48.92
-43.21
-35.84
-28.16
-21.29
-15.84
-11.72
-8.48
-5.57
-2.67
0.16
2.62
4.30
4.90
4.28
2.46
-0.37
-3.79
-7.11
-9.46
-9.99
-8.20
-4.16
1.41
7.28
12.21
15.32
16.32
15.48
13.39
10.64
7.70
4.86
2.24
-0.14
-2.46
-5.12
-8.59
-13.08
-18.29
-23.34
-27.00
-28.27
-26.79
-22.99
-17.87
-12.42
-7.28
-2.58
1.86
6.11
10.04
13.24
15.35
16.29
16.41
16.25
16.25
16.44
16.39
15.42
12.99
8.98
3.84
-1.61
-6.44
-10.02
-12.11
-13.05
-13.52
-14.38
-16.38
-20.01
-25.34
-32.01
-39.29
-46.31
-52.15
-56.19
-58.29
-58.86
-58.78
-58.94
-59.65
-60.23
-58.95
-53.75
-43.30
-27.93
-9.86
7.38
20.29
26.69
26.51
21.65
15.20
10.41
9.76
14.51
24.59
38.84
55.28
71.47
84.91
93.61
96.35
93.08
84.89
73.71
61.81
51.21
43.00
37.29
33.18
29.37
24.75
18.80
11.82
4.68
-1.58
-6.21
-8.95
-10.08
-10.24
-10.05
-9.86
-9.59
-8.80
-6.83
-3.08
2.82
10.69
19.85
29.20
37.54
44.03
48.52
51.46
53.66
55.76
57.83
59.35
59.54
57.77
54.03
48.99
43.65
38.95
35.41
33.13
31.86
31.38
31.51
32.06
32.60
32.34
30.28
25.50
17.81
7.84
-2.91
-12.64
-19.96
-24.38
-26.42
-27.17
-27.69
-28.61
-29.92
-31.28
-32.31
-32.87
-32.96
-32.68
-31.97
-30.72
-28.98
-27.02
-25.36
-24.59
-25.02
-26.58
-28.96
-31.85
-35.21
-39.17
-43.85
-49.06
-54.14
-58.25
-60.57
-60.84
-59.34
-56.81
-54.09
-51.83
-50.41
-49.99
-50.57
-51.97
-53.98
-56.32
-58.73
-61.01
-63.20
-65.45
-68.07
-71.14
-74.34
-77.22
-79.22
-79.89
-78.99
-76.53
-72.68
-67.79
-62.06
-55.47
-48.18
-40.59
-33.30
-27.00
-22.37
-19.97
-20.11
-22.44
-25.73
-28.56
-29.48
-27.22
-21.12
-11.43
0.67
13.17
24.34
33.55
40.87
47.09
53.29
60.17
67.55
76.05
84.31
89.15
90.84
91.35
92.33
94.58
97.61
100.03
100.36
97.63
92.37
86.43
81.49
78.21
76.14
73.99
70.41
64.88
57.78
50.64
45.43
43.29
44.21
47.16
50.67
53.22
53.86
52.15
48.44
43.61
38.54
33.88
30.08
27.50
26.47
27.38
30.57
36.18
43.97
53.02
61.86
68.91
72.93
73.30
70.11
63.94
55.64
46.20
36.51
27.49
19.97
14.65
11.77
11.09
11.86
13.13
14.10
14.36
13.85
12.67
10.91
8.49
5.35
1.50
-2.95
-7.90
-13.48
-19.95
-27.58
-36.29
-45.53
-54.33
-61.83
-67.63
-72.04
-75.81
-79.71
-84.15
-89.04
-94.04
-98.88
-103.49
-107.95
-112.21
-116.05
-119.18
-121.59
-123.76
-126.36
-129.83
-133.78
-136.99
-137.72
-134.48
-126.65
-114.66
-99.75
-83.35
-66.71
-50.66
-35.74
-22.32
-10.77
-1.31
6.00
11.32
15.00
17.44
19.05
20.06
20.67
20.94
20.87
20.52
20.02
19.69
19.86
20.64
21.75
22.50
21.98
19.33
14.15
6.67
-2.24
-11.22
-18.83
-23.83
-25.51
-23.75
-19.05
-12.39
-4.92
2.26
8.37
13.12
16.64
19.35
21.73
24.06
26.30
28.06
28.75
27.85
25.25
21.41
17.22
13.60
11.12
9.74
8.85
7.69
5.73
2.90
-0.43
-3.71
-6.56
-9.01
-11.38
-14.22
-17.91
-22.55
-27.82
-33.15
-37.73
-40.76
-41.62
-39.92
-35.74
-29.57
-22.29
-14.94
-8.43
-3.28
0.48
3.20
5.38
7.35
9.14
10.51
11.08
10.57
8.91
6.24
2.94
-0.53
-3.67
-6.06
-7.42
-7.80
-7.49
-7.03
-7.02
-7.89
-9.84
-12.82
-16.73
-21.49
-27.10
-33.43
-39.96
-45.70
-49.38
-49.86
-46.67
-40.17
-31.44
-21.83
-12.43
-3.79
4.00
11.14
17.69
23.47
28.09
31.13
32.42
32.11
30.61
28.51
26.36
24.46
22.86
21.34
19.52
17.14
14.22
11.11
8.29
6.30
5.33
5.18
5.21
4.53
2.42
-1.39
-6.46
-11.85
-16.36
-18.96
-19.05
-16.50
-11.62
-5.02
2.49
10.04
16.80
22.31
26.55
29.96
33.09
36.31
39.55
42.32
44.09
44.64
44.19
43.30
42.59
42.39
42.67
43.20
43.69
43.97
43.98
43.77
43.34
42.63
41.52
39.88
37.56
34.45
30.54
25.85
20.44
14.37
7.81
1.16
-4.90
-9.41
-11.45
-10.43
-6.40
-0.05
7.58
15.39
22.58
28.71
33.68
37.54
40.48
42.63
44.10
44.99
45.23
44.74
43.40
41.23
38.47
35.51
32.71
30.28
28.24
26.47
24.92
23.59
22.53
21.67
20.79
19.54
17.60
14.86
11.43
7.65
3.79
-0.02
-3.86
-7.92
-12.32
-17.08
-22.11
-27.31
-32.45
-37.16
-40.81
-42.60
-41.78
-38.01
-31.57
-23.35
-14.58
-6.35
0.73
6.64
11.74
16.41
20.73
24.43
27.10
28.41
28.34
27.19
25.42
23.47
21.71
20.38
19.62
19.47
19.85
20.61
21.48
22.26
22.74
22.80
22.33
21.22
19.43
17.04
14.34
11.67
9.35
7.40
5.57
3.39
0.47
-3.36
-7.92
-12.80
-17.50
-21.67
-25.24
-28.44
-31.61
-34.95
-38.27
-40.90
-41.87
-40.36
-36.11
-29.61
-21.90
-14.18
-7.29
-1.59
3.05
6.86
9.94
12.15
13.30
13.34
12.43
10.94
9.26
7.74
6.54
5.73
5.24
5.03
5.08
5.39
6.07
7.12
8.47
9.73
10.40
9.90
7.98
4.82
1.05
-2.51
-5.18
-6.72
-7.38
-7.67
-8.13
-9.14
-10.84
-13.23
-16.22
-19.61
-23.10
-26.16
-28.08
-28.16
-25.98
-21.67
-15.96
-9.96
-4.73
-0.84
1.78
3.75
5.74
8.02
10.30
11.97
12.43
11.60
9.92
8.07
6.57
5.53
4.70
3.88
3.14
2.85
3.34
4.62
6.20
7.30
7.29
6.00
3.81
1.37
-0.79
-2.52
-4.03
-5.71
-7.72
-10.03
-12.39
-14.60
-16.62
-18.66
-21.00
-23.84
-27.06
-30.24
-32.61
-33.37
-31.90
-28.06
-22.22
-15.25
-8.17
-1.88
3.04
6.50
8.76
10.19
11.16
11.79
12.09
11.87
10.97
9.38
7.31
5.18
3.44
2.38
1.98
2.01
2.16
2.26
2.42
2.90
3.85
5.05
5.97
5.95
4.59
1.97
-1.42
-4.90
-7.94
-10.34
-12.19
-13.68
-15.02
-16.38
-18.00
-20.24
-23.41
-27.54
-32.16
-36.33
-38.89
-38.95
-36.26
-31.30
-24.93
-18.06
-11.37
-5.19
0.29
4.80
8.03
9.74
9.99
9.25
8.25
7.65
7.77
8.45
9.22
9.66
9.59
9.07
8.29
7.34
6.21
4.92
3.60
2.60
2.28
2.82
4.01
5.27
5.87
5.33
3.56
0.86
-2.20
-5.13
-7.68
-9.86
-11.82
-13.65
-15.41
-17.15
-19.08
-21.58
-25.01
-29.47
-34.49
-39.05
-41.91
-42.05
-39.05
-33.26
-25.72
-17.75
-10.55
-4.84
-0.79
1.91
3.77
5.25
6.64
7.94
9.06
9.80
10.06
9.85
9.25
8.38
7.40
6.48
5.86
5.81
6.45
7.72
9.31
10.70
11.39
11.06
9.71
7.66
5.38
3.31
1.60
0.13
-1.45
-3.42
-5.91
-8.82
-11.89
-14.94
-17.96
-21.11
-24.57
-28.43
-32.43
-35.98
-38.23
-38.34
-35.85
-30.79
-23.85
-16.03
-8.42
-1.80
3.51
7.59
10.69
13.00
14.53
15.09
14.56
13.04
10.93
8.83
7.27
6.46
6.25
6.21
5.96
5.33
4.54
3.93
3.76
3.95
4.11
3.76
2.50
0.25
-2.70
-5.90
-8.88
-11.32
-13.22
-14.92
-16.98
-20.02
-24.39
-29.85
-35.54
-40.16
-42.31
-41.12
-36.45
-28.95
-19.88
-10.62
-2.30
4.39
9.35
12.93
15.64
17.90
19.80
21.12
21.52
20.79
19.03
16.65
14.24
12.25
10.95
10.37
10.43
11.03
11.99
12.94
13.30
12.44
9.97
6.02
1.28
-3.37
-7.22
-10.04
-12.17
-14.27
-16.92
-20.43
-24.82
-29.93
-35.46
-41.06
-46.05
-49.59
-50.69
-48.62
-43.24
-35.15
-25.48
-15.52
-6.24
2.00
9.20
15.58
21.16
25.69
28.79
30.26
30.24
29.20
27.81
26.52
25.44
24.36
22.92
21.03
18.97
17.28
16.43
16.53
17.17
17.67
17.38
16.01
13.68
10.77
7.64
4.32
0.61
-3.91
-9.49
-16.06
-23.21
-30.30
-36.66
-41.65
-44.70
-45.36
-43.36
-38.72
-31.77
-23.26
-13.98
-4.72
3.94
11.63
18.08
23.03
26.29
27.89
28.18
27.81
27.43
27.44
27.76
27.99
27.60
26.37
24.52
22.62
21.32
21.05
21.75
22.94
23.93
24.05
22.88
20.38
16.82
12.71
8.44
4.27
0.12
-4.26
-9.18
-14.78
-20.94
-27.35
-33.47
-38.67
-42.15
-43.09
-40.85
-35.16
-26.47
-15.85
-4.82
5.24
13.31
19.14
22.98
25.41
26.93
27.84
28.21
28.00
27.22
25.96
24.43
22.93
21.66
20.71
19.97
19.26
18.34
17.20
15.99
14.93
14.16
13.53
12.70
11.33
9.26
6.51
3.18
-0.67
-5.17
-10.44
-16.44
-22.70
-28.38
-32.33
-33.52
-31.33
-25.73
-17.40
-7.48
2.66
11.79
19.09
24.35
27.78
29.87
31.07
31.61
31.54
30.86
29.57
27.81
25.83
23.85
22.14
20.92
20.35
20.46
21.10
21.86
22.18
21.53
19.54
16.25
12.01
7.39
3.02
-0.68
-3.53
-5.72
-7.76
-10.41
-14.38
-20.01
-26.96
-34.12
-39.93
-42.89
-42.02
-37.25
-29.34
-19.54
-9.20
0.60
9.20
16.32
21.93
26.17
29.28
31.55
33.18
34.21
34.50
33.86
32.31
30.18
28.08
26.61
26.09
26.43
27.16
27.73
27.74
27.10
25.96
24.45
22.60
20.32
17.45
14.01
10.17
6.23
2.38
-1.26
-4.73
-8.15
-11.77
-15.88
-20.82
-26.73
-33.33
-39.77
-44.78
-47.02
-45.60
-40.49
-32.48
-22.89
-13.08
-4.02
3.84
10.43
15.93
20.49
24.22
27.17
29.38
30.90
31.80
32.21
32.21
31.91
31.40
30.78
30.15
29.62
29.26
29.11
29.06
28.91
28.44
27.46
25.96
24.00
21.68
19.02
16.01
12.63
8.93
5.09
1.28
-2.35
-5.77
-9.04
-12.26
-15.52
-18.96
-22.73
-26.98
-31.75
-36.70
-41.07
-43.79
-43.78
-40.46
-34.03
-25.58
-16.55
-8.32
-1.63
3.48
7.44
10.78
13.75
16.23
17.92
18.66
18.62
18.21
17.90
17.88
18.03
18.03
17.68
17.05
16.50
16.38
16.90
17.86
18.76
19.11
18.53
16.93
14.50
11.57
8.51
5.64
3.17
1.14
-0.61
-2.37
-4.55
-7.48
-11.39
-16.29
-21.88
-27.50
-32.23
-35.04
-35.09
-32.17
-26.72
-19.83
-12.72
-6.39
-1.27
2.69
5.81
8.32
10.34
11.77
12.55
12.71
12.33
11.52
10.34
8.85
7.22
5.72
4.74
4.58
5.37
6.95
8.97
10.99
12.60
13.46
13.37
12.27
10.26
7.58
4.55
1.41
-1.66
-4.63
-7.48
-10.22
-12.84
-15.41
-18.16
-21.43
-25.37
-29.73
-33.69
-36.10
-35.92
-32.75
-27.04
-19.88
-12.61
-6.30
-1.45
1.94
4.14
5.52
6.41
7.04
7.59
8.12
8.60
8.88
8.92
8.79
8.78
9.14
9.87
10.70
11.20
11.00
10.09
8.88
7.87
7.41
7.48
7.61
7.19
5.77
3.23
-0.08
-3.61
-6.77
-9.24
-10.97
-12.20
-13.34
-14.87
-17.28
-20.81
-25.41
-30.66
-35.77
-39.74
-41.73
-41.25
-38.35
-33.59
-27.85
-21.97
-16.53
-11.77
-7.64
-3.97
-0.66
2.38
5.15
7.75
10.19
12.41
14.20
15.21
15.16
14.07
12.41
10.82
9.93
9.91
10.43
10.99
11.17
11.00
10.76
10.75
10.90
10.79
9.96
8.18
5.77
3.34
1.43
0.07
-1.14
-2.82
-5.35
-8.62
-12.12
-15.30
-17.84
-19.84
-21.70
-23.85
-26.58
-29.84
-33.31
-36.43
-38.52
-38.99
-37.44
-33.79
-28.39
-21.94
-15.33
-9.35
-4.51
-0.86
1.78
3.79
5.42
6.73
7.64
8.07
8.06
7.77
7.48
7.42
7.71
8.31
9.02
9.62
9.90
9.79
9.39
8.90
8.56
8.57
8.86
9.22
9.23
8.54
6.94
4.50
1.48
-1.73
-4.83
-7.66
-10.30
-12.98
-16.00
-19.49
-23.32
-27.06
-30.05
-31.62
-31.33
-29.16
-25.42
-20.67
-15.48
-10.25
-5.19
-0.39
4.09
8.13
11.51
13.98
15.29
15.35
14.25
12.41
10.37
8.67
7.63
7.18
7.02
6.73
6.05
5.09
4.18
3.68
3.74
4.14
4.38
3.96
2.59
0.35
-2.41
-5.29
-7.96
-10.36
-12.57
-14.72
-16.99
-19.58
-22.68
-26.45
-30.83
-35.36
-39.21
-41.39
-41.06
-37.95
-32.46
-25.51
-18.19
-11.40
-5.52
-0.52
3.83
7.71
11.12
13.85
15.60
16.21
15.78
14.65
13.30
12.19
11.62
11.61
12.05
12.71
13.41
14.06
14.65
15.16
15.57
15.79
15.58
14.68
12.87
10.03
6.33
2.11
-2.14
-5.98
-9.28
-12.18
-15.00
-18.12
-21.74
-25.95
-30.70
-35.83
-41.15
-46.20
-50.14
-51.96
-50.71
-45.93
-37.97
-27.95
-17.44
-7.97
-0.43
4.97
8.74
11.69
14.59
17.75
21.04
23.92
25.82
26.40
25.83
24.58
23.28
22.29
21.66
21.17
20.64
20.11
19.89
20.24
21.12
22.09
22.36
21.17
18.13
13.52
8.15
3.02
-1.11
-4.10
-6.41
-8.83
-12.05
-16.35
-21.51
-27.06
-32.45
-37.25
-41.10
-43.56
-44.14
-42.29
-37.69
-30.54
-21.58
-11.98
-2.90
4.77
10.69
15.03
18.26
20.86
22.99
24.59
25.39
25.27
24.42
23.28
22.29
21.61
21.12
20.49
19.57
18.59
18.05
18.40
19.71
21.48
22.86
23.02
21.50
18.41
14.26
9.69
5.27
1.23
-2.49
-6.20
-10.32
-15.19
-20.84
-26.83
-32.27
-36.05
-37.17
-35.10
-29.97
-22.46
-13.56
-4.24
4.68
12.66
19.29
24.34
27.71
29.50
29.98
29.56
28.66
27.50
26.18
24.66
22.99
21.33
19.98
19.28
19.43
20.33
21.64
22.83
23.46
23.28
22.29
20.56
18.23
15.28
11.68
7.44
2.71
-2.23
-7.13
-11.91
-16.66
-21.60
-26.88
-32.28
-37.19
-40.69
-41.78
-39.78
-34.56
-26.70
-17.34
-7.81
0.78
7.95
13.72
18.51
22.62
26.00
28.30
29.08
28.24
26.21
23.77
21.71
20.53
20.23
20.48
20.86
21.06
21.08
21.03
21.05
21.21
21.39
21.33
20.66
19.06
16.33
12.52
7.99
3.24
-1.23
-5.09
-8.28
-10.94
-13.42
-16.15
-19.60
-24.13
-29.79
-36.11
-42.01
-46.15
-47.23
-44.68
-38.74
-30.47
-21.23
-12.14
-3.87
3.41
9.73
15.13
19.58
22.98
25.35
26.73
27.27
27.08
26.32
25.22
24.12
23.32
23.05
23.28
23.80
24.36
24.79
25.11
25.30
25.28
24.76
23.42
21.06
17.85
14.21
10.67
7.58
4.99
2.70
0.46
-1.84
-4.20
-6.61
-9.19
-12.18
-15.86
-20.40
-25.66
-31.19
-36.31
-40.27
-42.43
-42.38
-40.03
-35.62
-29.65
-22.75
-15.60
-8.74
-2.51
2.89
7.43
11.12
14.01
16.18
17.68
18.50
18.68
18.29
17.53
16.69
15.97
15.48
15.18
15.02
14.99
15.18
15.66
16.27
16.65
16.24
14.66
11.81
8.02
3.91
0.08
-3.16
-5.78
-8.02
-10.16
-12.49
-15.20
-18.48
-22.34
-26.48
-30.31
-32.94
-33.56
-31.72
-27.57
-21.80
-15.30
-8.86
-2.91
2.46
7.33
11.72
15.42
18.16
19.67
19.94
19.20
17.85
16.30
14.80
13.41
12.09
10.81
9.60
8.63
8.13
8.22
8.83
9.69
10.35
10.36
9.44
7.46
4.50
0.83
-3.17
-7.10
-10.67
-13.79
-16.60
-19.40
-22.58
-26.32
-30.50
-34.68
-38.05
-39.78
-39.21
-36.10
-30.71
-23.69
-15.89
-8.15
-1.08
4.94
9.73
13.34
15.91
17.58
18.50
18.70
18.18
17.02
15.46
13.94
12.91
12.65
13.07
13.80
14.36
14.49
14.25
13.89
13.69
13.60
13.37
12.61
11.08
8.82
6.05
3.04
0.00
-2.96
-5.85
-8.69
-11.49
-14.29
-17.23
-20.46
-24.17
-28.42
-33.02
-37.50
-41.12
-43.00
-42.52
-39.47
-34.19
-27.49
-20.32
-13.54
-7.63
-2.68
1.51
5.20
8.59
11.74
14.57
17.00
18.88
20.16
20.86
21.15
21.24
21.34
21.54
21.75
21.78
21.46
20.74
19.69
18.51
17.42
16.50
15.69
14.75
13.47
11.69
9.37
6.52
3.23
-0.44
-4.36
-8.38
-12.31
-16.02
-19.54
-23.02
-26.75
-30.93
-35.55
-40.25
-44.45
-47.40
-48.47
-47.23
-43.50
-37.48
-29.68
-20.99
-12.43
-4.97
0.76
4.64
7.09
8.76
10.19
11.59
12.88
13.82
14.33
14.51
14.66
14.98
15.46
15.89
16.00
15.78
15.40
15.20
15.35
15.75
16.00
15.62
14.29
12.07
9.32
6.47
3.84
1.47
-0.86
-3.46
-6.66
-10.64
-15.48
-21.02
-26.96
-32.69
-37.36
-40.07
-40.13
-37.36
-32.11
-25.19
-17.54
-9.96
-2.90
3.45
9.02
13.73
17.41
19.93
21.25
21.50
20.87
19.59
17.88
15.98
14.17
12.79
12.12
12.26
13.02
14.01
14.82
15.16
14.93
14.15
12.85
11.07
8.81
6.18
3.35
0.50
-2.30
-5.21
-8.53
-12.64
-17.71
-23.60
-29.81
-35.57
-40.04
-42.45
-42.33
-39.53
-34.32
-27.35
-19.50
-11.67
-4.52
1.64
6.80
11.17
14.95
18.19
20.84
22.70
23.66
23.68
22.83
21.36
19.51
17.65
16.08
15.08
14.75
14.94
15.38
15.73
15.76
15.36
14.55
13.21
11.23
8.45
4.89
0.82
-3.24
-6.81
-9.67
-12.04
-14.47
-17.70
-22.21
-28.05
-34.69
-41.11
-46.07
-48.43
-47.51
-43.26
-36.25
-27.43
-17.85
-8.38
0.36
7.86
13.80
18.00
20.50
21.72
22.24
22.64
23.28
24.14
24.91
25.27
25.06
24.38
23.48
22.60
21.85
21.17
20.54
19.97
19.56
19.33
19.13
18.62
17.31
14.86
11.25
6.80
2.09
-2.26
-5.87
-8.68
-10.87
-12.84
-15.04
-17.94
-21.92
-27.17
-33.44
-39.94
-45.42
-48.50
-48.12
-43.97
-36.60
-27.21
-17.20
-7.72
0.62
7.60
13.24
17.61
20.68
22.55
23.45
23.87
24.30
25.03
25.97
26.69
26.75
26.02
24.83
23.81
23.43
23.77
24.39
24.73
24.45
23.64
22.58
21.50
20.29
18.56
16.03
12.76
9.16
5.76
2.84
0.32
-2.16
-4.94
-8.15
-11.73
-15.60
-19.87
-24.78
-30.55
-37.06
-43.69
-49.34
-52.72
-52.83
-49.20
-42.21
-32.89
-22.60
-12.60
-3.67
3.90
10.19
15.30
19.21
21.74
22.87
22.77
21.97
21.06
20.47
20.37
20.56
20.69
20.45
19.69
18.53
17.25
16.16
15.51
15.25
15.14
14.70
13.47
11.23
8.14
4.72
1.55
-1.01
-3.06
-5.08
-7.68
-11.24
-15.78
-21.01
-26.50
-31.72
-36.08
-38.85
-39.28
-36.81
-31.43
-23.80
-15.11
-6.69
0.55
6.34
11.02
15.11
18.92
22.25
24.60
25.43
24.65
22.61
20.15
18.08
16.88
16.48
16.38
16.00
15.06
13.74
12.56
12.02
12.24
12.88
13.21
12.48
10.26
6.61
2.13
-2.33
-6.01
-8.55
-10.13
-11.38
-13.17
-16.18
-20.65
-26.25
-32.13
-37.25
-40.61
-41.58
-39.92
-35.74
-29.40
-21.43
-12.54
-3.55
4.69
11.43
16.25
19.14
20.44
20.74
20.61
20.45
20.43
20.52
20.66
20.76
20.77
20.61
20.20
19.44
18.33
17.02
15.76
14.81
14.19
13.68
12.82
11.19
8.52
4.97
0.92
-3.10
-6.73
-9.91
-12.86
-15.93
-19.44
-23.64
-28.55
-33.96
-39.38
-43.94
-46.63
-46.52
-43.21
-37.00
-28.87
-20.13
-11.96
-5.01
0.59
5.12
8.90
12.07
14.63
16.49
17.72
18.53
19.23
20.03
20.86
21.44
21.45
20.77
19.62
18.50
17.94
18.18
19.09
20.19
20.87
20.68
19.44
17.21
14.14
10.40
6.17
1.66
-2.76
-6.75
-10.13
-13.03
-15.95
-19.53
-24.28
-30.28
-37.00
-43.44
-48.37
-50.71
-49.80
-45.53
-38.37
-29.18
-19.02
-8.96
0.15
7.73
13.54
17.59
20.09
21.36
21.72
21.57
21.28
21.20
21.54
22.29
23.18
23.80
23.79
23.08
21.93
20.76
19.96
19.60
19.37
18.77
17.38
15.03
11.90
8.37
4.81
1.46
-1.65
-4.62
-7.54
-10.53
-13.73
-17.36
-21.60
-26.54
-31.90
-37.04
-41.08
-43.18
-42.80
-39.89
-34.80
-28.13
-20.48
-12.42
-4.47
2.85
9.03
13.73
16.93
18.89
20.01
20.61
20.73
20.27
19.16
17.54
15.90
14.72
14.27
14.39
14.64
14.56
13.99
13.10
12.25
11.60
10.95
9.81
7.70
4.55
0.78
-2.89
-5.94
-8.40
-10.92
-14.43
-19.51
-25.97
-32.73
-38.21
-40.96
-40.32
-36.52
-30.49
-23.28
-15.69
-8.04
-0.52
6.62
12.91
17.81
21.00
22.60
23.11
23.09
22.87
22.45
21.62
20.33
18.82
17.53
16.90
17.06
17.71
18.41
18.67
18.25
17.11
15.27
12.78
9.67
6.05
2.18
-1.59
-5.00
-8.00
-10.81
-13.94
-17.87
-22.84
-28.68
-34.72
-40.03
-43.63
-44.73
-42.92
-38.33
-31.50
-23.30
-14.70
-6.57
0.62
6.73
11.96
16.62
20.81
24.29
26.62
27.39
26.56
24.60
22.29
20.42
19.38
19.10
19.15
19.08
18.61
17.73
16.52
14.96
13.00
10.57
7.76
4.80
2.01
-0.37
-2.32
-4.01
-5.74
-7.77
-10.33
-13.60
-17.78
-22.99
-29.08
-35.43
-41.05
-44.68
-45.30
-42.39
-36.13
-27.35
-17.22
-6.93
2.54
10.59
16.98
21.73
25.05
27.20
28.49
29.10
29.16
28.66
27.64
26.17
24.49
22.86
21.53
20.63
20.11
19.88
19.79
19.77
19.77
19.76
19.58
19.01
17.77
15.64
12.60
8.82
4.73
0.76
-2.74
-5.69
-8.30
-11.02
-14.30
-18.44
-23.55
-29.36
-35.40
-40.86
-44.77
-46.14
-44.24
-39.00
-31.04
-21.61
-12.12
-3.64
3.30
8.77
13.05
16.37
18.78
20.23
20.78
20.63
20.07
19.34
18.49
17.44
16.16
14.86
13.88
13.53
13.92
14.78
15.61
15.96
15.58
14.45
12.65
10.21
7.12
3.34
-0.92
-5.23
-9.02
-11.93
-14.07
-16.03
-18.60
-22.24
-26.72
-31.09
-34.04
-34.35
-31.47
-25.62
-17.79
-9.19
-1.01
5.96
11.39
15.31
17.95
19.50
20.16
20.12
19.56
18.76
18.02
17.61
17.63
17.94
18.22
18.10
17.39
16.16
14.80
13.76
13.39
13.65
14.13
14.19
13.25
11.08
7.90
4.31
0.93
-1.92
-4.36
-6.81
-9.80
-13.65
-18.35
-23.62
-28.95
-33.75
-37.38
-39.18
-38.54
-35.12
-28.99
-20.73
-11.33
-1.92
6.56
13.55
18.91
22.69
25.06
26.19
26.22
25.35
23.91
22.34
21.01
20.15
19.75
19.57
19.32
18.76
17.80
16.52
15.14
13.90
12.97
12.35
11.84
11.18
10.12
8.47
6.23
3.45
0.27
-3.15
-6.58
-9.87
-13.01
-16.16
-19.68
-23.99
-29.31
-35.34
-41.24
-45.80
-47.89
-46.79
-42.55
-35.84
-27.72
-19.31
-11.49
-4.76
0.77
5.29
9.12
12.56
15.71
18.46
20.59
21.88
22.29
22.01
21.40
20.75
20.21
19.78
19.41
19.11
19.03
19.34
20.11
21.17
22.18
22.71
22.40
21.03
18.62
15.31
11.32
6.89
2.34
-1.97
-5.69
-8.48
-10.24
-11.22
-11.98
-13.24
-15.73
-19.70
-24.88
-30.50
-35.50
-38.90
-40.02
-38.59
-34.66
-28.61
-21.01
-12.63
-4.38
2.95
8.82
13.03
15.74
17.32
18.18
18.63
18.88
19.06
19.23
19.34
19.23
18.68
17.52
15.85
14.02
12.56
11.81
11.83
12.28
12.68
12.67
12.04
10.87
9.25
7.21
4.73
1.80
-1.45
-4.74
-7.71
-10.12
-11.91
-13.29
-14.65
-16.46
-19.02
-22.36
-26.07
-29.48
-31.71
-32.10
-30.32
-26.55
-21.25
-15.08
-8.57
-2.14
3.86
9.07
13.10
15.68
16.78
16.62
15.57
14.08
12.49
10.99
9.67
8.44
7.25
6.09
5.03
4.31
4.15
4.60
5.48
6.33
6.53
5.61
3.55
0.77
-2.03
-4.18
-5.46
-6.20
-7.06
-8.78
-11.76
-15.91
-20.68
-25.26
-28.87
-30.91
-30.99
-28.95
-24.88
-19.12
-12.34
-5.38
0.99
6.26
10.38
13.51
15.82
17.33
17.89
17.38
15.89
13.93
12.10
10.85
10.27
10.07
9.83
9.31
8.56
7.84
7.39
7.09
6.54
5.25
2.95
-0.20
-3.68
-6.89
-9.50
-11.54
-13.33
-15.25
-17.45
-19.86
-22.31
-24.79
-27.49
-30.61
-34.04
-37.19
-39.10
-38.85
-35.96
-30.64
-23.67
-16.05
-8.73
-2.37
2.77
6.64
9.40
11.21
12.34
12.96
13.25
13.29
13.08
12.65
12.09
11.58
11.31
11.32
11.48
11.53
11.18
10.28
8.90
7.33
5.88
4.78
4.04
3.49
2.88
1.98
0.72
-0.97
-3.13
-5.82
-9.05
-12.67
-16.42
-20.05
-23.46
-26.76
-30.09
-33.35
-36.14
-37.74
-37.45
-34.88
-30.16
-23.93
-17.00
-10.14
-3.86
1.56
6.02
9.55
12.09
13.76
14.65
14.95
14.92
14.77
14.69
14.72
14.70
14.38
13.55
12.15
10.40
8.69
7.47
7.00
7.30
8.07
8.89
9.35
9.12
8.06
6.22
3.72
0.76
-2.44
-5.79
-9.22
-12.71
-16.34
-20.15
-24.19
-28.47
-32.88
-37.10
-40.54
-42.40
-42.00
-38.98
-33.49
-26.22
-18.14
-10.23
-3.18
2.64
7.19
10.57
12.89
14.28
14.86
14.88
14.59
14.23
13.94
13.66
13.25
12.57
11.57
10.34
9.05
7.93
7.06
6.46
5.96
5.37
4.51
3.27
1.63
-0.34
-2.54
-4.89
-7.43
-10.36
-13.90
-18.15
-22.96
-27.83
-32.07
-34.90
-35.69
-34.08
-30.09
-24.10
-16.84
-9.19
-2.03
4.02
8.78
12.43
15.30
17.59
19.24
20.08
19.97
19.04
17.69
16.37
15.30
14.45
13.70
12.96
12.38
12.19
12.47
12.94
13.07
12.29
10.33
7.29
3.56
-0.37
-4.14
-7.51
-10.38
-12.71
-14.67
-16.62
-19.14
-22.76
-27.75
-33.77
-39.95
-45.05
-47.93
-47.85
-44.68
-38.90
-31.27
-22.65
-13.84
-5.49
1.91
8.04
12.76
16.19
18.60
20.32
21.55
22.35
22.66
22.44
21.79
20.93
20.13
19.53
19.10
18.75
18.45
18.23
18.24
18.43
18.48
17.88
16.08
12.85
8.42
3.50
-1.02
-4.50
-6.82
-8.48
-10.41
-13.46
-18.16
-24.46
-31.80
-39.35
-46.15
-51.23
-53.70
-52.84
-48.33
-40.53
-30.51
-19.75
-9.63
-1.03
5.95
11.77
16.97
21.80
26.12
29.54
31.71
32.57
32.33
31.38
30.10
28.81
27.71
26.94
26.52
26.44
26.59
26.79
26.87
26.66
26.04
24.84
22.91
20.09
16.35
11.82
6.91
2.21
-1.73
-4.65
-6.68
-8.47
-10.83
-14.47
-19.70
-26.29
-33.58
-40.60
-46.34
-49.84
-50.36
-47.46
-41.19
-32.06
-21.09
-9.57
1.20
10.24
17.08
21.81
24.86
26.80
28.12
29.07
29.67
29.87
29.59
28.82
27.63
26.09
24.33
22.55
21.07
20.22
20.25
21.06
22.18
22.98
22.83
21.48
19.04
15.88
12.40
8.80
5.14
1.41
-2.44
-6.42
-10.68
-15.44
-20.83
-26.63
-32.08
-36.06
-37.38
-35.38
-30.15
-22.42
-13.34
-3.95
4.96
12.91
19.56
24.73
28.36
30.50
31.45
31.52
31.00
29.95
28.35
26.15
23.39
20.35
17.49
15.34
14.24
14.23
14.96
15.85
16.28
15.89
14.63
12.67
10.19
7.20
3.65
-0.50
-5.09
-9.79
-14.33
-18.67
-23.11
-27.95
-33.19
-38.17
-41.68
-42.42
-39.50
-32.87
-23.35
-12.38
-1.53
7.87
15.10
20.00
22.96
24.61
25.61
26.40
27.11
27.63
27.78
27.50
26.88
26.17
25.55
25.07
24.58
23.88
22.92
21.81
20.84
20.15
19.65
18.83
17.11
14.04
9.69
4.66
-0.11
-3.85
-6.33
-7.96
-9.73
-12.65
-17.42
-24.06
-31.95
-40.00
-46.90
-51.39
-52.48
-49.72
-43.22
-33.84
-22.93
-12.04
-2.51
5.02
10.60
14.76
18.15
21.12
23.63
25.42
26.32
26.41
26.00
25.44
24.86
24.21
23.33
22.18
20.86
19.64
18.76
18.28
18.09
17.86
17.26
16.06
14.25
12.00
9.66
7.37
5.11
2.61
-0.46
-4.31
-8.85
-13.82
-19.00
-24.33
-29.91
-35.61
-40.91
-44.84
-46.28
-44.53
-39.60
-32.24
-23.53
-14.54
-5.92
2.05
9.19
15.33
20.20
23.64
25.71
26.72
27.08
27.12
26.98
26.62
25.97
24.97
23.66
22.19
20.79
19.71
19.18
19.32
20.04
20.98
21.57
21.14
19.24
15.83
11.36
6.59
2.31
-1.03
-3.43
-5.32
-7.26
-9.72
-12.96
-17.02
-21.88
-27.43
-33.39
-39.10
-43.50
-45.36
-43.72
-38.46
-30.40
-21.04
-11.93
-4.08
2.25
7.34
11.58
15.11
17.73
19.22
19.58
19.04
18.01
16.75
15.34
13.73
12.03
10.58
9.88
10.22
11.50
13.13
14.36
14.57
13.47
11.26
8.29
5.01
1.73
-1.36
-4.16
-6.65
-8.93
-11.24
-14.03
-17.68
-22.32
-27.60
-32.57
-36.03
-36.85
-34.37
-28.68
-20.55
-11.29
-2.25
5.45
11.27
15.27
17.86
19.60
20.84
21.67
21.92
21.43
20.18
18.35
16.29
14.30
12.57
11.08
9.84
8.88
8.34
8.27
8.59
8.98
8.92
7.98
5.86
2.66
-1.22
-5.22
-8.84
-11.90
-14.56
-17.33
-20.72
-25.09
-30.35
-35.89
-40.69
-43.49
-43.36
-39.90
-33.54
-25.37
-16.67
-8.53
-1.50
4.38
9.43
13.88
17.78
20.91
23.00
23.90
23.68
22.63
21.06
19.28
17.51
15.86
14.33
12.95
11.69
10.57
9.64
8.94
8.39
7.88
7.26
6.40
5.29
3.95
2.37
0.43
-2.02
-5.12
-8.83
-12.96
-17.28
-21.63
-26.04
-30.64
-35.44
-40.02
-43.51
-44.81
-43.06
-38.06
-30.42
-21.39
-12.34
-4.24
2.49
7.93
12.31
15.72
18.07
19.23
19.34
18.83
18.34
18.32
18.85
19.59
20.02
19.76
18.77
17.35
15.97
15.04
14.72
14.90
15.31
15.59
15.36
14.35
12.41
9.57
6.07
2.25
-1.52
-5.05
-8.40
-11.84
-15.70
-20.26
-25.52
-31.25
-36.87
-41.69
-44.90
-45.82
-44.00
-39.41
-32.50
-24.14
-15.39
-7.18
-0.10
5.73
10.49
14.39
17.48
19.54
20.34
19.85
18.45
16.79
15.50
14.96
15.06
15.34
15.35
14.89
14.14
13.52
13.36
13.74
14.40
14.81
14.43
12.99
10.51
7.42
4.26
1.52
-0.59
-2.23
-3.80
-5.81
-8.57
-12.18
-16.43
-21.14
-26.12
-31.24
-36.26
-40.62
-43.49
-43.94
-41.32
-35.59
-27.32
-17.61
-7.72
1.24
8.57
14.02
17.72
20.03
21.36
22.03
22.14
21.61
20.30
18.22
15.59
12.87
10.61
9.27
9.10
10.02
11.68
13.44
14.57
14.50
12.99
10.28
6.93
3.59
0.73
-1.55
-3.49
-5.44
-7.75
-10.54
-13.89
-17.82
-22.29
-27.09
-31.66
-35.13
-36.50
-34.99
-30.40
-23.31
-14.87
-6.40
0.99
6.78
11.03
14.18
16.71
18.87
20.64
21.85
22.37
22.24
21.62
20.61
19.26
17.51
15.35
12.98
10.73
9.06
8.22
8.22
8.65
8.95
8.62
7.38
5.31
2.61
-0.45
-3.68
-6.97
-10.23
-13.41
-16.46
-19.50
-22.83
-26.80
-31.61
-37.05
-42.39
-46.47
-48.10
-46.39
-41.13
-32.79
-22.51
-11.72
-1.76
6.34
12.17
15.88
18.11
19.60
20.95
22.28
23.36
23.78
23.22
21.76
19.89
18.24
17.32
17.26
17.70
18.13
18.14
17.65
16.86
16.05
15.23
14.19
12.50
9.97
6.73
3.17
-0.27
-3.41
-6.39
-9.56
-13.14
-17.20
-21.67
-26.50
-31.71
-37.27
-42.81
-47.37
-49.66
-48.54
-43.56
-35.27
-25.14
-14.90
-5.90
1.31
6.95
11.58
15.79
19.72
23.20
25.90
27.59
28.29
28.17
27.45
26.30
24.84
23.27
21.81
20.77
20.33
20.52
21.09
21.66
21.81
21.33
20.10
18.27
16.02
13.48
10.72
7.78
4.73
1.71
-1.15
-3.79
-6.32
-9.06
-12.42
-16.72
-22.08
-28.18
-34.43
-39.91
-43.69
-44.98
-43.32
-38.73
-31.68
-23.06
-13.94
-5.38
1.87
7.54
11.76
14.91
17.29
19.02
19.98
20.04
19.28
18.03
16.89
16.34
16.61
17.49
18.51
19.17
19.25
18.88
18.33
17.87
17.39
16.62
15.12
12.68
9.45
5.93
2.78
0.43
-1.07
-2.17
-3.50
-5.58
-8.56
-12.24
-16.24
-20.27
-24.22
-28.02
-31.43
-33.88
-34.53
-32.66
-28.03
-21.13
-13.02
-4.98
1.99
7.46
11.59
14.86
17.68
20.13
21.90
22.55
21.81
19.85
17.21
14.59
12.54
11.21
10.39
9.77
9.21
8.77
8.71
9.16
9.92
10.51
10.31
8.95
6.44
3.22
-0.13
-3.15
-5.75
-8.13
-10.72
-13.90
-17.85
-22.43
-27.22
-31.55
-34.67
-35.86
-34.56
-30.50
-23.91
-15.44
-6.15
2.71
10.14
15.58
19.01
20.88
21.74
22.01
21.86
21.29
20.24
18.82
17.20
15.59
14.03
12.43
10.78
9.21
8.04
7.63
8.09
9.08
9.93
9.95
8.72
6.42
3.59
0.80
-1.61
-3.75
-5.97
-8.62
-11.72
-15.15
-18.68
-22.35
-26.36
-30.88
-35.67
-40.00
-42.76
-42.98
-40.28
-35.04
-28.15
-20.55
-12.85
-5.36
1.75
8.19
13.49
17.24
19.37
20.19
20.26
20.04
19.74
19.26
18.51
17.53
16.63
16.14
16.26
16.86
17.55
17.89
17.69
17.02
16.15
15.31
14.54
13.62
12.19
9.98
6.98
3.44
-0.23
-3.63
-6.57
-9.05
-11.28
-13.60
-16.36
-19.96
-24.68
-30.60
-37.28
-43.79
-48.75
-50.79
-49.08
-43.67
-35.48
-25.91
-16.44
-8.07
-1.34
3.68
7.16
9.39
10.75
11.65
12.41
13.12
13.59
13.45
12.44
10.61
8.44
6.52
5.24
4.60
4.23
3.71
2.86
1.82
0.95
0.62
1.09
2.41
4.44
6.95
9.59
11.93
13.62
14.48
14.62
14.33
13.88
13.28
12.22
10.13
6.56
1.36
-5.09
-12.04
-18.55
-23.74
-26.99
-27.97
-26.65
-23.30
-18.45
-12.75
-6.85
-1.21
4.04
9.04
14.10
19.32
24.42
28.73
31.47
32.18
31.10
29.10
27.48
27.33
29.17
32.72
37.22
41.81
45.93
49.39
52.18
54.20
55.15
54.70
52.75
49.73
46.46
43.75
41.96
40.76
39.26
36.56
32.35
27.21
22.34
18.96
17.78
18.66
20.93
23.91
27.28
31.08
35.44
40.13
44.49
47.70
49.30
49.40
48.66
47.74
46.81
45.50
43.10
39.20
33.98
28.18
22.61
17.78
13.59
9.60
5.34
0.56
-4.75
-10.55
-16.84
-23.59
-30.58
-37.41
-43.47
-48.29
-51.75
-54.09
-55.83
-57.61
-59.91
-62.96
-66.62
-70.44
-73.61
-75.20
-74.43
-71.05
-65.41
-58.39
-50.92
-43.64
-36.76
-30.23
-24.18
-18.98
-15.28
-13.55
-13.83
-15.53
-17.66
-19.22
-19.58
-18.68
-16.90
-14.72
-12.44
-10.04
-7.35
-4.26
-1.02
1.83
3.60
3.80
2.39
-0.19
-3.23
-6.04
-8.27
-10.06
-11.86
-14.25
-17.77
-22.63
-28.70
-35.34
-41.56
-46.07
-47.69
-45.63
-39.86
-31.14
-20.80
-10.38
-1.10
6.43
12.24
16.67
20.11
22.70
24.32
24.78
24.05
22.40
20.36
18.55
17.40
16.95
16.90
16.86
16.53
15.93
15.39
15.34
16.06
17.44
19.04
20.15
20.24
19.12
17.06
14.62
12.39
10.66
9.21
7.46
4.64
0.22
-5.81
-12.92
-20.12
-26.33
-30.73
-32.89
-32.84
-30.92
-27.65
-23.49
-18.96
-14.52
-10.74
-7.99
-6.43
-5.79
-5.54
-5.10
-4.10
-2.68
-1.27
-0.45
-0.50
-1.29
-2.33
-3.09
-3.23
-2.73
-1.82
-0.76
0.31
1.38
2.36
3.09
3.29
2.70
1.23
-1.02
-3.80
-6.91
-10.23
-13.82
-17.74
-21.88
-25.87
-29.08
-30.86
-30.75
-28.65
-24.79
-19.57
-13.42
-6.75
-0.01
6.33
11.71
15.67
18.01
18.82
18.53
17.51
16.04
14.15
11.87
9.37
7.15
5.77
5.56
6.32
7.41
8.02
7.64
6.33
4.56
2.92
1.68
0.70
-0.41
-1.97
-4.07
-6.50
-9.12
-11.96
-15.24
-19.10
-23.34
-27.20
-29.61
-29.55
-26.55
-20.86
-13.46
-5.72
1.21
6.59
10.33
12.79
14.35
15.23
15.38
14.72
13.30
11.52
9.86
8.65
7.89
7.27
6.42
5.21
3.79
2.42
1.30
0.36
-0.68
-2.05
-3.88
-6.09
-8.48
-10.89
-13.24
-15.57
-18.01
-20.73
-23.94
-27.80
-32.29
-37.05
-41.37
-44.29
-44.94
-42.80
-37.90
-30.73
-22.15
-13.11
-4.46
3.12
9.29
13.89
16.99
18.76
19.45
19.26
18.43
17.26
15.99
14.88
14.00
13.30
12.62
11.82
10.98
10.39
10.44
11.32
12.83
14.31
14.88
13.87
11.20
7.37
3.36
0.03
-2.20
-3.54
-4.58
-6.00
-8.32
-11.68
-15.99
-20.90
-25.93
-30.36
-33.26
-33.60
-30.70
-24.49
-15.67
-5.57
4.28
12.58
18.65
22.38
24.16
24.66
24.51
24.27
24.21
24.39
24.68
24.90
24.98
24.99
25.09
25.34
25.70
25.95
25.93
25.65
25.24
24.86
24.47
23.86
22.68
20.65
17.67
13.82
9.27
4.12
-1.50
-7.33
-12.91
-17.80
-21.68
-24.73
-27.53
-30.87
-35.41
-41.31
-48.16
-55.04
-60.72
-63.96
-63.86
-60.06
-52.82
-42.97
-31.57
-19.79
-8.66
1.08
8.89
14.52
18.01
19.72
20.13
19.79
19.09
18.30
17.58
17.10
17.04
17.42
18.09
18.69
18.92
18.65
18.15
17.78
17.82
18.25
18.74
18.83
18.14
16.58
14.24
11.56
8.94
6.80
5.28
4.20
3.06
1.25
-1.66
-5.67
-10.27
-14.69
-18.25
-20.77
-22.61
-24.49
-27.08
-30.61
-34.67
-38.29
-40.37
-39.90
-36.49
-30.40
-22.47
-13.86
-5.62
1.55
7.37
11.84
15.10
17.27
18.50
19.02
19.20
19.42
19.90
20.51
20.88
20.52
19.19
17.05
14.66
12.67
11.64
11.72
12.74
14.26
15.81
16.96
17.39
16.93
15.46
13.06
9.94
6.45
3.00
-0.11
-2.77
-5.06
-7.19
-9.29
-11.35
-13.27
-15.01
-16.68
-18.61
-21.18
-24.59
-28.69
-32.90
-36.34
-38.15
-37.66
-34.59
-29.16
-21.97
-13.92
-5.93
1.25
7.25
12.08
15.94
19.09
21.53
23.09
23.55
22.85
21.11
18.68
15.98
13.25
10.64
8.19
6.06
4.44
3.53
3.48
4.21
5.43
6.69
7.40
7.07
5.43
2.51
-1.30
-5.41
-9.23
-12.32
-14.56
-16.14
-17.52
-19.32
-22.05
-25.96
-30.72
-35.45
-38.92
-39.87
-37.64
-32.39
-25.04
-16.78
-8.61
-1.02
5.83
11.87
16.83
20.29
21.99
22.07
21.11
19.81
18.63
17.58
16.32
14.55
12.30
10.00
8.25
7.40
7.35
7.65
7.89
7.90
7.71
7.42
6.88
5.78
3.74
0.63
-3.17
-7.07
-10.45
-13.06
-15.19
-17.49
-20.66
-25.08
-30.61
-36.60
-42.04
-45.82
-47.10
-45.46
-41.07
-34.54
-26.72
-18.37
-10.04
-2.03
5.39
11.88
17.08
20.68
22.66
23.31
23.06
22.42
21.66
20.87
20.01
19.01
17.96
17.00
16.37
16.16
16.28
16.51
16.52
16.10
15.17
13.80
12.12
10.15
7.84
5.11
1.96
-1.48
-4.94
-8.18
-11.13
-13.90
-16.77
-20.06
-24.11
-29.09
-34.93
-41.18
-46.82
-50.51
-50.95
-47.37
-40.02
-30.06
-19.18
-8.95
-0.28
6.73
12.45
17.40
21.84
25.66
28.50
30.07
30.29
29.48
28.25
27.27
26.96
27.27
27.75
27.69
26.60
24.54
22.06
20.05
19.15
19.37
20.07
20.17
18.79
15.58
10.90
5.53
0.29
-4.34
-8.29
-11.69
-14.81
-17.89
-21.29
-25.45
-30.84
-37.58
-45.15
-52.32
-57.41
-59.03
-56.53
-50.23
-41.19
-30.67
-19.68
-8.91
1.13
9.97
17.13
22.31
25.55
27.24
27.99
28.33
28.59
28.83
28.96
28.74
28.03
26.78
25.08
23.17
21.38
20.02
19.26
19.11
19.25
19.25
18.57
16.81
13.77
9.56
4.61
-0.49
-5.21
-9.26
-12.83
-16.41
-20.66
-25.98
-32.32
-39.11
-45.29
-49.60
-50.83
-48.18
-41.57
-31.73
-20.10
-8.40
1.80
9.55
14.67
17.62
19.13
19.85
20.16
20.18
19.91
19.33
18.49
17.37
15.90
13.96
11.56
8.94
6.47
4.52
3.25
2.43
1.49
-0.14
-2.73
-6.06
-9.48
-12.30
-14.07
-14.85
-15.08
-15.50
-16.86
-19.70
-24.20
-30.08
-36.50
-42.26
-45.98
-46.51
-43.21
-36.19
-26.33
-14.90
-3.28
7.39
16.45
23.65
29.08
32.93
35.32
36.29
35.88
34.26
31.85
29.24
27.00
25.40
24.49
24.12
24.13
24.53
25.42
26.86
28.67
30.43
31.62
31.81
30.86
28.86
26.09
22.81
19.22
15.47
11.61
7.54
3.06
-2.24
-8.81
-16.91
-26.31
-36.21
-45.27
-51.95
-54.94
-53.59
-48.11
-39.36
-28.60
-17.11
-5.87
4.45
13.48
21.10
27.31
32.19
35.87
38.43
39.92
40.36
39.81
38.43
36.54
34.57
32.97
32.04
31.77
31.87
31.94
31.65
30.90
29.79
28.49
27.04
25.35
23.20
20.40
16.96
13.07
9.07
5.23
1.73
-1.45
-4.43
-7.43
-10.84
-15.06
-20.54
-27.48
-35.64
-44.20
-51.80
-56.91
-58.27
-55.33
-48.40
-38.40
-26.57
-14.07
-1.73
9.87
20.29
29.18
36.31
41.61
45.26
47.59
48.91
49.43
49.21
48.33
47.03
45.69
44.75
44.44
44.75
45.48
46.35
47.10
47.52
47.44
46.68
45.07
42.58
39.37
35.73
32.02
28.42
24.96
21.51
17.92
14.07
9.91
5.45
0.67
-4.43
-9.80
-15.37
-21.24
-27.64
-34.97
-43.33
-52.33
-60.82
-67.15
-69.75
-67.69
-61.14
-51.22
-39.62
-27.90
-17.14
-7.75
0.31
7.19
13.03
17.79
21.40
23.82
25.20
25.77
25.80
25.52
25.05
24.36
23.33
21.99
20.54
19.34
18.78
18.96
19.58
19.96
19.33
17.17
13.47
8.74
3.78
-0.75
-4.59
-7.95
-11.35
-15.38
-20.38
-26.39
-33.12
-40.01
-46.21
-50.67
-52.33
-50.43
-44.74
-35.83
-24.89
-13.46
-2.95
5.79
12.47
17.25
20.42
22.16
22.64
22.07
20.83
19.44
18.40
17.96
18.01
18.09
17.65
16.30
14.13
11.63
9.57
8.52
8.46
8.80
8.56
6.81
3.21
-1.80
-7.32
-12.37
-16.40
-19.44
-21.97
-24.58
-27.73
-31.69
-36.59
-42.35
-48.60
-54.49
-58.82
-60.24
-57.86
-51.55
-42.07
-30.77
-18.98
-7.71
2.52
11.42
18.76
24.21
27.53
28.79
28.50
27.48
26.54
26.14
26.19
26.32
26.05
25.14
23.68
21.97
20.36
19.08
18.26
17.88
17.81
17.74
17.13
15.40
12.06
7.09
1.01
-5.18
-10.48
-14.32
-16.82
-18.72
-21.00
-24.46
-29.48
-36.03
-43.72
-51.86
-59.40
-64.90
-66.80
-63.92
-56.02
-44.13
-30.29
-16.89
-5.76
2.44
8.20
12.67
16.88
21.28
25.58
29.11
31.23
31.81
31.17
29.95
28.71
27.75
26.95
26.07
24.92
23.54
22.14
20.94
19.96
19.07
18.10
17.01
15.78
14.41
12.68
10.20
6.62
1.86
-3.69
-9.36
-14.49
-18.76
-22.37
-25.83
-29.81
-34.79
-40.92
-47.97
-55.31
-61.90
-66.42
-67.53
-64.28
-56.45
-44.85
-31.08
-17.02
-4.29
6.21
14.35
20.48
25.02
28.16
29.81
29.88
28.56
26.47
24.51
23.53
23.82
25.01
26.27
26.69
25.94
24.32
22.68
21.77
21.84
22.47
22.80
22.10
20.06
16.93
13.23
9.36
5.49
1.51
-2.67
-7.04
-11.47
-15.91
-20.54
-25.71
-31.63
-38.00
-43.90
-47.99
-48.99
-46.13
-39.57
-30.17
-19.29
-8.22
2.10
11.06
18.39
23.94
27.71
29.86
30.71
30.70
30.17
29.31
28.06
26.42
24.52
22.65
21.21
20.40
20.20
20.30
20.37
20.17
19.68
18.99
18.09
16.83
14.96
12.24
8.60
4.25
-0.45
-5.05
-9.23
-12.96
-16.52
-20.48
-25.44
-31.78
-39.32
-47.24
-54.20
-58.62
-59.19
-55.29
-47.12
-35.78
-22.86
-10.02
1.53
11.18
18.91
24.99
29.73
33.19
35.26
35.80
34.85
32.81
30.23
27.76
25.84
24.58
23.84
23.32
22.79
22.16
21.46
20.76
20.12
19.46
18.62
17.40
15.64
13.28
10.33
6.85
2.94
-1.30
-5.71
-10.12
-14.39
-18.53
-22.58
-26.72
-31.16
-36.03
-41.42
-47.31
-53.51
-59.51
-64.37
-66.76
-65.30
-59.09
-48.22
-33.93
-18.26
-3.41
9.03
18.40
24.96
29.42
32.48
34.54
35.68
35.87
35.13
33.70
31.95
30.29
29.03
28.29
27.91
27.60
27.08
26.28
25.39
24.74
24.57
24.82
25.09
24.79
23.49
21.07
17.76
13.95
10.02
6.09
2.14
-1.92
-6.05
-10.07
-13.75
-17.07
-20.38
-24.34
-29.62
-36.47
-44.27
-51.62
-56.62
-57.60
-53.83
-45.75
-34.85
-22.99
-11.77
-2.08
5.90
12.34
17.51
21.46
24.14
25.55
25.86
25.40
24.53
23.51
22.51
21.59
20.83
20.28
19.94
19.76
19.67
19.63
19.67
19.83
19.98
19.72
18.57
16.09
12.25
7.54
2.77
-1.31
-4.40
-6.86
-9.52
-13.16
-18.22
-24.50
-31.37
-38.07
-43.97
-48.61
-51.51
-52.10
-49.69
-43.88
-34.90
-23.78
-12.13
-1.51
7.12
13.66
18.71
22.93
26.61
29.42
30.85
30.52
28.69
26.16
23.90
22.57
22.28
22.57
22.79
22.46
21.37
19.72
17.88
16.22
15.06
14.42
14.07
13.46
12.00
9.24
5.23
0.43
-4.39
-8.58
-11.95
-14.81
-17.85
-21.75
-26.98
-33.55
-41.12
-48.99
-56.19
-61.58
-63.97
-62.40
-56.48
-46.63
-34.07
-20.41
-7.35
3.85
12.59
18.85
23.05
25.74
27.41
28.40
28.94
29.14
29.11
28.92
28.61
28.17
27.60
26.91
26.16
25.38
24.60
23.84
23.11
22.45
21.89
21.37
20.73
19.66
17.77
14.72
10.38
4.96
-1.04
-6.93
-12.03
-16.02
-19.04
-21.67
-24.71
-28.90
-34.57
-41.51
-49.00
-55.92
-60.97
-62.88
-60.70
-54.11
-43.58
-30.33
-16.09
-2.54
9.06
18.14
24.82
29.52
32.81
35.16
36.90
38.28
39.39
40.16
40.35
39.76
38.37
36.39
34.31
32.52
31.18
30.19
29.28
28.28
27.20
26.19
25.32
24.40
22.98
20.54
16.80
11.87
6.28
0.76
-4.15
-8.23
-11.67
-14.88
-18.23
-21.93
-26.09
-30.75
-35.94
-41.44
-46.61
-50.21
-50.71
-46.92
-38.59
-26.71
-13.20
-0.24
10.60
18.74
24.52
28.72
31.99
34.57
36.34
37.05
36.61
35.19
33.11
30.70
28.07
25.17
21.92
18.34
14.74
11.56
9.24
7.91
7.32
6.98
6.32
5.04
3.14
0.78
-1.85
-4.80
-8.24
-12.33
-17.04
-22.21
-27.61
-33.14
-38.77
-44.38
-49.52
-53.24
-54.38
-51.91
-45.59
-36.04
-24.65
-13.08
-2.67
5.87
12.43
17.23
20.58
22.64
23.56
23.56
22.93
22.04
21.19
20.58
20.29
20.28
20.36
20.31
19.86
18.80
17.10
14.93
12.58
10.34
8.32
6.47
4.60
2.55
0.23
-2.39
-5.30
-8.54
-12.08
-15.88
-19.84
-23.83
-27.86
-32.10
-36.74
-42.01
-47.88
-53.96
-59.54
-63.64
-65.33
-63.97
-59.44
-52.07
-42.67
-32.19
-21.56
-11.47
-2.31
5.76
12.73
18.65
23.52
27.28
29.83
31.03
30.84
29.45
27.31
25.07
23.45
22.91
23.53
24.98
26.70
28.18
29.11
29.32
28.80
27.45
25.22
22.11
18.30
14.21
10.29
6.92
4.18
1.84
-0.50
-3.18
-6.38
-9.98
-13.66
-17.03
-19.82
-21.99
-23.78
-25.62
-28.05
-31.51
-36.21
-42.01
-48.31
-54.19
-58.46
-59.98
-57.97
-52.25
-43.32
-32.19
-20.13
-8.38
2.13
10.84
17.49
22.15
25.02
26.47
27.01
27.11
27.16
27.33
27.55
27.58
27.28
26.64
25.97
25.67
26.02
26.96
28.12
28.97
29.09
28.32
26.88
25.11
23.31
21.50
19.53
17.23
14.49
11.45
8.31
5.25
2.34
-0.52
-3.41
-6.26
-8.92
-11.31
-13.52
-15.98
-19.27
-23.82
-29.60
-36.03
-42.00
-46.26
-47.69
-45.69
-40.19
-31.71
-21.19
-9.90
0.92
10.27
17.66
23.12
27.10
30.04
32.17
33.37
33.36
31.99
29.50
26.47
23.63
21.46
19.98
18.86
17.62
16.10
14.53
13.45
13.26
13.86
14.49
14.00
11.40
6.46
-0.09
-6.91
-12.68
-16.71
-19.17
-20.92
-22.93
-25.82
-29.60
-33.92
-38.39
-42.81
-47.18
-51.33
-54.72
-56.41
-55.33
-50.84
-42.98
-32.57
-20.92
-9.34
1.16
10.01
17.09
22.42
26.05
28.02
28.41
27.42
25.45
23.09
21.03
19.88
19.92
20.96
22.43
23.58
23.86
23.23
22.09
21.01
20.39
20.23
20.20
19.95
19.27
18.15
16.74
15.05
12.96
10.33
7.14
3.62
0.13
-3.05
-5.78
-8.11
-10.28
-12.63
-15.63
-19.73
-25.09
-31.26
-37.08
-40.84
-40.87
-36.32
-27.58
-16.25
-4.55
5.40
12.32
15.91
16.65
15.33
12.68
9.27
5.59
2.09
-0.72
-2.40
-2.74
-1.81
0.02
2.23
4.32
6.00
7.24
8.24
9.21
10.36
11.67
12.99
14.06
14.68
14.80
14.49
13.93
13.19
12.18
10.62
8.22
4.92
0.96
-3.11
-6.71
-9.48
-11.44
-13.05
-14.91
-17.60
-21.52
-26.73
-33.07
-40.06
-46.83
-52.14
-54.71
-53.53
-48.30
-39.60
-28.70
-17.11
-6.08
3.55
11.49
17.71
22.31
25.48
27.52
28.87
29.98
31.07
31.98
32.29
31.58
29.82
27.41
24.98
23.05
21.75
20.89
20.12
19.33
18.64
18.24
18.11
17.89
17.00
14.87
11.29
6.57
1.32
-3.72
-8.01
-11.31
-13.63
-15.15
-16.14
-17.02
-18.32
-20.69
-24.67
-30.39
-37.38
-44.54
-50.47
-53.82
-53.85
-50.56
-44.73
-37.46
-29.72
-22.04
-14.60
-7.52
-1.04
4.42
8.50
11.10
12.54
13.28
13.72
13.93
13.76
13.02
11.82
10.45
9.36
8.79
8.66
8.70
8.80
9.02
9.59
10.58
11.65
12.10
11.18
8.52
4.40
-0.25
-4.31
-7.02
-8.24
-8.63
-9.25
-11.11
-14.79
-20.23
-26.67
-32.99
-37.87
-40.10
-38.90
-34.02
-25.97
-15.90
-5.39
3.96
11.09
15.67
18.10
19.13
19.45
19.38
18.80
17.49
15.37
12.61
9.62
6.88
4.78
3.46
2.86
2.76
2.85
2.88
2.77
2.66
2.77
3.26
3.99
4.56
4.34
2.90
0.23
-3.19
-6.64
-9.43
-11.36
-12.76
-14.30
-16.71
-20.40
-25.39
-31.22
-37.16
-42.24
-45.55
-46.22
-43.58
-37.46
-28.23
-16.92
-4.98
6.11
15.31
22.22
26.99
30.02
31.60
31.74
30.28
27.17
22.71
17.59
12.68
8.71
6.05
4.69
4.38
4.79
5.61
6.59
7.49
8.09
8.18
7.67
6.57
5.04
3.23
1.31
-0.66
-2.72
-4.87
-7.18
-9.68
-12.46
-15.76
-19.87
-24.96
-30.90
-37.06
-42.41
-45.81
-46.38
-43.81
-38.43
-30.93
-22.14
-12.75
-3.28
5.71
13.64
19.87
24.02
26.14
26.70
26.41
25.83
25.11
24.11
22.60
20.53
18.16
15.96
14.39
13.66
13.70
14.13
14.48
14.28
13.27
11.43
9.07
6.63
4.56
3.05
1.93
0.72
-1.29
-4.71
-9.92
-16.84
-24.86
-32.86
-39.45
-43.24
-43.22
-39.13
-31.48
-21.50
-10.73
-0.63
7.81
14.20
18.73
21.93
24.42
26.59
28.47
29.74
30.08
29.28
27.44
24.93
22.22
19.68
17.54
15.94
14.90
14.33
14.05
13.73
12.99
11.50
9.13
5.96
2.18
-2.00
-6.45
-11.02
-15.60
-20.07
-24.49
-29.13
-34.31
-40.18
-46.35
-51.85
-55.25
-55.24
-51.11
-43.11
-32.31
-20.26
-8.37
2.37
11.46
18.82
24.47
28.49
30.89
31.75
31.23
29.71
27.75
25.98
24.89
24.65
24.98
25.20
24.62
22.84
19.96
16.57
13.38
10.75
8.59
6.43
3.73
0.29
-3.81
-8.29
-13.06
-18.14
-23.68
-29.62
-35.73
-41.72
-47.57
-53.55
-59.97
-66.68
-72.83
-76.95
-77.54
-73.92
-66.54
-56.87
-46.69
-37.40
-29.47
-22.63
-16.19
-9.63
-2.79
4.11
10.65
16.48
21.34
25.07
27.48
28.42
27.71
25.36
21.74
17.52
13.65
10.97
9.92
10.24
11.03
11.10
9.42
5.56
-0.28
-7.33
-14.63
-21.26
-26.62
-30.53
-33.29
-35.67
-38.63
-43.03
-49.03
-55.88
-61.99
-65.37
-64.45
-58.56
-48.18
-34.58
-19.39
-4.04
10.44
23.42
34.52
43.51
50.29
54.97
57.74
58.96
58.87
57.73
55.77
53.42
51.18
49.55
48.81
48.86
49.31
49.65
49.58
49.08
48.38
47.66
46.88
45.70
43.63
40.29
35.69
30.20
24.33
18.50
12.79
6.76
-0.32
-9.18
-20.21
-33.11
-46.88
-59.88
-70.29
-76.39
-77.11
-72.22
-62.44
-49.28
-34.57
-20.06
-6.95
4.26
13.66
21.51
28.00
33.02
36.34
37.87
37.89
37.01
35.95
35.13
34.60
34.10
33.33
32.18
30.88
29.84
29.41
29.74
30.71
31.99
33.20
33.94
33.85
32.62
30.12
26.44
21.97
17.19
12.60
8.35
4.23
-0.29
-5.77
-12.50
-20.39
-28.96
-37.48
-45.09
-50.86
-53.93
-53.65
-49.79
-42.71
-33.37
-23.03
-12.93
-4.00
3.29
8.77
12.44
14.36
14.63
13.51
11.46
9.01
6.70
4.90
3.79
3.42
3.72
4.55
5.74
7.14
8.58
9.96
11.24
12.33
13.10
13.37
13.00
11.95
10.25
7.90
4.90
1.26
-2.91
-7.35
-11.82
-16.20
-20.77
-26.00
-32.30
-39.55
-46.82
-52.45
-54.62
-52.10
-44.77
-33.60
-20.27
-6.46
6.59
18.20
28.08
36.14
42.24
46.34
48.52
49.12
48.65
47.65
46.45
45.28
44.22
43.36
42.73
42.28
41.74
40.79
39.15
36.82
34.05
31.20
28.57
26.11
23.59
20.75
17.52
14.03
10.47
6.81
2.71
-2.36
-8.73
-16.14
-23.66
-29.84
-33.28
-33.01
-28.91
-21.60
-12.22
-2.07
7.74
16.47
23.79
29.72
34.38
37.90
40.26
41.36
41.09
39.56
37.15
34.34
31.67
29.39
27.45
25.61
23.72
21.89
20.56
20.03
20.36
21.02
21.15
19.97
17.19
13.15
8.61
4.43
0.98
-1.90
-4.87
-8.79
-14.25
-21.34
-29.46
-37.38
-43.63
-46.80
-45.96
-40.98
-32.48
-21.60
-9.78
1.74
11.90
20.10
26.13
30.24
32.97
34.88
36.38
37.49
38.02
37.67
36.33
34.16
31.45
28.54
25.57
22.73
20.16
18.20
17.14
17.02
17.52
17.87
17.24
15.15
11.67
7.38
3.17
-0.26
-2.73
-4.61
-6.73
-9.84
-14.28
-19.67
-25.02
-28.94
-30.17
-27.87
-21.86
-12.63
-1.21
11.03
22.67
32.45
39.63
44.10
46.39
47.35
47.74
47.97
47.98
47.55
46.62
45.46
44.59
44.55
45.48
47.03
48.50
49.15
48.50
46.53
43.47
39.54
34.80
29.09
22.24
14.30
5.61
-3.33
-12.12
-20.71
-29.40
-38.53
-48.07
-57.40
-65.34
-70.63
-72.41
-70.56
-65.76
-59.17
-52.07
-45.47
-40.05
-36.09
-33.64
-32.55
-32.63
-33.68
-35.52
-38.02
-40.95
-43.94
-46.45
-47.99
-48.31
-47.49
-45.93
-44.07
-42.25
-40.56
-38.83
-36.91
-34.80
-32.65
-30.67
-29.07
-27.94
-27.38
-27.59
-28.80
-31.10
-34.19
-37.26
-39.12
-38.62
-35.11
-28.66
-20.05
-10.45
-1.07
7.16
13.75
18.61
21.91
23.98
25.19
25.81
26.01
25.75
24.91
23.44
21.50
19.53
18.04
17.36
17.43
17.88
18.15
17.90
17.15
16.19
15.32
14.62
13.79
12.32
9.65
5.50
-0.04
-6.60
-13.58
-20.30
-25.94
-29.68
-30.77
-28.88
-24.14
-17.28
-9.42
-1.68
5.07
10.49
14.55
17.56
19.80
21.39
22.33
22.48
21.75
20.14
17.78
14.93
11.89
9.07
6.78
5.32
4.86
5.53
7.33
10.13
13.67
17.52
21.19
24.05
25.49
24.85
21.68
15.80
7.53
-2.21
-12.08
-20.56
-26.38
-28.88
-28.18
-25.00
-20.33
-15.06
-9.81
-4.94
-0.69
2.57
4.54
4.98
4.03
2.17
0.06
-1.67
-2.73
-3.15
-3.23
-3.31
-3.65
-4.31
-5.28
-6.39
-7.47
-8.31
-8.64
-8.37
-7.53
-6.48
-5.76
-6.02
-7.74
-11.14
-15.96
-21.48
-26.69
-30.48
-31.99
-30.76
-26.81
-20.68
-13.23
-5.58
1.21
6.31
9.39
10.66
10.68
10.14
9.64
9.48
9.68
10.10
10.51
10.66
10.31
9.24
7.35
4.76
1.89
-0.67
-2.41
-3.08
-2.92
-2.49
-2.51
-3.55
-5.89
-9.43
-13.78
-18.35
-22.56
-25.87
-27.89
-28.36
-27.11
-24.11
-19.50
-13.67
-7.17
-0.68
5.24
10.16
13.85
16.24
17.28
16.92
15.24
12.50
9.24
6.20
3.98
2.78
2.36
2.14
1.54
0.25
-1.63
-3.75
-5.69
-7.20
-8.31
-9.31
-10.62
-12.73
-16.01
-20.57
-26.12
-31.85
-36.55
-38.93
-38.02
-33.67
-26.57
-18.03
-9.54
-2.16
3.66
8.03
11.22
13.40
14.46
14.23
12.73
10.25
7.41
4.77
2.75
1.42
0.64
0.18
-0.21
-0.69
-1.37
-2.25
-3.24
-4.21
-5.18
-6.32
-8.12
-11.10
-15.54
-21.16
-27.07
-31.95
-34.53
-33.96
-30.15
-23.70
-15.70
-7.34
0.42
7.09
12.56
16.96
20.35
22.53
23.17
22.07
19.42
15.90
12.50
10.03
8.74
8.18
7.51
6.03
3.64
0.81
-1.67
-3.18
-3.69
-3.62
-3.73
-4.72
-7.01
-10.69
-15.57
-21.16
-26.63
-30.88
-32.75
-31.48
-26.90
-19.71
-11.19
-2.76
4.52
10.15
14.15
16.85
18.54
19.37
19.42
18.72
17.48
15.95
14.36
12.77
11.15
9.36
7.38
5.30
3.36
1.83
0.96
0.75
1.00
1.30
1.03
-0.47
-3.74
-8.96
-15.63
-22.67
-28.45
-31.36
-30.34
-25.35
-17.35
-8.08
0.65
7.60
12.43
15.64
18.06
20.36
22.57
24.20
24.59
23.34
20.62
17.04
13.46
10.59
8.81
8.10
8.23
8.81
9.47
9.92
9.97
9.55
8.68
7.36
5.53
2.99
-0.58
-5.28
-10.89
-16.72
-21.62
-24.34
-23.86
-19.72
-12.22
-2.30
8.77
19.64
29.21
36.74
41.74
43.98
43.43
40.25
34.86
27.91
20.25
12.76
6.26
1.38
-1.54
-2.47
-1.71
0.13
2.33
4.23
5.33
5.45
4.50
2.38
-1.03
-5.94
-12.30
-19.79
-27.61
-34.70
-39.98
-42.66
-42.47
-39.70
-35.08
-29.45
-23.59
-17.99
-12.83
-8.08
-3.67
0.26
3.47
5.63
6.53
6.30
5.37
4.40
3.96
4.41
5.73
7.54
9.22
10.08
9.66
7.87
5.12
2.13
-0.50
-2.59
-4.61
-7.42
-11.85
-18.13
-25.64
-33.03
-38.71
-41.42
-40.59
-36.51
-30.03
-22.19
-13.92
-5.82
1.69
8.28
13.53
17.00
18.42
17.77
15.48
12.24
8.84
5.98
4.09
3.31
3.41
3.92
4.22
3.89
2.86
1.52
0.47
0.09
0.21
0.10
-1.16
-4.23
-9.13
-15.17
-21.30
-26.48
-29.91
-31.12
-29.86
-26.12
-20.17
-12.56
-4.09
4.32
11.86
17.83
21.81
23.55
23.10
20.81
17.33
13.60
10.45
8.47
7.75
7.94
8.38
8.46
7.86
6.58
4.94
3.27
1.77
0.38
-1.17
-3.29
-6.30
-10.37
-15.43
-21.13
-26.88
-31.77
-34.79
-35.07
-32.15
-26.20
-18.07
-8.97
-0.08
7.73
14.16
19.31
23.37
26.43
28.30
28.70
27.50
24.94
21.57
18.10
15.14
13.06
11.91
11.52
11.56
11.60
11.25
10.22
8.36
5.80
2.73
-0.59
-4.10
-7.89
-12.16
-17.09
-22.57
-28.05
-32.62
-35.21
-34.94
-31.39
-24.82
-16.04
-6.18
3.67
12.65
20.22
26.07
30.01
31.87
31.58
29.37
25.77
21.55
17.59
14.53
12.72
12.10
12.39
13.18
14.11
14.86
15.21
14.90
13.78
11.76
8.95
5.56
1.78
-2.36
-7.03
-12.48
-18.72
-25.20
-30.92
-34.61
-35.24
-32.41
-26.47
-18.34
-9.14
0.12
8.67
15.99
21.71
25.50
27.18
26.75
24.43
20.69
16.20
11.74
7.97
5.27
3.55
2.31
0.90
-1.14
-3.74
-6.37
-8.36
-9.31
-9.35
-9.24
-9.89
-12.09
-16.10
-21.71
-28.45
-35.78
-43.28
-50.51
-56.90
-61.64
-63.76
-62.48
-57.41
-48.87
-37.84
-25.58
-13.36
-2.08
7.73
15.87
22.07
26.01
27.39
26.29
23.40
19.99
17.49
16.79
17.67
18.68
17.79
13.26
4.64
-6.83
-18.60
-27.77
-32.08
-30.61
-23.76
-12.89
0.28
13.89
26.13
35.22
39.84
39.47
34.79
27.69
20.61
15.81
14.52
16.73
21.47
27.34
33.18
38.26
42.26
44.99
46.20
45.59
43.00
38.53
32.68
26.29
20.41
16.08
14.11
14.88
18.14
22.96
27.88
31.26
31.89
29.42
24.65
19.15
14.67
12.46
12.80
15.03
17.99
20.59
22.38
23.64
25.18
27.90
32.26
38.06
44.60
51.06
56.80
61.65
65.67
68.93
71.16
71.84
70.40
66.64
61.03
54.55
48.35
43.33
39.78
37.38
35.46
33.33
30.64
27.46
24.25
21.48
19.42
17.93
16.44
14.35
11.21
6.93
1.69
-4.12
-10.06
-15.67
-20.41
-23.75
-25.14
-24.38
-21.58
-17.18
-11.69
-5.57
0.86
7.17
12.76
16.96
19.23
19.49
18.26
16.44
14.85
13.90
13.33
12.52
10.87
8.09
4.47
0.66
-2.64
-5.12
-6.94
-8.71
-11.27
-15.34
-21.31
-29.20
-38.80
-49.73
-61.53
-73.52
-84.70
-93.84
-99.86
-102.24
-101.29
-98.08
-93.96
-90.07
-86.90
-84.39
-82.28
-80.40
-78.78
-77.55
-76.67
-75.82
-74.48
-72.23
-68.98
-65.06
-61.06
-57.54
-54.84
-52.87
-51.22
-49.32
-46.63
-42.91
-38.30
-33.36
-29.02
-26.40
-26.48
-29.74
-35.80
-43.28
-49.88
-53.05
-50.71
-42.17
-28.41
-11.90
4.34
17.71
26.92
32.07
34.21
34.53
33.77
32.00
29.11
25.24
21.18
18.13
17.12
18.51
21.78
25.84
29.67
32.74
35.17
37.43
39.94
42.68
45.26
46.97
47.19
45.53
41.99
36.92
30.93
24.77
19.11
14.46
11.05
9.00
8.33
9.04
11.08
14.19
17.90
21.53
24.45
26.19
26.64
25.98
24.46
22.39
19.93
17.18
14.34
11.67
9.53
8.11
7.42
7.16
6.92
6.38
5.42
4.13
2.75
1.54
0.66
0.09
-0.37
-1.06
-2.37
-4.56
-7.62
-11.24
-14.78
-17.60
-19.22
-19.50
-18.60
-16.77
-14.17
-10.79
-6.70
-2.17
2.32
6.15
8.91
10.56
11.41
11.95
12.50
13.06
13.26
12.57
10.68
7.73
4.32
1.28
-0.68
-1.32
-0.88
0.02
0.68
0.74
0.21
-0.62
-1.45
-2.29
-3.38
-4.98
-7.13
-9.59
-11.98
-14.10
-16.07
-18.27
-20.94
-23.98
-26.84
-28.81
-29.31
-28.18
-25.74
-22.46
-18.86
-15.21
-11.59
-8.14
-5.05
-2.68
-1.32
-1.05
-1.69
-2.86
-4.12
-5.12
-5.68
-5.76
-5.47
-4.91
-4.20
-3.41
-2.67
-2.15
-2.01
-2.28
-2.79
-3.27
-3.56
-3.76
-4.28
-5.62
-8.04
-11.32
-14.85
-17.83
-19.72
-20.54
-20.77
-21.08
-21.93
-23.23
-24.54
-25.29
-25.11
-24.08
-22.58
-21.11
-19.94
-19.05
-18.20
-17.22
-16.25
-15.86
-16.99
-20.57
-27.17
-36.68
-48.24
-60.35
-71.21
-79.15
-83.03
-82.60
-78.47
-71.97
-64.74
-58.20
-52.97
-48.63
-43.69
-36.05
-23.82
-6.01
16.86
42.70
68.40
90.71
107.00
115.85
117.16
111.95
102.03
89.67
77.11
66.25
58.37
53.85
52.25
52.53
53.47
54.00
53.49
51.83
49.32
46.47
43.70
41.12
38.50
35.29
31.04
25.66
19.69
14.15
10.14
8.25
8.35
9.44
10.11
9.09
5.74
0.38
-5.85
-11.37
-14.77
-15.31
-13.22
-9.61
-6.07
-4.09
-4.71
-8.28
-14.45
-22.34
-30.59
-37.47
-41.17
-40.21
-34.13
-23.95
-12.12
-1.77
4.60
6.27
4.77
3.14
4.57
10.80
21.47
34.43
46.87
56.55
62.47
64.91
64.73
62.77
59.54
55.26
50.15
44.55
38.94
33.80
29.40
25.80
22.86
20.31
17.86
15.22
12.26
9.11
6.16
3.79
2.27
1.51
1.10
0.62
-0.21
-1.27
-2.15
-2.58
-2.62
-2.87
-4.18
-7.29
-12.29
-18.48
-24.46
-28.64
-29.79
-27.53
-22.48
-16.04
-9.91
-5.35
-2.82
-1.92
-1.78
-1.58
-1.02
-0.40
-0.32
-1.35
-3.54
-6.59
-9.94
-13.09
-15.77
-17.87
-19.28
-19.83
-19.32
-17.76
-15.56
-13.46
-12.33
-12.79
-14.90
-18.14
-21.66
-24.68
-26.80
-28.18
-29.36
-30.88
-33.02
-35.69
-38.42
-40.66
-41.79
-41.31
-38.86
-34.28
-27.84
-20.28
-12.64
-6.06
-1.35
1.29
2.18
1.96
1.31
0.58
-0.14
-0.83
-1.52
-2.13
-2.58
-2.98
-3.48
-4.21
-5.07
-5.70
-5.68
-4.87
-3.55
-2.43
-2.33
-3.75
-6.66
-10.50
-14.60
-18.57
-22.47
-26.62
-31.23
-36.04
-40.25
-42.81
-42.81
-39.90
-34.42
-27.33
-19.77
-12.82
-7.24
-3.35
-1.09
-0.13
0.09
0.18
0.60
1.44
2.45
3.10
2.98
1.88
0.04
-2.06
-3.88
-5.08
-5.58
-5.53
-5.09
-4.44
-3.69
-2.97
-2.55
-2.77
-3.99
-6.44
-10.21
-15.19
-21.15
-27.68
-34.16
-39.73
-43.36
-44.13
-41.52
-35.72
-27.57
-18.28
-9.07
-0.75
6.36
12.32
17.29
21.29
24.24
26.02
26.58
25.95
24.32
21.89
19.11
16.51
14.70
14.09
14.67
15.93
17.09
17.45
16.62
14.67
11.93
8.70
5.13
1.10
-3.53
-8.93
-15.08
-21.90
-29.12
-36.23
-42.45
-46.75
-48.20
-46.19
-40.68
-32.26
-21.87
-10.56
0.65
10.84
19.24
25.20
28.46
29.08
27.59
24.80
21.59
18.72
16.65
15.50
15.07
14.93
14.63
13.76
12.27
10.38
8.51
7.05
6.12
5.46
4.56
2.92
0.12
-4.01
-9.48
-16.11
-23.44
-30.66
-36.64
-40.08
-39.85
-35.33
-26.70
-15.00
-1.87
10.88
21.83
30.12
35.67
38.79
39.91
39.38
37.44
34.49
31.16
28.36
26.89
27.07
28.58
30.49
31.64
31.17
28.91
25.38
21.51
18.10
15.58
13.65
11.61
8.61
3.97
-2.55
-10.74
-19.96
-29.36
-37.88
-44.45
-48.05
-47.84
-43.65
-35.87
-25.62
-14.42
-3.86
4.88
11.16
14.96
16.72
17.09
16.66
15.82
14.78
13.61
12.39
11.36
10.79
10.83
11.31
11.85
11.86
10.93
9.06
6.59
4.03
1.69
-0.44
-2.71
-5.65
-9.75
-15.25
-22.06
-29.78
-37.58
-44.29
-48.57
-49.24
-45.74
-38.47
-28.59
-17.59
-6.71
3.41
12.68
21.22
28.88
35.09
39.04
40.19
38.61
35.17
31.22
28.00
26.17
25.71
25.97
26.29
26.24
25.76
25.00
24.13
23.11
21.70
19.63
16.71
12.98
8.60
3.64
-1.82
-7.65
-13.50
-18.55
-21.68
-21.83
-18.41
-11.66
-2.62
7.25
16.69
24.98
32.07
38.24
43.65
48.02
50.72
51.06
48.87
44.60
39.36
34.32
30.31
27.40
25.01
22.27
18.47
13.42
7.50
1.38
-4.30
-9.24
-13.48
-17.30
-20.99
-24.72
-28.54
-32.45
-36.46
-40.30
-43.33
-44.55
-42.80
-37.36
-28.31
-16.69
-4.10
7.80
17.94
25.94
31.98
36.35
39.14
40.14
39.11
36.10
31.58
26.52
21.96
18.70
17.01
16.58
16.72
16.70
16.05
14.72
12.98
11.18
9.43
7.62
5.36
2.29
-1.88
-7.20
-13.58
-20.75
-28.23
-35.25
-40.80
-43.79
-43.27
-38.83
-30.70
-19.85
-7.65
4.42
15.18
23.93
30.36
34.50
36.49
36.40
34.34
30.54
25.61
20.49
16.29
13.87
13.56
14.99
17.27
19.36
20.40
20.00
18.19
15.36
12.01
8.59
5.41
2.64
0.25
-1.94
-4.33
-7.50
-11.97
-18.06
-25.50
-33.41
-40.33
-44.58
-44.83
-40.43
-31.85
-20.41
-7.99
3.59
13.00
19.68
23.78
25.86
26.55
26.27
25.18
23.30
20.83
18.11
15.80
14.48
14.45
15.56
17.22
18.68
19.39
19.19
18.21
16.74
14.95
12.75
10.02
6.70
2.94
-0.93
-4.63
-8.10
-11.63
-15.71
-20.77
-26.78
-33.17
-38.80
-42.35
-42.72
-39.45
-32.78
-23.66
-13.32
-2.97
6.43
14.31
20.40
24.60
26.98
27.76
27.24
25.75
23.62
21.11
18.48
16.13
14.47
13.83
14.23
15.24
16.23
16.63
16.31
15.53
14.83
14.49
14.36
13.80
12.10
8.87
4.29
-1.01
-6.25
-10.93
-15.00
-18.79
-22.76
-27.31
-32.55
-38.22
-43.65
-47.75
-49.29
-47.33
-41.59
-32.73
-22.18
-11.65
-2.50
4.72
10.20
14.51
18.00
20.53
21.68
21.12
19.07
16.33
13.93
12.61
12.56
13.39
14.43
15.06
15.03
14.52
13.85
13.33
13.03
12.83
12.47
11.71
10.44
8.70
6.60
4.29
1.90
-0.60
-3.31
-6.34
-9.77
-13.62
-17.96
-22.80
-27.92
-32.67
-35.98
-36.60
-33.71
-27.29
-18.23
-8.10
1.52
9.58
15.72
20.13
23.12
24.89
25.47
24.88
23.31
21.21
19.12
17.44
16.36
15.83
15.71
15.80
16.03
16.31
16.66
16.97
17.02
16.44
14.79
11.78
7.42
2.09
-3.56
-8.83
-13.31
-16.93
-20.02
-23.16
-26.98
-31.97
-38.19
-45.14
-51.71
-56.41
-57.77
-54.94
-47.99
-37.98
-26.54
-15.28
-5.35
2.76
9.04
13.68
16.83
18.55
19.02
18.53
17.52
16.36
15.24
14.12
12.92
11.72
10.77
10.54
11.27
12.89
14.90
16.54
17.11
16.21
13.83
10.33
6.14
1.63
-2.93
-7.40
-11.73
-16.01
-20.51
-25.57
-31.46
-37.98
-44.42
-49.53
-51.87
-50.36
-44.73
-35.61
-24.40
-12.73
-1.90
7.35
14.86
20.69
24.82
27.12
27.53
26.24
23.91
21.41
19.49
18.45
18.03
17.68
16.94
15.80
14.61
13.84
13.63
13.75
13.59
12.64
10.65
7.83
4.60
1.27
-2.03
-5.43
-9.21
-13.62
-18.85
-25.00
-32.00
-39.50
-46.66
-52.21
-54.70
-53.00
-46.83
-36.97
-25.01
-12.85
-2.03
6.66
13.21
18.01
21.45
23.74
24.92
25.14
24.71
24.17
23.96
24.36
25.35
26.79
28.66
31.10
34.34
38.44
43.13
47.81
51.79
54.56
56.02
56.42
56.15
55.54
54.85
54.20
53.66
53.10
52.20
50.51
47.67
43.75
39.42
35.82
34.12
34.96
38.17
42.78
47.64
51.87
55.19
57.77
59.84
61.28
61.64
60.39
57.27
52.51
46.79
40.95
35.62
31.05
27.20
23.86
20.78
17.64
14.06
9.47
3.36
-4.47
-13.78
-23.93
-34.05
-43.47
-51.84
-59.23
-65.98
-72.53
-79.20
-86.22
-93.55
-100.91
-107.51
-112.25
-113.78
-111.06
-103.64
-91.97
-77.32
-61.45
-46.18
-32.87
-22.29
-14.52
-9.17
-5.65
-3.43
-2.20
-1.82
-2.19
-3.10
-4.26
-5.35
-6.25
-7.04
-7.97
-9.22
-10.72
-12.18
-13.28
-13.84
-13.99
-14.07
-14.47
-15.40
-16.86
-18.61
-20.43
-22.21
-24.09
-26.34
-29.26
-33.03
-37.48
-42.01
-45.60
-47.01
-45.12
-39.36
-29.97
-18.01
-5.15
6.91
16.83
23.98
28.45
30.82
31.81
31.95
31.49
30.42
28.64
26.20
23.36
20.48
17.91
15.82
14.12
12.63
11.10
9.38
7.41
5.19
2.71
0.02
-2.86
-5.90
-9.10
-12.51
-16.25
-20.48
-25.32
-30.76
-36.61
-42.39
-47.36
-50.54
-50.94
-47.88
-41.21
-31.56
-20.13
-8.40
2.25
10.95
17.36
21.62
24.19
25.61
26.31
26.58
26.48
25.94
24.95
23.66
22.34
21.31
20.67
20.27
19.73
18.70
17.09
15.06
12.91
10.88
8.92
6.81
4.28
1.27
-2.18
-5.93
-10.10
-14.99
-20.92
-27.85
-35.07
-41.29
-44.97
-44.95
-40.88
-33.34
-23.51
-12.72
-2.09
7.63
15.94
22.37
26.59
28.57
28.69
27.74
26.59
25.86
25.67
25.71
25.50
24.78
23.58
22.20
20.96
19.97
19.08
17.97
16.34
13.96
10.82
7.11
3.13
-0.82
-4.47
-7.72
-10.65
-13.51
-16.69
-20.60
-25.52
-31.41
-37.65
-43.15
-46.46
-46.31
-42.09
-34.20
-23.95
-13.04
-2.94
5.52
12.25
17.48
21.48
24.25
25.56
25.22
23.37
20.52
17.53
15.24
14.14
14.22
14.98
15.73
15.94
15.49
14.65
13.96
13.83
14.28
14.87
14.85
13.47
10.31
5.54
-0.27
-6.24
-11.55
-15.71
-18.69
-20.96
-23.32
-26.61
-31.50
-38.10
-45.83
-53.46
-59.36
-61.92
-60.06
-53.56
-43.24
-30.58
-17.34
-5.06
5.28
13.31
19.18
23.33
26.24
28.34
29.91
31.12
32.05
32.75
33.23
33.53
33.71
33.93
34.35
35.06
36.00
36.96
37.64
37.76
37.07
35.39
32.62
28.69
23.63
17.68
11.27
5.02
-0.53
-5.05
-8.61
-11.59
-14.42
-17.44
-20.83
-24.62
-28.80
-33.30
-37.82
-41.80
-44.39
-44.60
-41.72
-35.53
-26.56
-15.92
-5.00
4.99
13.31
19.80
24.69
28.39
31.16
33.05
33.97
33.85
32.88
31.50
30.22
29.44
29.16
29.07
28.77
27.93
26.52
24.72
22.71
20.58
18.28
15.74
12.94
9.99
6.93
3.79
0.46
-3.10
-6.77
-10.11
-12.61
-14.01
-14.40
-14.40
-14.84
-16.38
-19.28
-23.28
-27.81
-32.18
-35.68
-37.57
-37.09
-33.54
-26.55
-16.47
-4.47
7.65
18.01
25.29
29.07
29.85
28.54
26.08
22.96
19.34
15.22
10.80
6.57
3.22
1.41
1.52
3.49
6.91
11.11
15.37
19.06
21.72
23.12
23.16
21.83
19.28
15.70
11.43
6.82
2.14
-2.49
-7.03
-11.40
-15.39
-18.69
-21.09
-22.69
-24.05
-25.96
-29.14
-33.95
-40.17
-47.28
-54.52
-61.12
-66.36
-69.50
-69.93
-67.29
-61.85
-54.40
-46.20
-38.54
-32.30
-27.70
-24.44
-21.93
-19.68
-17.51
-15.43
-13.64
-12.18
-11.01
-9.94
-8.80
-7.47
-6.00
-4.53
-3.14
-1.83
-0.55
0.71
1.81
2.44
2.21
0.90
-1.44
-4.45
-7.49
-9.89
-11.20
-11.37
-10.92
-10.83
-12.23
-16.00
-22.30
-30.40
-38.72
-45.30
-48.47
-47.33
-41.99
-33.45
-23.08
-12.18
-1.64
8.09
16.83
24.42
30.67
35.24
37.89
38.59
37.56
35.30
32.33
29.13
26.06
23.29
20.95
19.10
17.67
16.56
15.57
14.53
13.29
11.73
9.79
7.33
4.29
0.79
-2.93
-6.60
-10.08
-13.47
-17.22
-21.78
-27.44
-33.90
-40.27
-45.19
-47.21
-45.31
-39.21
-29.54
-17.70
-5.54
5.24
13.56
19.18
22.63
24.70
25.96
26.48
25.87
23.77
20.26
16.05
12.28
10.06
9.88
11.41
13.64
15.38
15.80
14.75
12.66
10.19
7.84
5.62
3.25
0.38
-3.20
-7.41
-12.10
-17.24
-22.99
-29.47
-36.53
-43.40
-48.72
-50.93
-48.84
-42.12
-31.50
-18.59
-5.33
6.55
15.98
22.63
26.71
28.81
29.46
29.12
28.08
26.48
24.46
22.24
20.09
18.31
17.10
16.39
15.94
15.36
14.30
12.68
10.68
8.80
7.38
6.52
5.87
4.82
2.75
-0.73
-5.71
-12.04
-19.35
-27.10
-34.46
-40.27
-43.23
-42.26
-36.88
-27.52
-15.49
-2.62
9.31
19.04
26.15
30.89
33.95
35.88
36.92
36.96
35.85
33.65
30.77
27.83
25.40
23.78
22.86
22.26
21.60
20.61
19.26
17.64
15.80
13.75
11.47
8.85
5.78
2.07
-2.53
-8.19
-14.89
-22.44
-30.33
-37.85
-43.99
-47.61
-47.62
-43.34
-34.76
-22.77
-9.02
4.50
16.01
24.45
29.67
32.33
33.43
33.93
34.37
34.84
35.06
34.67
33.47
31.58
29.34
27.12
25.24
23.74
22.48
21.30
20.04
18.62
16.98
15.00
12.52
9.41
5.58
1.15
-3.69
-8.85
-14.35
-20.44
-27.37
-35.08
-42.98
-49.87
-54.20
-54.53
-50.10
-41.12
-28.69
-14.55
-0.53
11.91
21.85
29.00
33.59
36.05
36.92
36.68
35.64
34.07
32.20
30.22
28.40
26.93
25.85
24.94
23.80
21.99
19.27
15.75
11.86
8.13
4.84
1.87
-1.30
-5.31
-10.53
-16.78
-23.30
-29.07
-33.15
-35.22
-35.67
-35.46
-35.78
-37.64
-41.33
-46.33
-51.19
-53.98
-52.89
-46.91
-36.28
-22.48
-7.76
5.76
16.73
24.81
30.55
34.76
38.06
40.57
41.97
41.87
40.11
36.99
33.24
29.75
27.29
26.22
26.43
27.43
28.67
29.74
30.45
30.70
30.30
28.99
26.55
23.00
18.65
13.99
9.48
5.28
1.28
-2.77
-7.13
-11.87
-16.90
-22.07
-27.14
-32.01
-36.65
-41.18
-45.73
-50.22
-54.22
-56.80
-56.80
-53.31
-46.12
-35.97
-24.29
-12.59
-2.00
7.00
14.37
20.13
24.08
25.86
25.30
22.70
18.92
15.13
12.43
11.46
12.23
14.29
17.01
19.80
22.23
24.09
25.39
26.27
26.98
27.73
28.54
29.14
29.06
27.84
25.21
21.16
15.87
9.62
2.63
-4.80
-12.35
-19.66
-26.48
-32.81
-38.98
-45.45
-52.43
-59.53
-65.65
-69.39
-69.57
-65.83
-58.71
-49.44
-39.37
-29.53
-20.45
-12.34
-5.22
0.78
5.47
8.70
10.50
11.22
11.45
11.77
12.64
14.12
15.92
17.60
18.78
19.32
19.36
19.21
18.97
18.53
17.49
15.44
12.19
7.90
2.98
-2.07
-6.86
-11.24
-15.30
-19.30
-23.61
-28.60
-34.53
-41.21
-47.93
-53.50
-56.58
-56.11
-51.78
-44.07
-34.07
-23.12
-12.39
-2.74
5.34
11.64
16.12
18.86
19.95
19.67
18.33
16.42
14.46
12.95
12.13
12.03
12.39
12.95
13.58
14.36
15.53
17.17
18.97
20.37
20.57
19.05
15.81
11.43
6.74
2.44
-1.25
-4.66
-8.34
-12.73
-17.99
-23.95
-30.38
-37.02
-43.57
-49.41
-53.51
-54.57
-51.36
-43.49
-31.63
-17.39
-2.87
10.13
20.54
28.11
33.08
35.92
37.03
36.69
35.23
33.07
30.78
28.95
27.92
27.66
27.73
27.56
26.70
25.21
23.51
22.21
21.61
21.50
21.13
19.63
16.52
11.89
6.39
0.75
-4.40
-8.82
-12.66
-16.24
-20.04
-24.56
-30.27
-37.35
-45.46
-53.52
-59.89
-62.79
-60.92
-54.10
-43.35
-30.55
-17.77
-6.61
2.16
8.58
13.08
16.25
18.51
20.13
21.31
22.23
23.06
23.83
24.54
25.04
25.33
25.51
25.77
26.30
27.07
27.87
28.35
28.23
27.38
25.84
23.76
21.23
18.23
14.62
10.27
5.17
-0.41
-5.99
-11.09
-15.55
-19.64
-23.99
-29.36
-36.11
-43.98
-51.93
-58.51
-62.23
-62.02
-57.59
-49.32
-38.17
-25.42
-12.41
-0.42
9.53
16.83
21.36
23.46
23.88
23.31
22.35
21.35
20.49
19.87
19.60
19.77
20.33
21.14
22.02
22.90
23.81
24.80
25.81
26.51
26.46
25.25
22.72
19.03
14.62
9.97
5.45
1.32
-2.34
-5.64
-8.92
-12.62
-17.21
-22.85
-29.18
-35.21
-39.52
-40.73
-37.99
-31.32
-21.66
-10.51
0.55
10.29
18.02
23.59
27.17
29.09
29.70
29.37
28.46
27.30
26.08
24.90
23.75
22.68
21.83
21.47
21.72
22.50
23.47
24.08
23.84
22.51
20.12
16.92
13.20
9.23
5.11
0.90
-3.43
-7.89
-12.62
-17.85
-23.81
-30.56
-37.70
-44.30
-48.98
-50.31
-47.34
-39.98
-29.11
-16.30
-3.35
8.30
17.79
24.90
29.81
32.90
34.63
35.38
35.53
35.37
35.04
34.52
33.66
32.41
30.88
29.41
28.35
28.03
28.41
29.23
30.01
30.32
29.93
28.72
26.72
23.95
20.59
16.90
13.36
10.43
8.27
6.50
4.18
0.24
-5.99
-14.26
-23.40
-31.58
-37.02
-38.63
-36.25
-30.68
-23.22
-15.29
-8.06
-2.29
1.71
4.04
5.09
5.40
5.44
5.46
5.40
5.00
4.03
2.59
1.09
0.12
0.14
1.22
3.02
4.97
6.57
7.62
8.16
8.30
7.95
6.80
4.53
1.15
-2.90
-6.81
-9.90
-12.00
-13.70
-16.05
-19.99
-25.73
-32.50
-38.72
-42.60
-42.79
-38.90
-31.49
-21.81
-11.37
-1.46
7.05
13.81
18.80
22.23
24.33
25.36
25.55
25.18
24.52
23.87
23.42
23.29
23.52
24.09
24.81
25.34
25.27
24.29
22.45
20.11
17.85
16.10
14.82
13.45
11.27
7.89
3.55
-1.15
-5.51
-9.20
-12.47
-15.81
-19.62
-23.97
-28.67
-33.47
-38.11
-42.30
-45.50
-46.82
-45.35
-40.45
-32.19
-21.44
-9.58
1.94
12.00
19.95
25.58
28.93
30.30
30.12
28.98
27.52
26.28
25.52
25.25
25.34
25.63
26.10
26.81
27.93
29.46
31.23
32.79
33.60
33.30
31.77
29.28
26.36
23.65
21.70
20.85
21.04
21.85
22.51
22.00
19.31
13.67
4.92
-6.43
-19.28
-32.10
-43.27
-51.34
-55.30
-54.67
-49.68
-41.15
-30.47
-19.28
-9.17
-1.30
3.74
6.08
6.36
5.42
4.02
2.71
1.59
0.57
-0.60
-2.14
-4.04
-6.07
-7.91
-9.24
-9.88
-9.89
-9.50
-9.05
-8.84
-9.10
-9.94
-11.44
-13.59
-16.31
-19.40
-22.54
-25.45
-27.99
-30.46
-33.35
-37.23
-42.27
-48.02
-53.29
-56.55
-56.49
-52.47
-44.74
-34.36
-22.78
-11.29
-0.87
7.98
15.09
20.43
24.06
26.12
26.80
26.35
25.13
23.49
21.83
20.36
19.16
18.21
17.40
16.70
16.22
16.16
16.60
17.31
17.69
16.92
14.38
9.87
3.83
-2.92
-9.56
-15.56
-20.79
-25.47
-30.04
-34.95
-40.56
-46.99
-53.89
-60.50
-65.62
-67.98
-66.62
-61.28
-52.43
-41.11
-28.50
-15.74
-3.67
7.04
15.92
22.58
26.89
29.05
29.62
29.45
29.48
30.43
32.53
35.44
38.34
40.31
40.65
39.31
36.90
34.39
32.66
31.94
31.68
30.77
28.17
23.34
16.54
8.59
0.43
-7.31
-14.43
-21.15
-27.77
-34.51
-41.43
-48.43
-55.19
-61.02
-64.94
-65.76
-62.53
-55.04
-44.00
-30.93
-17.61
-5.57
4.36
12.11
17.94
22.24
25.28
27.18
28.08
28.29
28.23
28.36
29.06
30.49
32.59
35.11
37.71
40.08
41.96
43.21
43.82
43.79
43.16
41.81
39.46
35.77
30.49
23.81
16.39
9.26
3.41
-0.74
-3.51
-5.91
-9.21
-14.39
-21.70
-30.57
-39.82
-47.97
-53.75
-56.19
-54.89
-50.13
-42.74
-34.05
-25.70
-19.06
-15.01
-13.67
-14.39
-16.10
-17.67
-18.37
-17.98
-16.82
-15.36
-13.98
-12.89
-12.03
-11.29
-10.54
-9.65
-8.52
-7.14
-5.62
-4.26
-3.48
-3.58
-4.64
-6.48
-8.77
-11.31
-14.09
-17.23
-20.76
-24.56
-28.32
-31.90
-35.38
-39.14
-43.38
-47.74
-51.12
-51.92
-48.81
-41.38
-30.60
-18.41
-7.04
1.91
8.00
11.83
14.52
17.01
19.57
21.87
23.31
23.41
22.27
20.50
18.89
18.08
18.26
19.23
20.53
21.70
22.48
22.79
22.52
21.46
19.29
15.71
10.71
4.79
-1.20
-6.38
-10.28
-13.07
-15.53
-18.70
-23.29
-29.34
-36.06
-42.10
-46.00
-46.59
-43.36
-36.54
-26.93
-15.74
-4.28
6.28
15.09
21.67
25.90
28.02
28.50
27.99
27.18
26.63
26.63
27.20
28.06
28.79
28.99
28.52
27.51
26.30
25.23
24.42
23.72
22.65
20.73
17.63
13.32
8.11
2.48
-3.12
-8.41
-13.39
-18.30
-23.56
-29.62
-36.71
-44.61
-52.35
-58.40
-60.98
-58.72
-51.15
-39.05
-24.13
-8.53
5.82
17.76
26.83
33.19
37.25
39.50
40.41
40.46
40.18
40.08
40.42
41.15
41.97
42.43
42.24
41.45
40.35
39.44
39.10
39.42
40.08
40.40
39.55
36.82
31.92
25.14
17.36
9.69
3.07
-2.17
-6.44
-10.68
-15.89
-22.63
-30.72
-39.28
-46.92
-52.24
-54.10
-51.88
-45.61
-36.08
-24.64
-12.92
-2.43
5.89
11.86
15.86
18.52
20.28
21.21
21.17
20.04
18.00
15.52
13.38
12.21
12.45
14.05
16.60
19.51
22.22
24.43
26.07
27.34
28.36
29.01
28.77
26.99
23.28
17.86
11.57
5.54
0.65
-2.90
-5.63
-8.41
-12.04
-16.93
-23.06
-29.94
-36.81
-42.63
-46.19
-46.34
-42.26
-33.82
-21.73
-7.46
7.19
20.54
31.43
39.36
44.44
47.15
48.16
48.15
47.60
46.87
46.19
45.73
45.66
46.03
46.70
47.38
47.67
47.37
46.49
45.36
44.36
43.72
43.33
42.73
41.29
38.46
34.08
28.40
22.08
15.94
10.58
6.27
2.74
-0.53
-4.16
-8.54
-13.85
-19.98
-26.59
-33.02
-38.33
-41.30
-40.75
-36.10
-27.76
-17.20
-6.52
2.37
8.47
11.82
13.22
13.55
13.26
12.33
10.59
8.12
5.40
3.15
1.87
1.56
1.77
1.87
1.46
0.53
-0.59
-1.55
-2.18
-2.70
-3.57
-5.29
-8.18
-12.12
-16.69
-21.34
-25.67
-29.63
-33.51
-37.81
-42.86
-48.72
-54.93
-60.71
-64.96
-66.51
-64.34
-57.87
-47.25
-33.44
-18.08
-3.03
10.18
20.77
28.69
34.36
38.18
40.29
40.71
39.52
37.11
34.18
31.51
29.52
28.16
27.00
25.43
23.06
19.88
16.16
12.22
8.32
4.48
0.65
-3.10
-6.64
-9.84
-12.75
-15.51
-18.41
-21.61
-25.15
-29.10
-33.65
-39.21
-46.18
-54.49
-63.23
-70.70
-74.75
-73.62
-66.57
-54.25
-38.40
-21.24
-4.81
9.47
20.92
29.34
34.89
37.88
38.82
38.37
37.24
35.99
34.82
33.52
31.68
28.93
25.16
20.64
15.82
11.30
7.62
5.21
4.24
4.44
5.05
4.89
2.82
-1.73
-8.41
-16.01
-23.10
-28.63
-32.49
-35.41
-38.41
-42.25
-46.99
-51.99
-56.22
-58.54
-57.99
-53.91
-45.99
-34.44
-20.19
-4.76
9.93
22.12
30.81
36.01
38.53
39.51
39.85
39.91
39.74
39.25
38.66
38.33
38.61
39.52
40.63
41.29
40.83
38.94
35.73
31.71
27.53
23.72
20.60
18.14
16.14
14.17
11.84
8.82
5.00
0.46
-4.64
-10.05
-15.58
-21.14
-26.81
-32.74
-39.05
-45.53
-51.42
-55.54
-56.55
-53.59
-46.61
-36.52
-24.83
-13.17
-2.85
5.45
11.59
15.75
18.25
19.34
19.18
17.90
15.75
13.10
10.47
8.31
6.91
6.21
5.84
5.42
4.71
3.82
3.06
2.67
2.58
2.47
1.92
0.65
-1.33
-3.74
-6.23
-8.56
-10.72
-12.98
-15.74
-19.41
-24.23
-30.01
-35.94
-40.61
-42.38
-39.92
-32.86
-22.06
-9.32
3.25
13.95
21.91
27.12
30.06
31.35
31.52
30.88
29.68
28.15
26.57
25.20
24.30
24.05
24.50
25.43
26.35
26.64
25.79
23.69
20.66
17.28
14.12
11.38
8.98
6.59
4.05
1.41
-1.04
-3.07
-4.80
-6.72
-9.40
-13.18
-17.70
-21.91
-24.38
-23.72
-19.15
-10.73
0.69
13.64
26.51
37.77
46.30
51.44
53.14
51.91
48.68
44.44
39.92
35.30
30.23
24.20
16.91
8.68
0.38
-6.89
-12.23
-15.35
-16.58
-16.71
-16.64
-17.08
-18.49
-20.99
-24.60
-29.16
-34.29
-39.53
-44.34
-48.42
-51.91
-55.46
-59.93
-66.07
-73.92
-82.66
-90.76
-96.39
-98.03
-94.90
-87.27
-76.27
-63.64
-51.18
-40.35
-31.84
-25.47
-20.46
-15.86
-10.97
-5.77
-0.75
3.43
6.41
8.29
9.56
10.62
11.63
12.35
12.47
11.99
11.25
10.78
10.90
11.32
11.26
9.84
6.69
2.18
-2.62
-6.57
-9.05
-10.29
-11.33
-13.41
-17.34
-23.09
-29.72
-35.77
-39.63
-40.03
-36.30
-28.49
-17.34
-4.21
9.31
21.74
32.04
39.74
44.90
47.81
48.82
48.24
46.37
43.61
40.51
37.55
35.09
33.14
31.50
29.92
28.32
26.93
26.01
25.75
25.88
25.76
24.51
21.56
16.92
11.17
5.14
-0.48
-5.50
-10.21
-15.01
-20.13
-25.55
-31.14
-36.91
-42.99
-49.34
-55.33
-59.62
-60.50
-56.75
-48.34
-36.60
-23.70
-11.81
-2.21
4.85
9.78
13.18
15.32
16.26
16.09
15.21
14.31
14.05
14.72
16.20
18.03
19.74
21.00
21.71
21.79
21.15
19.74
17.57
14.90
12.05
9.24
6.40
3.20
-0.79
-5.91
-12.13
-19.18
-26.59
-33.87
-40.44
-45.53
-48.20
-47.48
-42.74
-33.95
-21.91
-8.00
6.08
18.73
28.86
36.00
40.37
42.55
43.20
42.64
40.92
37.83
33.42
28.15
22.93
18.83
16.53
16.02
16.59
17.16
16.82
15.16
12.27
8.60
4.67
0.88
-2.62
-5.96
-9.46
-13.56
-18.59
-24.67
-31.74
-39.52
-47.62
-55.38
-61.72
-65.16
-64.19
-57.73
-45.82
-29.93
-12.56
3.50
16.22
24.85
29.87
32.51
33.83
34.41
34.25
33.24
31.49
29.55
28.23
28.13
29.36
31.49
33.70
35.20
35.56
34.77
33.06
30.71
27.91
24.71
21.15
17.33
13.27
8.93
4.03
-1.79
-8.79
-16.98
-25.90
-34.65
-42.03
-46.74
-47.72
-44.39
-36.84
-25.90
-13.02
0.05
11.71
20.90
27.27
31.23
33.58
35.15
36.44
37.53
38.21
38.20
37.30
35.60
33.43
31.10
28.92
27.04
25.46
24.06
22.61
20.80
18.33
15.07
10.98
6.28
1.30
-3.56
-7.90
-11.40
-13.98
-15.94
-18.05
-21.41
-26.93
-34.77
-43.91
-52.21
-57.04
-56.37
-49.57
-37.72
-23.23
-8.89
3.15
11.83
17.22
19.99
20.92
20.56
19.24
17.28
15.10
13.30
12.42
12.80
14.36
16.75
19.42
21.80
23.52
24.46
24.75
24.65
24.43
24.17
23.73
22.89
21.42
19.29
16.68
13.87
11.00
7.94
4.30
-0.47
-6.82
-14.79
-23.82
-32.62
-39.42
-42.32
-39.93
-31.92
-19.24
-3.85
11.82
25.70
36.55
44.09
48.60
50.45
49.82
46.71
41.23
33.79
25.21
16.41
8.09
0.46
-6.77
-13.98
-21.30
-28.33
-34.33
-38.58
-40.92
-41.84
-42.21
-42.89
-44.21
-45.97
-47.68
-48.98
-49.94
-51.06
-52.98
-56.06
-60.22
-64.93
-69.30
-72.19
-72.43
-68.86
-60.68
-47.88
-31.39
-13.12
4.56
19.64
31.02
38.82
43.98
47.64
50.48
52.45
53.03
51.71
48.56
44.36
40.34
37.61
36.70
37.32
38.60
39.53
39.35
37.75
34.75
30.55
25.41
19.58
13.32
6.92
0.57
-5.68
-12.02
-18.86
-26.64
-35.57
-45.29
-54.66
-61.94
-65.15
-62.81
-54.56
-41.51
-25.92
-10.47
2.66
12.48
19.14
23.50
26.36
28.07
28.52
27.49
25.13
22.00
18.97
16.85
16.00
16.23
16.95
17.36
16.89
15.26
12.56
9.16
5.50
1.89
-1.55
-4.92
-8.48
-12.59
-17.60
-23.76
-31.17
-39.68
-48.64
-56.90
-62.88
-65.00
-62.12
-54.07
-41.69
-26.73
-11.23
3.01
14.80
23.73
29.93
33.74
35.49
35.48
33.96
31.31
28.07
24.79
21.94
19.83
18.62
18.21
18.34
18.53
18.19
16.76
13.96
9.92
5.19
0.42
-3.88
-7.65
-11.30
-15.49
-20.72
-27.28
-35.05
-43.53
-51.88
-58.87
-63.00
-62.84
-57.39
-46.63
-31.65
-14.46
2.57
17.40
28.90
36.91
41.98
44.86
46.17
46.22
45.19
43.27
40.84
38.42
36.56
35.60
35.64
36.36
37.32
37.99
37.92
36.86
34.80
31.90
28.43
24.68
20.84
17.03
13.25
9.44
5.59
1.56
-2.88
-8.06
-14.12
-20.83
-27.24
-31.82
-32.90
-29.28
-20.89
-8.88
4.70
17.61
28.14
35.43
39.42
40.50
39.21
36.08
31.74
27.00
22.77
19.89
18.74
19.12
20.32
21.48
21.97
21.63
20.63
19.40
18.18
16.92
15.33
13.13
10.25
6.88
3.36
-0.08
-3.48
-7.22
-11.85
-17.66
-24.55
-31.82
-38.32
-42.67
-43.70
-40.75
-33.91
-24.06
-12.64
-1.30
8.52
15.96
20.86
23.61
24.78
24.81
23.87
21.94
18.96
15.23
11.32
8.00
5.93
5.43
6.31
8.06
10.00
11.54
12.36
12.45
11.93
10.91
9.46
7.51
4.97
1.89
-1.59
-5.24
-8.94
-12.73
-16.71
-20.86
-24.72
-27.34
-27.58
-24.57
-18.12
-8.90
1.81
12.63
22.47
30.74
37.16
41.65
44.10
44.48
42.92
39.81
35.68
30.98
25.95
20.69
15.30
10.00
5.24
1.42
-1.27
-2.84
-3.62
-3.90
-3.94
-3.89
-4.00
-4.58
-6.02
-8.64
-12.51
-17.53
-23.46
-30.02
-36.69
-42.72
-47.00
-48.39
-46.13
-40.18
-31.39
-21.15
-10.99
-1.99
5.31
10.80
14.55
16.50
16.62
14.93
11.80
7.93
4.08
0.87
-1.57
-3.57
-5.76
-8.68
-12.51
-16.93
-21.33
-25.21
-28.41
-31.16
-33.88
-36.91
-40.21
-43.57
-46.83
-50.02
-53.37
-56.94
-60.18
-61.99
-61.00
-56.25
-47.70
-36.34
-23.86
-11.96
-1.85
6.06
11.85
15.86
18.28
19.15
18.44
16.26
13.03
9.37
5.97
3.35
1.78
1.15
1.17
1.52
1.94
2.35
2.80
3.35
3.92
4.24
3.93
2.57
-0.08
-4.01
-8.74
-13.37
-16.87
-18.32
-17.32
-14.11
-9.49
-4.40
0.35
4.36
7.56
9.99
11.61
12.21
11.66
10.05
7.83
5.61
3.93
2.85
2.06
1.03
-0.66
-3.07
-5.90
-8.64
-10.87
-12.28
-12.81
-12.55
-11.77
-10.99
-10.94
-12.45
-16.13
-21.90
-28.79
-35.09
-38.95
-39.05
-35.23
-28.45
-20.27
-12.10
-4.72
1.79
7.62
12.83
17.12
20.06
21.42
21.45
20.80
20.14
19.81
19.76
19.67
19.32
18.70
18.01
17.45
17.00
16.44
15.51
14.09
12.25
10.04
7.45
4.25
0.16
-4.99
-10.94
-16.95
-21.99
-24.99
-25.22
-22.56
-17.46
-10.87
-3.97
2.16
6.81
9.68
11.08
11.62
11.95
12.37
12.76
12.64
11.70
9.99
8.10
6.78
6.57
7.42
8.81
9.96
10.33
9.82
8.80
7.76
7.00
6.53
6.01
5.02
3.22
0.55
-2.89
-6.87
-11.03
-15.04
-18.42
-20.65
-21.06
-19.14
-14.64
-7.75
0.72
9.55
17.39
23.09
26.12
26.56
25.10
22.66
20.12
17.96
16.32
15.01
13.76
12.34
10.73
9.10
7.70
6.86
6.69
7.10
7.65
7.71
6.70
4.34
0.90
-2.90
-6.14
-8.18
-8.93
-8.82
-8.60
-8.88
-9.99
-11.90
-14.42
-17.37
-20.49
-23.43
-25.62
-26.27
-24.71
-20.67
-14.46
-6.92
0.88
8.04
14.08
18.93
22.72
25.61
27.61
28.64
28.69
27.83
26.33
24.59
23.00
21.90
21.35
21.27
21.42
21.60
21.80
22.05
22.44
22.90
23.15
22.76
21.33
18.65
14.85
10.44
6.07
2.33
-0.50
-2.59
-4.52
-7.02
-10.69
-15.73
-21.73
-27.71
-32.33
-34.39
-33.11
-28.48
-21.30
-12.88
-4.69
2.23
7.36
10.81
12.93
14.08
14.48
14.20
13.47
12.68
12.28
12.56
13.40
14.26
14.51
13.81
12.31
10.60
9.36
8.98
9.41
10.23
10.83
10.79
9.84
7.90
5.06
1.47
-2.62
-6.90
-11.03
-14.75
-18.07
-21.24
-24.72
-28.86
-33.63
-38.41
-42.02
-43.23
-41.23
-36.06
-28.65
-20.46
-12.76
-6.21
-0.75
4.01
8.27
11.67
13.56
13.43
11.44
8.58
6.03
4.74
4.92
6.08
7.43
8.42
8.92
9.17
9.42
9.67
9.60
8.85
7.36
5.39
3.38
1.54
-0.19
-2.15
-4.55
-7.29
-10.02
-12.38
-14.29
-16.14
-18.55
-21.99
-26.44
-31.33
-35.72
-38.68
-39.58
-38.16
-34.49
-28.83
-21.52
-13.09
-4.23
4.13
10.97
15.49
17.43
17.21
15.89
14.61
14.20
14.74
15.70
16.45
16.72
16.70
16.89
17.55
18.47
19.03
18.71
17.41
15.51
13.61
12.13
11.07
10.07
8.71
6.73
4.16
1.08
-2.39
-6.13
-10.08
-14.05
-17.83
-21.29
-24.43
-27.42
-30.47
-33.66
-36.77
-39.19
-40.04
-38.45
-34.02
-27.09
-18.71
-10.19
-2.63
3.55
8.49
12.55
15.88
18.15
18.83
17.67
15.06
12.04
9.82
9.23
10.34
12.41
14.41
15.53
15.50
14.65
13.61
12.88
12.61
12.54
12.21
11.11
8.91
5.49
0.97
-4.27
-9.62
-14.40
-18.09
-20.65
-22.57
-24.72
-27.98
-32.67
-38.38
-44.00
-48.12
-49.57
-47.76
-42.83
-35.50
-26.71
-17.46
-8.64
-0.95
5.18
9.51
12.11
13.29
13.48
13.06
12.32
11.42
10.45
9.60
9.10
9.21
9.91
10.94
11.78
12.05
11.62
10.75
9.87
9.21
8.80
8.27
7.22
5.33
2.47
-1.20
-5.42
-9.86
-14.13
-17.96
-21.31
-24.45
-27.84
-31.90
-36.62
-41.42
-45.23
-46.89
-45.59
-41.17
-34.11
-25.23
-15.37
-5.21
4.67
13.75
21.37
27.06
30.58
32.26
32.80
32.90
32.97
32.88
32.10
30.15
26.98
23.03
19.13
16.04
14.15
13.37
13.32
13.43
13.15
12.01
9.65
5.94
1.07
-4.45
-9.87
-14.45
-17.77
-19.80
-20.86
-21.46
-21.99
-22.64
-23.35
-23.86
-23.80
-22.70
-20.09
-15.61
-9.18
-1.11
7.81
16.48
23.80
28.95
31.70
32.38
31.65
30.21
28.54
26.89
25.34
24.08
23.38
23.50
24.45
25.95
27.53
28.67
29.07
28.69
27.59
25.72
22.95
19.11
14.16
8.37
2.14
-4.06
-10.03
-15.79
-21.56
-27.45
-33.39
-39.19
-44.62
-49.55
-53.89
-57.40
-59.45
-59.13
-55.63
-48.72
-39.07
-28.11
-17.51
-8.50
-1.57
3.50
7.19
9.91
11.79
12.81
13.01
12.62
12.04
11.63
11.61
11.99
12.68
13.53
14.31
14.79
14.74
14.08
12.81
11.13
9.20
7.13
4.89
2.44
-0.23
-3.13
-6.35
-10.05
-14.54
-20.14
-27.09
-35.32
-44.26
-52.77
-59.35
-62.47
-61.05
-55.02
-45.32
-33.61
-21.63
-10.70
-1.43
6.03
11.65
15.27
16.66
15.85
13.33
10.09
7.21
5.52
5.33
6.50
8.62
11.20
13.82
16.10
17.69
18.37
18.16
17.21
15.76
13.94
11.72
8.97
5.63
1.84
-2.20
-6.35
-10.76
-15.66
-21.16
-26.84
-31.69
-34.30
-33.35
-28.26
-19.42
-8.31
3.06
12.90
20.18
24.87
27.65
29.42
30.63
31.25
30.92
29.41
26.95
24.12
21.55
19.64
18.36
17.45
16.71
16.14
15.85
15.90
16.01
15.81
14.89
13.13
10.71
7.97
5.18
2.33
-0.79
-4.50
-8.98
-14.37
-20.66
-27.64
-34.77
-40.96
-44.86
-45.03
-40.70
-32.07
-20.43
-7.76
4.05
13.78
21.11
26.43
30.30
33.05
34.68
35.07
34.20
32.35
30.07
27.91
26.26
25.22
24.63
24.25
23.91
23.51
23.07
22.60
22.00
21.05
19.43
16.87
13.31
9.08
4.60
0.38
-3.35
-6.75
-10.27
-14.43
-19.59
-25.82
-32.90
-40.39
-47.60
-53.65
-57.54
-58.39
-55.67
-49.54
-40.83
-30.79
-20.68
-11.47
-3.82
1.92
5.56
7.15
7.07
6.04
5.06
5.04
6.50
9.34
12.99
16.72
19.84
22.03
23.24
23.65
23.45
22.79
21.75
20.35
18.55
16.32
13.64
10.56
7.21
3.75
0.24
-3.33
-7.16
-11.60
-17.14
-24.11
-32.45
-41.47
-49.73
-55.52
-57.23
-53.95
-45.88
-34.19
-20.64
-7.08
5.06
14.99
22.44
27.51
30.42
31.48
31.06
29.66
27.77
25.79
24.03
22.64
21.74
21.32
21.34
21.72
22.30
22.92
23.48
23.89
23.99
23.47
21.88
18.87
14.35
8.66
2.49
-3.40
-8.61
-13.27
-17.93
-23.28
-29.80
-37.38
-45.41
-52.82
-58.29
-60.58
-58.78
-52.55
-42.34
-29.29
-15.03
-1.26
10.64
19.92
26.41
30.42
32.48
33.08
32.62
31.43
29.89
28.47
27.68
27.92
29.23
31.23
33.24
34.56
34.79
33.93
32.32
30.29
27.92
25.07
21.47
17.00
11.80
6.20
0.56
-4.85
-9.93
-14.72
-19.42
-24.36
-29.93
-36.49
-43.97
-51.66
-58.03
-61.17
-59.40
-52.08
-39.97
-25.08
-9.93
3.38
13.76
21.20
26.32
29.79
31.99
33.01
33.00
32.35
31.61
31.32
31.62
32.33
33.06
33.56
33.74
33.67
33.32
32.56
31.24
29.39
27.29
25.22
23.25
21.03
17.92
13.45
7.68
1.24
-4.93
-10.04
-13.94
-17.07
-20.20
-24.05
-29.04
-35.18
-42.14
-49.27
-55.55
-59.64
-60.19
-56.17
-47.42
-34.82
-20.11
-5.39
7.63
17.94
25.37
30.35
33.44
35.06
35.41
34.56
32.75
30.52
28.64
27.92
28.79
31.13
34.16
36.83
38.19
37.83
35.96
33.22
30.32
27.71
25.39
22.94
19.84
15.65
10.31
4.16
-2.16
-7.96
-12.79
-16.64
-19.87
-23.14
-27.06
-32.03
-38.10
-44.95
-51.89
-57.97
-62.09
-63.23
-60.68
-54.32
-44.68
-32.76
-19.88
-7.29
4.00
13.36
20.61
25.86
29.45
31.73
32.99
33.35
33.02
32.30
31.59
31.26
31.52
32.27
33.14
33.84
34.29
34.65
35.18
35.85
36.29
35.91
34.27
31.33
27.47
23.33
19.44
16.10
13.34
11.17
9.53
8.32
7.27
5.86
3.40
-0.69
-6.58
-13.71
-20.78
-26.03
-27.77
-24.92
-17.45
-6.46
6.23
18.66
29.37
37.70
43.62
47.44
49.42
49.62
48.03
44.81
40.40
35.43
30.55
26.24
22.82
20.37
18.82
17.91
17.27
16.43
15.10
13.25
11.20
9.31
7.77
6.33
4.41
1.41
-2.90
-8.16
-13.61
-18.33
-21.80
-24.00
-25.43
-26.79
-28.77
-31.89
-36.37
-42.07
-48.44
-54.49
-58.81
-59.95
-56.89
-49.47
-38.56
-25.74
-12.76
-1.07
8.56
15.93
21.10
24.19
25.27
24.49
22.29
19.39
16.66
14.84
14.32
15.03
16.49
18.17
19.70
21.04
22.38
23.89
25.52
26.79
27.03
25.57
22.16
17.02
10.84
4.46
-1.49
-6.75
-11.43
-15.92
-20.65
-26.02
-32.36
-39.81
-48.10
-56.44
-63.51
-67.77
-67.88
-63.34
-54.64
-43.22
-31.06
-20.06
-11.58
-6.19
-3.69
-3.34
-4.06
-5.00
-5.59
-5.68
-5.50
-5.30
-5.17
-4.96
-4.39
-3.27
-1.63
0.17
1.69
2.58
2.75
2.33
1.57
0.62
-0.40
-1.43
-2.45
-3.49
-4.75
-6.69
-9.97
-15.22
-22.80
-32.38
-42.77
-52.23
-58.77
-60.92
-58.04
-50.70
-40.40
-29.07
-18.60
-10.20
-4.33
-0.65
1.63
3.34
5.08
7.09
9.33
11.59
13.72
15.52
16.81
17.41
17.14
15.89
13.74
10.84
7.35
3.41
-0.90
-5.46
-10.08
-14.43
-18.20
-21.24
-23.61
-25.55
-27.37
-29.36
-31.77
-34.76
-38.29
-42.02
-45.22
-46.83
-45.73
-41.18
-33.16
-22.47
-10.47
1.33
11.71
20.04
26.11
30.00
31.83
31.73
30.10
27.59
25.01
23.15
22.37
22.42
22.70
22.58
21.76
20.34
18.76
17.39
16.36
15.58
14.84
13.99
12.97
11.79
10.47
8.99
7.44
5.97
4.67
3.44
1.81
-0.95
-5.55
-12.21
-20.39
-28.68
-35.16
-37.94
-35.76
-28.46
-17.05
-3.30
10.77
23.37
33.30
40.04
43.56
44.22
42.65
39.63
36.06
32.70
30.10
28.46
27.62
27.27
27.10
26.82
26.29
25.38
24.01
22.19
19.90
17.05
13.51
9.13
3.85
-2.04
-7.96
-13.07
-16.55
-18.03
-17.76
-16.66
-15.91
-16.44
-18.47
-21.21
-23.18
-22.69
-18.58
-10.64
0.34
12.89
25.35
36.36
45.07
51.15
54.70
56.07
55.79
54.47
52.74
51.16
50.05
49.41
48.88
47.94
46.13
43.33
39.88
36.52
34.07
33.10
33.67
35.14
36.51
36.71
34.97
31.07
25.31
18.37
10.98
3.70
-3.28
-10.03
-16.73
-23.63
-30.83
-38.45
-46.44
-54.47
-61.74
-66.96
-68.71
-66.05
-59.16
-49.34
-38.63
-28.94
-21.30
-15.71
-11.56
-8.25
-5.68
-4.14
-3.78
-4.32
-4.93
-4.68
-3.07
-0.24
3.17
6.53
9.61
12.62
15.87
19.46
22.99
25.78
27.21
27.08
25.71
23.74
21.77
20.18
18.97
17.97
16.92
15.59
13.67
10.92
7.17
2.64
-1.93
-5.33
-6.37
-4.37
0.39
6.63
12.74
17.29
19.65
20.01
19.07
17.45
15.47
13.15
10.45
7.49
4.51
1.76
-0.74
-3.12
-5.54
-7.94
-10.11
-11.80
-12.99
-13.98
-15.19
-16.82
-18.58
-19.83
-19.92
-18.67
-16.60
-14.67
-13.79
-14.34
-15.94
-17.80
-19.05
-19.33
-18.84
-18.26
-18.15
-18.84
-20.27
-22.09
-23.85
-25.19
-25.82
-25.55
-24.33
-22.32
-19.86
-17.32
-14.98
-12.99
-11.29
-9.84
-8.74
-8.17
-8.20
-8.58
-8.80
-8.25
-6.68
-4.34
-1.92
-0.14
0.63
0.51
0.00
-0.38
-0.32
0.12
0.77
1.47
2.12
2.77
3.43
3.91
3.86
2.92
0.90
-2.11
-5.64
-9.10
-11.92
-13.82
-14.82
-15.14
-15.04
-14.67
-14.05
-13.19
-12.17
-11.13
-10.22
-9.56
-9.17
-9.09
-9.34
-9.93
-10.75
-11.57
-12.04
-11.94
-11.24
-10.13
-8.95
-8.03
-7.55
-7.54
-7.86
-8.33
-8.88
-9.57
-10.50
-11.73
-13.20
-14.70
-15.91
-16.64
-16.94
-17.16
-17.81
-19.32
-21.76
-24.73
-27.58
-29.54
-30.13
-29.16
-26.81
-23.40
-19.27
-14.75
-10.03
-5.31
-0.82
3.11
6.23
8.38
9.62
10.22
10.55
10.92
11.52
12.29
13.00
13.42
13.36
12.77
11.77
10.42
8.76
6.74
4.36
1.76
-0.75
-2.82
-4.13
-4.64
-4.64
-4.62
-5.25
-7.07
-10.31
-14.80
-19.85
-24.37
-27.14
-27.19
-24.11
-18.27
-10.68
-2.68
4.53
10.24
14.42
17.45
19.94
22.22
24.23
25.53
25.61
24.09
21.21
17.68
14.48
12.46
11.87
12.38
13.19
13.49
12.75
10.91
8.23
5.13
1.97
-1.03
-3.69
-5.91
-7.61
-8.90
-10.13
-11.87
-14.66
-18.64
-23.32
-27.50
-29.72
-28.84
-24.54
-17.45
-8.88
-0.21
7.60
14.12
19.30
23.06
25.20
25.39
23.56
20.09
15.76
11.50
8.06
5.78
4.63
4.37
4.69
5.21
5.51
5.13
3.68
1.04
-2.56
-6.59
-10.34
-13.25
-15.07
-15.93
-16.36
-17.08
-18.85
-22.29
-27.55
-34.19
-40.96
-46.12
-47.80
-44.66
-36.43
-24.16
-9.81
4.22
15.88
24.01
28.50
30.05
29.70
28.50
27.11
25.81
24.57
23.19
21.37
18.91
15.82
12.27
8.70
5.50
2.88
0.80
-1.07
-3.13
-5.64
-8.58
-11.75
-14.79
-17.48
-19.84
-22.09
-24.58
-27.70
-31.73
-36.66
-42.01
-46.73
-49.37
-48.56
-43.46
-34.17
-21.78
-8.00
5.26
16.38
24.41
29.10
30.79
30.32
28.63
26.48
24.25
21.98
19.59
17.15
15.05
13.81
13.69
14.35
14.90
14.31
11.94
7.95
3.24
-1.12
-4.39
-6.54
-8.19
-10.19
-13.20
-17.52
-23.09
-29.73
-37.15
-44.79
-51.63
-56.11
-56.50
-51.62
-41.43
-27.29
-11.51
3.40
15.69
24.70
30.70
34.45
36.64
37.63
37.52
36.45
34.61
32.39
30.20
28.33
26.95
26.09
25.63
25.36
24.87
23.75
21.77
18.94
15.57
12.08
8.78
5.74
2.74
-0.44
-3.98
-7.76
-11.61
-15.52
-19.72
-24.61
-30.36
-36.40
-41.22
-42.83
-39.46
-30.49
-16.88
-0.85
14.92
28.28
38.19
44.73
48.57
50.42
50.67
49.52
47.20
44.14
40.93
38.12
35.93
34.17
32.48
30.42
27.78
24.56
20.98
17.34
13.81
10.43
6.98
3.16
-1.35
-6.56
-12.15
-17.50
-21.97
-25.26
-27.54
-29.60
-32.46
-37.01
-43.54
-51.45
-59.31
-65.17
-67.26
-64.39
-56.51
-44.64
-30.63
-16.53
-4.07
5.67
12.48
16.67
18.98
20.09
20.48
20.45
20.03
19.26
18.26
17.31
16.77
16.87
17.53
18.39
18.95
18.80
17.88
16.40
14.58
12.45
9.79
6.40
2.40
-1.63
-4.99
-7.16
-8.40
-9.61
-12.10
-16.86
-24.16
-33.21
-42.45
-50.02
-54.20
-53.82
-48.58
-39.10
-26.82
-13.69
-1.72
7.67
13.98
17.64
19.64
20.94
21.98
22.64
22.46
21.09
18.65
15.71
13.08
11.34
10.62
10.51
10.40
9.82
8.59
7.01
5.36
3.81
2.12
-0.18
-3.49
-7.95
-13.28
-18.96
-24.55
-29.97
-35.42
-40.99
-46.35
-50.42
-51.71
-48.88
-41.47
-30.12
-16.53
-2.76
9.37
18.83
25.45
29.68
32.22
33.61
34.11
33.68
32.23
29.82
26.73
23.48
20.65
18.76
18.00
18.17
18.76
19.20
19.02
18.02
16.29
14.00
11.30
8.32
5.05
1.44
-2.60
-7.24
-12.66
-19.01
-26.07
-33.06
-38.54
-40.78
-38.41
-30.99
-19.41
-5.51
8.55
21.06
31.07
38.39
43.29
46.11
47.21
47.08
46.33
45.60
45.27
45.25
45.04
44.10
42.17
39.51
36.73
34.38
32.67
31.27
29.57
27.01
23.39
18.86
13.88
8.93
4.29
0.02
-4.04
-8.20
-12.75
-18.04
-24.30
-31.48
-39.08
-46.06
-51.00
-52.51
-49.77
-42.82
-32.80
-21.42
-10.57
-1.69
4.46
7.93
9.20
8.79
7.12
4.34
0.58
-3.91
-8.70
-13.32
-17.34
-20.67
-23.58
-26.57
-30.21
-34.78
-40.14
-45.77
-50.90
-54.90
-57.56
-59.20
-60.55
-62.54
-65.90
-71.08
-77.98
-85.88
-93.44
-98.75
-99.68
-94.58
-82.91
-65.71
-45.39
-25.07
-7.52
5.55
13.81
18.01
19.41
19.17
18.15
16.75
15.10
13.28
11.34
9.43
7.71
6.24
4.87
3.28
1.13
-1.73
-5.07
-8.35
-11.01
-12.73
-13.65
-14.30
-15.24
-16.87
-19.28
-22.39
-26.15
-30.72
-36.27
-42.60
-48.83
-53.33
-54.27
-50.30
-41.20
-28.12
-13.03
1.94
15.25
26.22
34.88
41.58
46.65
50.17
52.17
52.74
52.13
50.76
49.11
47.59
46.45
45.68
45.08
44.43
43.67
42.91
42.41
42.18
41.87
40.83
38.39
34.34
29.14
23.76
19.11
15.59
12.88
10.09
6.33
1.14
-5.36
-12.56
-19.67
-25.90
-30.45
-32.47
-31.20
-26.12
-17.39
-6.01
6.38
17.98
27.40
34.17
38.69
41.84
44.40
46.57
48.07
48.44
47.45
45.46
43.13
41.20
40.00
39.41
39.03
38.44
37.52
36.42
35.34
34.32
33.13
31.36
28.71
25.11
20.68
15.73
10.46
4.94
-0.91
-7.20
-13.87
-20.41
-25.87
-29.02
-28.77
-24.61
-16.91
-6.81
4.12
14.49
23.37
30.41
35.56
38.93
40.48
40.15
37.98
34.21
29.30
23.97
18.98
15.03
12.51
11.44
11.43
11.97
12.53
12.86
12.98
13.03
13.05
12.81
11.84
9.55
5.47
-0.55
-8.33
-17.43
-27.27
-37.21
-46.52
-54.33
-59.58
-61.32
-58.90
-52.40
-42.74
-31.53
-20.65
-11.56
-5.00
-0.82
1.62
3.11
4.17
4.90
5.10
4.44
2.79
0.40
-1.96
-3.23
-2.42
0.90
6.37
12.79
18.59
22.47
23.85
22.93
20.44
17.08
13.13
8.52
3.09
-3.17
-9.98
-17.02
-24.13
-31.38
-38.82
-46.04
-51.92
-54.89
-53.47
-47.05
-36.20
-22.62
-8.55
4.09
14.13
21.31
25.99
28.77
30.21
30.70
30.57
30.10
29.56
29.06
28.58
27.97
27.17
26.27
25.54
25.27
25.62
26.50
27.58
28.41
28.56
27.76
25.95
23.22
19.88
16.29
12.82
9.60
6.46
2.90
-1.74
-7.84
-15.18
-22.67
-28.54
-30.82
-28.02
-19.69
-6.65
9.34
26.16
41.89
55.23
65.58
72.86
77.31
79.30
79.27
77.55
74.51
70.45
65.68
60.53
55.29
50.17
45.25
40.46
35.71
31.08
26.82
23.25
20.45
18.07
15.45
11.88
7.11
1.47
-4.25
-9.29
-13.32
-16.68
-20.18
-24.63
-30.57
-37.98
-46.45
-55.24
-63.41
-69.86
-73.34
-72.86
-67.88
-58.75
-46.66
-33.36
-20.61
-9.72
-1.26
4.86
9.17
12.34
14.92
17.27
19.54
21.74
23.70
25.25
26.24
26.56
26.27
25.51
24.48
23.40
22.35
21.26
19.81
17.63
14.44
10.13
4.92
-0.80
-6.53
-11.88
-16.62
-20.76
-24.52
-28.33
-32.73
-38.07
-44.33
-50.86
-56.44
-59.56
-59.01
-54.28
-45.85
-34.99
-23.39
-12.66
-3.88
2.51
6.72
9.33
10.98
12.13
12.96
13.52
13.72
13.48
12.84
11.93
10.93
10.04
9.40
9.01
8.77
8.48
7.93
6.94
5.47
3.55
1.33
-1.11
-3.74
-6.57
-9.69
-13.19
-17.22
-21.96
-27.46
-33.46
-39.21
-43.49
-44.92
-42.46
-35.85
-25.89
-14.15
-2.45
7.74
15.69
21.37
25.21
27.62
28.81
28.80
27.63
25.45
22.64
19.73
17.16
15.26
14.13
13.66
13.51
13.22
12.43
10.89
8.64
5.93
2.97
-0.12
-3.43
-7.07
-11.05
-15.25
-19.58
-24.17
-29.40
-35.65
-42.78
-49.92
-55.46
-57.67
-55.36
-48.45
-38.01
-25.85
-13.84
-3.34
5.04
11.37
16.02
19.34
21.48
22.44
22.24
21.02
19.12
16.88
14.65
12.65
11.06
9.99
9.41
9.17
8.92
8.28
7.01
5.19
3.13
1.19
-0.53
-2.31
-4.69
-8.10
-12.63
-18.09
-24.20
-30.86
-38.01
-45.36
-51.93
-56.17
-56.44
-51.72
-42.22
-29.41
-15.43
-2.29
8.75
17.25
23.35
27.45
29.91
31.04
31.19
30.74
29.97
28.84
27.25
25.07
22.50
20.08
18.38
17.65
17.54
17.30
16.20
13.93
10.79
7.39
4.13
1.00
-2.43
-6.60
-11.67
-17.38
-23.31
-29.16
-34.90
-40.51
-45.68
-49.50
-50.73
-48.31
-41.94
-32.32
-20.90
-9.38
0.94
9.40
15.92
20.80
24.36
26.78
28.17
28.60
28.30
27.52
26.49
25.35
24.11
22.79
21.49
20.40
19.67
19.27
18.85
17.89
15.91
12.77
8.73
4.32
0.02
-3.94
-7.67
-11.42
-15.40
-19.75
-24.60
-30.10
-36.36
-43.18
-49.77
-54.71
-56.37
-53.63
-46.33
-35.55
-23.10
-10.87
-0.16
8.58
15.54
21.13
25.48
28.43
29.65
29.07
27.01
24.17
21.43
19.46
18.50
18.46
18.96
19.57
19.94
19.92
19.50
18.68
17.44
15.68
13.29
10.23
6.55
2.49
-1.70
-5.86
-10.07
-14.70
-20.27
-27.02
-34.71
-42.31
-48.28
-50.99
-49.41
-43.52
-34.38
-23.74
-13.33
-4.35
2.78
8.28
12.53
15.77
18.00
19.09
19.04
18.15
16.91
15.82
15.22
15.13
15.33
15.58
15.68
15.60
15.38
15.06
14.51
13.45
11.49
8.42
4.28
-0.53
-5.50
-10.29
-15.00
-20.09
-26.13
-33.21
-40.56
-46.63
-49.56
-48.00
-41.65
-31.45
-19.14
-6.63
4.59
13.71
20.45
24.94
27.46
28.34
27.97
26.79
25.21
23.49
21.78
20.09
18.38
16.66
15.00
13.59
12.67
12.31
12.42
12.56
12.11
10.43
7.14
2.37
-3.38
-9.44
-15.22
-20.59
-25.78
-31.22
-37.09
-43.02
-48.01
-50.64
-49.56
-44.10
-34.57
-22.20
-8.67
4.46
16.23
26.28
34.58
41.17
46.02
49.08
50.49
50.64
50.16
49.68
49.70
50.50
52.21
54.72
57.61
60.28
62.03
62.23
60.67
57.50
53.01
47.41
40.73
32.92
24.11
14.79
5.79
-2.08
-8.37
-13.36
-17.97
-23.49
-30.91
-40.37
-50.84
-60.34
-66.55
-67.78
-63.59
-55.05
-44.30
-33.62
-24.61
-17.79
-12.68
-8.51
-4.74
-1.42
0.99
2.02
1.53
-0.13
-2.30
-4.32
-5.81
-6.71
-7.16
-7.36
-7.39
-7.33
-7.36
-7.78
-8.90
-10.90
-13.67
-16.89
-20.17
-23.28
-26.29
-29.52
-33.42
-38.22
-43.81
-49.55
-54.31
-56.77
-55.68
-50.29
-40.61
-27.44
-12.19
3.58
18.50
31.69
42.65
51.08
56.64
58.98
57.95
53.79
47.37
40.06
33.31
28.27
25.54
25.01
26.04
27.83
29.55
30.60
30.56
29.26
26.74
23.27
19.32
15.34
11.68
8.45
5.55
2.70
-0.56
-4.74
-10.33
-17.55
-26.11
-35.20
-43.43
-49.27
-51.46
-49.47
-43.69
-35.30
-25.83
-16.68
-8.85
-2.88
0.97
2.58
1.87
-1.11
-5.96
-11.89
-17.77
-22.41
-24.97
-25.19
-23.53
-20.92
-18.39
-16.70
-16.14
-16.49
-17.35
-18.33
-19.36
-20.61
-22.42
-25.03
-28.49
-32.72
-37.63
-43.25
-49.53
-56.07
-61.84
-65.18
-64.34
-58.13
-46.58
-31.04
-13.71
3.10
17.75
29.57
38.66
45.54
50.69
54.46
57.13
58.96
60.20
61.03
61.37
60.97
59.48
56.68
52.59
47.52
41.81
35.80
29.65
23.36
16.86
10.06
2.93
-4.45
-12.05
-19.86
-28.03
-36.70
-46.00
-55.75
-65.33
-73.64
-79.22
-80.72
-77.34
-69.22
-57.53
-44.11
-30.83
-19.05
-9.32
-1.45
4.89
9.88
13.28
14.78
14.33
12.51
10.36
8.88
8.57
9.20
10.09
10.45
9.86
8.43
6.47
4.30
2.05
-0.33
-2.89
-5.63
-8.65
-12.29
-17.12
-23.69
-31.96
-41.04
-49.28
-54.75
-55.93
-52.28
-44.34
-33.46
-21.31
-9.36
1.43
10.65
18.26
24.38
29.08
32.38
34.22
34.60
33.62
31.51
28.68
25.61
22.77
20.46
18.73
17.40
16.17
14.78
13.20
11.63
10.34
9.50
8.97
8.26
6.66
3.44
-1.91
-9.52
-18.96
-29.25
-38.80
-45.82
-48.79
-46.99
-40.75
-31.30
-20.36
-9.39
0.60
9.23
16.35
21.75
25.13
26.22
25.15
22.51
19.32
16.58
14.93
14.46
14.74
15.23
15.39
14.94
13.79
12.10
10.10
8.11
6.30
4.75
3.20
1.12
-2.18
-7.36
-14.75
-24.11
-34.43
-44.07
-50.98
-53.33
-49.98
-40.99
-27.68
-12.21
3.03
16.25
26.62
34.25
39.76
43.71
46.39
47.69
47.45
45.76
43.11
40.25
37.92
36.49
35.88
35.59
34.99
33.68
31.54
28.80
25.72
22.53
19.18
15.38
10.83
5.27
-1.32
-8.84
-17.05
-25.71
-34.37
-42.36
-48.71
-52.22
-51.84
-47.03
-38.05
-26.01
-12.45
1.04
13.31
23.78
32.29
38.82
43.33
45.71
45.98
44.48
41.89
39.12
37.01
36.06
36.25
37.15
38.12
38.58
38.21
36.94
34.91
32.34
29.47
26.42
23.26
19.98
16.53
12.84
8.85
4.56
-0.05
-5.07
-10.70
-17.28
-24.98
-33.50
-41.72
-47.85
-49.89
-46.44
-37.37
-23.96
-8.51
6.56
19.62
30.18
38.72
45.97
52.33
57.48
60.68
61.35
59.47
55.73
51.21
46.84
43.06
39.74
36.59
33.44
30.56
28.48
27.62
27.92
28.70
28.97
27.78
24.66
19.79
13.85
7.70
2.04
-2.84
-7.12
-11.26
-15.85
-21.43
-28.29
-36.41
-45.35
-54.24
-61.75
-66.43
-66.98
-62.74
-54.00
-42.01
-28.63
-15.80
-4.96
3.25
8.97
12.81
15.36
16.95
17.61
17.23
15.88
13.98
12.19
11.22
11.48
12.87
14.89
16.76
17.97
18.41
18.45
18.61
19.27
20.30
21.12
20.99
19.29
15.96
11.47
6.67
2.43
-0.73
-2.90
-4.64
-6.79
-10.22
-15.51
-22.88
-32.01
-42.00
-51.48
-58.86
-62.67
-61.96
-56.58
-47.23
-35.26
-22.32
-9.90
0.80
9.09
14.68
17.59
18.16
17.02
14.94
12.68
10.82
9.47
8.43
7.32
5.81
3.84
1.73
-0.01
-0.89
-0.51
1.19
4.07
7.68
11.40
14.43
16.02
15.68
13.35
9.59
5.24
1.18
-2.03
-4.38
-6.29
-8.41
-11.34
-15.44
-20.70
-26.76
-32.83
-37.80
-40.43
-39.70
-35.10
-26.92
-16.19
-4.48
6.51
15.34
21.17
23.96
24.35
23.50
22.63
22.65
23.91
26.07
28.39
30.09
30.61
29.83
28.01
25.53
22.76
20.01
17.49
15.41
13.90
12.92
12.14
11.06
9.15
6.19
2.33
-1.95
-6.11
-9.83
-13.09
-16.05
-18.84
-21.48
-23.86
-25.82
-27.34
-28.33
-28.55
-27.57
-24.88
-20.23
-13.87
-6.58
0.61
6.75
11.31
14.20
15.63
15.88
15.15
13.60
11.44
8.95
6.40
3.93
1.60
-0.57
-2.36
-3.40
-3.40
-2.39
-0.92
0.18
0.12
-1.35
-3.88
-6.68
-9.09
-11.06
-13.06
-15.85
-19.91
-25.16
-30.97
-36.37
-40.54
-42.83
-42.92
-40.67
-36.16
-29.66
-21.65
-12.85
-4.02
4.10
11.00
16.30
19.87
21.74
22.06
21.11
19.15
16.39
12.91
8.78
4.22
-0.33
-4.22
-6.88
-8.11
-8.23
-7.94
-8.05
-9.03
-10.86
-13.18
-15.51
-17.70
-19.92
-22.57
-25.95
-30.09
-34.71
-39.37
-43.56
-46.82
-48.62
-48.40
-45.70
-40.33
-32.63
-23.43
-13.82
-4.76
3.15
9.73
15.03
19.14
22.03
23.57
23.69
22.52
20.49
18.27
16.48
15.60
15.65
16.22
16.65
16.42
15.39
13.90
12.58
11.87
11.72
11.59
10.77
8.80
5.66
1.76
-2.60
-7.29
-12.45
-18.18
-24.21
-29.75
-33.72
-35.17
-33.57
-29.00
-22.06
-13.64
-4.81
3.47
10.41
15.48
18.54
19.86
19.92
19.24
18.24
17.08
15.80
14.38
12.86
11.40
10.15
9.23
8.61
8.12
7.46
6.42
4.85
2.76
0.34
-2.26
-4.93
-7.68
-10.53
-13.56
-16.76
-20.08
-23.50
-27.01
-30.67
-34.37
-37.75
-40.10
-40.54
-38.31
-33.15
-25.54
-16.54
-7.46
0.59
7.03
11.80
15.18
17.51
19.00
19.71
19.67
18.98
17.87
16.63
15.49
14.56
13.80
13.12
12.42
11.63
10.71
9.52
7.89
5.63
2.69
-0.73
-4.26
-7.45
-10.08
-12.22
-14.22
-16.47
-19.30
-22.88
-27.24
-32.28
-37.68
-42.70
-46.24
-47.04
-44.21
-37.65
-28.17
-17.21
-6.39
3.13
10.84
16.80
21.32
24.60
26.66
27.36
26.70
24.98
22.88
21.16
20.43
20.86
22.10
23.53
24.51
24.69
24.08
22.90
21.29
19.17
16.33
12.71
8.53
4.34
0.76
-1.84
-3.55
-4.93
-6.81
-10.01
-15.12
-22.15
-30.43
-38.63
-45.02
-47.93
-46.45
-40.75
-32.10
-22.33
-13.03
-5.00
1.85
8.04
13.98
19.54
24.18
27.35
28.93
29.23
28.86
28.24
27.48
26.49
25.21
23.86
22.84
22.47
22.80
23.44
23.84
23.54
22.33
20.34
17.77
14.83
11.52
7.86
3.89
-0.14
-3.91
-7.24
-10.32
-13.73
-18.16
-24.02
-30.99
-37.99
-43.45
-45.88
-44.41
-39.08
-30.78
-20.88
-10.84
-1.83
5.48
10.99
15.02
18.08
20.61
22.73
24.19
24.59
23.74
21.95
19.96
18.71
18.76
20.00
21.73
23.01
23.12
21.92
19.77
17.24
14.70
12.10
9.16
5.53
1.16
-3.66
-8.46
-12.93
-17.14
-21.47
-26.42
-32.24
-38.64
-44.66
-48.93
-50.15
-47.62
-41.62
-33.23
-23.97
-15.14
-7.51
-1.23
3.97
8.37
12.08
15.01
17.04
18.19
18.59
18.44
17.93
17.21
16.49
16.10
16.32
17.23
18.49
19.49
19.59
18.45
16.19
13.27
10.23
7.37
4.72
2.14
-0.56
-3.45
-6.63
-10.24
-14.62
-19.94
-26.02
-32.03
-36.48
-37.84
-35.04
-28.03
-17.90
-6.43
4.56
13.81
20.88
26.01
29.70
32.32
33.82
33.94
32.51
29.62
25.80
21.77
18.24
15.62
13.92
12.87
12.08
11.27
10.29
9.15
7.88
6.47
4.74
2.46
-0.61
-4.59
-9.35
-14.56
-19.88
-25.14
-30.45
-36.03
-41.86
-47.36
-51.29
-52.23
-49.19
-42.17
-32.19
-20.92
-10.00
-0.51
7.16
13.08
17.42
20.26
21.71
21.94
21.39
20.52
19.68
18.97
18.33
17.70
17.11
16.80
16.93
17.50
18.18
18.49
17.87
15.94
12.68
8.44
3.84
-0.53
-4.30
-7.48
-10.38
-13.46
-17.11
-21.53
-26.72
-32.32
-37.73
-42.00
-44.03
-42.85
-38.01
-29.91
-19.75
-9.20
0.22
7.60
12.80
16.26
18.49
19.75
20.00
19.13
17.15
14.47
11.73
9.63
8.70
9.08
10.55
12.64
14.77
16.35
16.98
16.37
14.46
11.45
7.73
3.83
0.16
-3.09
-6.07
-9.27
-13.20
-18.15
-24.01
-30.16
-35.62
-39.23
-40.02
-37.33
-31.11
-21.97
-11.08
0.07
10.07
18.04
23.69
27.33
29.49
30.53
30.63
29.77
27.95
25.45
22.83
20.66
19.38
19.05
19.38
19.85
19.95
19.42
18.24
16.58
14.62
12.45
10.03
7.30
4.20
0.73
-3.27
-7.97
-13.62
-20.14
-26.84
-32.32
-34.85
-32.89
-25.79
-14.16
0.35
15.55
29.48
40.81
49.06
54.39
57.30
58.28
57.67
55.72
52.67
48.89
44.85
41.00
37.62
34.69
31.87
28.69
24.71
19.81
14.28
8.75
3.83
-0.15
-3.37
-6.39
-9.89
-14.42
-20.21
-27.16
-35.01
-43.39
-51.68
-58.98
-64.04
-65.63
-63.04
-56.55
-47.44
-37.52
-28.34
-20.71
-14.50
-9.03
-3.75
1.45
6.11
9.65
11.71
12.50
12.66
13.04
14.27
16.65
20.09
24.28
28.82
33.35
37.57
41.21
44.02
45.74
46.03
44.55
40.98
35.19
27.26
17.53
6.50
-5.22
-16.87
-27.54
-36.11
-41.63
-43.32
-41.11
-35.61
-28.03
-19.81
-12.20
-5.93
-1.17
2.24
4.65
6.25
7.08
7.00
5.91
3.78
0.83
-2.46
-5.51
-7.83
-9.34
-10.42
-11.88
-14.55
-18.99
-25.19
-32.55
-40.24
-47.56
-54.33
-60.96
-68.31
-77.13
-87.78
-100.04
-113.14
-125.97
-137.17
-145.33
-149.11
-147.54
-140.40
-128.34
-112.97
-96.42
-80.76
-67.48
-57.25
-50.01
-45.35
-42.74
-41.77
-41.91
-42.53
-42.84
-42.08
-39.74
-35.71
-30.24
-23.73
-16.62
-9.27
-2.12
4.23
9.02
11.56
11.48
8.95
4.61
-0.71
-6.42
-12.28
-18.48
-25.38
-33.25
-42.15
-51.78
-61.46
-70.06
-76.12
-78.10
-74.85
-66.15
-52.89
-36.97
-20.61
-5.59
7.28
18.14
27.68
36.39
44.31
50.90
55.61
58.27
59.30
59.53
59.79
60.56
61.91
63.67
65.65
67.75
69.91
71.92
73.43
73.99
73.28
71.26
68.10
63.96
58.75
51.99
43.00
31.28
16.96
1.08
-14.58
-27.87
-36.97
-40.76
-39.13
-32.80
-23.01
-11.24
1.05
12.52
22.16
29.41
34.23
36.98
38.19
38.30
37.52
35.97
33.88
31.67
29.98
29.32
29.81
31.17
32.78
34.06
34.67
34.49
33.49
31.49
28.26
23.64
17.79
11.23
4.52
-2.05
-8.78
-16.22
-24.84
-34.39
-43.73
-51.05
-54.53
-52.99
-46.21
-34.94
-20.56
-4.67
11.19
25.71
37.98
47.51
54.30
58.71
61.21
62.32
62.39
61.76
60.67
59.45
58.33
57.48
56.99
56.84
57.03
57.46
57.91
58.01
57.23
55.16
51.63
46.78
40.98
34.72
28.36
22.12
16.06
10.03
3.65
-3.58
-12.09
-21.91
-32.31
-41.75
-48.19
-49.75
-45.50
-35.90
-22.53
-7.58
7.01
20.03
31.06
40.26
47.88
53.97
58.41
61.00
61.79
61.04
59.32
57.29
55.51
54.37
53.95
54.16
54.76
55.48
56.09
56.36
56.08
55.03
53.01
49.87
45.60
40.23
33.94
27.00
19.85
12.98
6.86
1.59
-3.18
-8.22
-14.45
-22.39
-31.84
-41.64
-50.04
-55.19
-55.75
-51.29
-42.41
-30.55
-17.39
-4.44
7.33
17.58
26.33
33.72
39.77
44.29
47.10
48.16
47.74
46.43
44.88
43.66
43.10
43.21
43.88
44.87
45.96
46.90
47.41
47.17
45.85
43.25
39.34
34.35
28.63
22.60
16.53
10.58
4.79
-0.80
-6.07
-10.93
-15.34
-19.44
-23.68
-28.60
-34.64
-41.82
-49.53
-56.63
-61.66
-63.39
-61.11
-54.87
-45.34
-33.62
-20.91
-8.29
3.26
12.98
20.33
25.04
27.25
27.39
26.10
24.07
21.94
20.17
19.09
18.74
19.03
19.71
20.52
21.30
21.93
22.31
22.25
21.43
19.49
16.27
11.94
6.97
2.07
-2.22
-5.71
-8.72
-11.91
-16.04
-21.60
-28.52
-36.09
-43.11
-48.21
-50.22
-48.47
-43.00
-34.48
-24.07
-13.11
-2.82
5.90
12.59
17.25
20.11
21.50
21.69
20.82
19.05
16.59
13.83
11.21
9.20
8.12
8.02
8.69
9.67
10.41
10.48
9.61
7.77
5.11
1.79
-1.98
-6.03
-10.25
-14.50
-18.74
-23.05
-27.68
-32.93
-39.02
-45.77
-52.42
-57.77
-60.42
-59.32
-54.12
-45.31
-34.07
-21.95
-10.50
-0.90
6.13
10.45
12.39
12.63
11.95
10.99
10.09
9.31
8.60
7.90
7.35
7.19
7.53
8.26
8.99
9.32
8.97
7.93
6.30
4.16
1.48
-1.86
-5.88
-10.44
-15.22
-19.97
-24.63
-29.40
-34.59
-40.32
-46.26
-51.58
-55.18
-55.95
-53.20
-46.91
-37.77
-26.99
-16.02
-6.11
2.01
8.18
12.69
15.92
18.13
19.34
19.49
18.62
16.98
15.05
13.34
12.24
11.92
12.33
13.27
14.39
15.29
15.60
15.02
13.46
10.97
7.70
3.89
-0.29
-4.73
-9.38
-14.23
-19.35
-24.82
-30.67
-36.77
-42.76
-47.97
-51.53
-52.60
-50.61
-45.43
-37.46
-27.57
-16.88
-6.63
2.16
8.85
13.33
15.90
17.19
17.86
18.37
18.88
19.30
19.46
19.26
18.81
18.32
18.08
18.23
18.78
19.56
20.32
20.75
20.55
19.43
17.22
13.92
9.79
5.31
1.00
-2.83
-6.23
-9.62
-13.62
-18.74
-25.12
-32.36
-39.64
-45.95
-50.38
-52.25
-51.20
-47.17
-40.38
-31.41
-21.18
-10.90
-1.78
5.36
10.29
13.39
15.30
16.59
17.52
18.01
17.92
17.24
16.21
15.30
14.90
15.23
16.24
17.63
19.09
20.27
20.87
20.60
19.18
16.47
12.55
7.76
2.67
-2.07
-6.04
-9.17
-11.86
-14.77
-18.51
-23.35
-29.06
-34.97
-40.18
-43.79
-45.09
-43.66
-39.43
-32.66
-23.97
-14.27
-4.60
4.13
11.22
16.40
19.72
21.43
21.82
21.12
19.50
17.17
14.48
11.95
10.15
9.49
10.01
11.41
13.06
14.29
14.66
14.02
12.46
10.19
7.29
3.69
-0.68
-5.73
-11.12
-16.30
-20.86
-24.73
-28.40
-32.58
-37.79
-43.91
-49.98
-54.53
-56.06
-53.61
-47.09
-37.22
-25.30
-12.78
-1.01
8.93
16.47
21.44
24.15
25.22
25.35
25.14
24.90
24.71
24.53
24.28
23.91
23.43
22.91
22.46
22.20
22.16
22.13
21.70
20.37
17.78
13.95
9.34
4.58
0.22
-3.58
-7.02
-10.48
-14.34
-18.74
-23.70
-29.21
-35.27
-41.81
-48.36
-53.97
-57.33
-57.22
-53.02
-44.98
-34.19
-22.20
-10.46
-0.06
8.53
15.23
20.19
23.71
26.08
27.62
28.65
29.45
30.16
30.74
31.11
31.19
30.99
30.62
30.25
30.04
30.02
30.11
30.13
29.75
28.65
26.49
23.04
18.33
12.65
6.55
0.62
-4.69
-9.21
-13.12
-16.73
-20.46
-24.65
-29.54
-35.24
-41.62
-48.22
-54.14
-58.14
-59.01
-55.92
-48.86
-38.64
-26.65
-14.47
-3.35
6.02
13.46
19.18
23.50
26.63
28.60
29.39
29.12
28.22
27.36
27.24
28.22
30.10
32.24
33.87
34.51
34.20
33.39
32.61
32.11
31.73
30.94
29.13
25.84
21.03
15.02
8.47
2.06
-3.67
-8.49
-12.55
-16.19
-19.75
-23.49
-27.56
-32.07
-37.09
-42.52
-47.98
-52.66
-55.45
-55.30
-51.54
-44.25
-34.23
-22.85
-11.55
-1.53
6.48
12.36
16.38
19.08
20.95
22.31
23.15
23.39
22.95
21.99
20.82
19.77
19.11
18.91
19.08
19.44
19.78
19.80
19.18
17.63
14.93
11.19
6.74
2.12
-2.16
-5.89
-9.17
-12.48
-16.35
-21.17
-26.93
-33.26
-39.37
-44.28
-46.97
-46.69
-43.08
-36.33
-27.20
-16.73
-6.10
3.75
12.19
18.89
23.77
26.86
28.21
28.01
26.60
24.51
22.31
20.52
19.38
18.83
18.62
18.50
18.30
17.94
17.37
16.46
15.05
13.00
10.25
6.88
3.09
-0.87
-4.78
-8.56
-12.34
-16.42
-21.27
-27.25
-34.40
-42.13
-49.26
-54.27
-55.74
-52.93
-45.98
-35.89
-24.07
-12.01
-0.91
8.36
15.36
19.96
22.38
23.10
22.83
22.25
21.89
22.00
22.51
23.19
23.74
23.93
23.70
23.11
22.30
21.41
20.47
19.36
17.81
15.56
12.44
8.57
4.22
-0.24
-4.52
-8.56
-12.51
-16.70
-21.50
-27.11
-33.39
-39.68
-44.87
-47.60
-46.78
-42.00
-33.72
-23.20
-11.93
-1.25
7.99
15.49
21.23
25.32
27.78
28.69
28.25
26.84
25.05
23.48
22.58
22.52
23.08
23.82
24.21
23.89
22.80
21.20
19.46
17.88
16.41
14.68
12.19
8.68
4.18
-0.92
-6.16
-11.19
-16.01
-20.86
-26.05
-31.81
-38.03
-44.16
-49.30
-52.36
-52.40
-48.86
-41.86
-32.21
-21.17
-10.16
-0.33
7.69
13.80
18.27
21.42
23.48
24.56
24.81
24.42
23.68
22.85
22.15
21.63
21.31
21.17
21.23
21.51
21.96
22.34
22.26
21.34
19.36
16.39
12.72
8.74
4.71
0.68
-3.48
-7.95
-12.84
-18.17
-23.88
-29.79
-35.59
-40.77
-44.62
-46.28
-45.04
-40.53
-33.00
-23.31
-12.77
-2.75
5.64
11.85
15.89
18.17
19.24
19.50
19.16
18.29
16.97
15.53
14.42
14.03
14.50
15.58
16.81
17.79
18.28
18.26
17.72
16.58
14.55
11.45
7.35
2.68
-1.93
-5.95
-9.35
-12.56
-16.26
-21.08
-27.13
-33.92
-40.45
-45.51
-47.97
-47.10
-42.63
-34.89
-24.75
-13.44
-2.37
7.24
14.63
19.52
22.24
23.29
23.26
22.56
21.48
20.24
19.08
18.30
17.99
18.07
18.26
18.26
17.96
17.46
16.95
16.47
15.77
14.32
11.65
7.64
2.58
-2.88
-8.11
-12.73
-16.77
-20.48
-24.21
-28.30
-32.94
-38.17
-43.71
-48.87
-52.50
-53.27
-50.13
-42.80
-32.04
-19.41
-6.87
3.98
12.21
17.76
21.12
22.97
23.88
24.20
24.17
23.96
23.81
23.84
24.01
24.06
23.68
22.67
21.16
19.52
18.21
17.49
17.21
16.86
15.85
13.78
10.57
6.52
2.00
-2.71
-7.45
-12.20
-16.92
-21.59
-26.30
-31.32
-36.93
-43.17
-49.50
-54.75
-57.45
-56.33
-50.88
-41.65
-30.05
-17.89
-6.66
2.72
10.09
15.73
20.02
23.25
25.48
26.76
27.22
27.16
26.97
26.99
27.28
27.68
27.88
27.71
27.23
26.64
26.20
25.97
25.78
25.25
23.95
21.52
17.76
12.72
6.75
0.53
-5.11
-9.51
-12.41
-14.20
-15.77
-18.16
-22.07
-27.63
-34.41
-41.57
-48.19
-53.35
-56.17
-55.85
-51.91
-44.36
-33.94
-21.94
-9.86
1.00
9.88
16.55
21.25
24.38
26.27
27.19
27.31
26.86
26.17
25.63
25.61
26.27
27.42
28.57
29.18
28.93
27.93
26.65
25.62
25.05
24.64
23.76
21.80
18.50
14.05
8.90
3.51
-1.76
-6.69
-11.02
-14.54
-17.20
-19.32
-21.68
-25.18
-30.37
-36.93
-43.70
-48.96
-51.18
-49.56
-44.31
-36.39
-27.01
-17.23
-7.74
0.96
8.50
14.55
18.89
21.57
22.90
23.33
23.32
23.13
22.89
22.62
22.36
22.20
22.20
22.41
22.82
23.29
23.63
23.62
23.02
21.64
19.36
16.20
12.32
8.02
3.63
-0.51
-4.22
-7.53
-10.72
-14.28
-18.74
-24.41
-31.13
-38.10
-44.08
-47.66
-47.79
-44.13
-37.07
-27.71
-17.34
-7.15
2.14
10.18
16.90
22.26
26.04
28.02
28.09
26.46
23.73
20.76
18.37
17.11
17.10
18.03
19.36
20.50
20.98
20.60
19.43
17.75
15.93
14.26
12.70
10.90
8.24
4.23
-1.15
-7.39
-13.59
-18.92
-23.02
-26.22
-29.25
-32.95
-37.77
-43.55
-49.53
-54.60
-57.55
-57.46
-53.81
-46.73
-36.90
-25.43
-13.53
-2.36
7.20
14.63
19.69
22.49
23.47
23.29
22.62
22.03
21.78
21.86
22.08
22.18
22.02
21.56
20.84
20.05
19.39
19.08
19.12
19.23
18.83
17.34
14.37
10.02
4.83
-0.49
-5.35
-9.58
-13.34
-16.99
-20.91
-25.38
-30.63
-36.70
-43.33
-49.72
-54.63
-56.67
-54.82
-48.87
-39.63
-28.57
-17.33
-7.14
1.50
8.57
14.38
19.08
22.61
24.82
25.66
25.33
24.28
23.00
21.89
21.13
20.76
20.75
21.13
21.90
23.00
24.09
24.72
24.34
22.63
19.59
15.52
10.89
6.17
1.69
-2.47
-6.35
-10.07
-13.75
-17.58
-21.83
-26.84
-32.83
-39.61
-46.42
-51.90
-54.53
-53.18
-47.58
-38.54
-27.57
-16.46
-6.56
1.44
7.51
11.99
15.33
17.89
19.87
21.28
22.06
22.04
21.19
19.70
18.06
16.90
16.73
17.69
19.42
21.20
22.32
22.27
20.92
18.47
15.28
11.73
8.06
4.41
0.79
-2.86
-6.64
-10.60
-14.80
-19.29
-24.07
-29.00
-33.72
-37.50
-39.42
-38.58
-34.49
-27.41
-18.27
-8.42
0.92
8.92
15.28
20.03
23.32
25.21
25.76
25.06
23.37
21.14
18.85
16.94
15.66
15.11
15.17
15.54
15.84
15.69
14.81
13.19
11.06
8.65
6.22
3.79
1.24
-1.60
-4.84
-8.46
-12.35
-16.45
-20.91
-25.96
-31.68
-37.68
-42.92
-45.92
-45.26
-40.24
-31.17
-19.47
-7.08
4.15
12.97
18.94
22.23
23.38
23.04
21.94
20.84
20.44
21.09
22.62
24.46
25.82
26.25
25.77
24.86
24.15
24.10
24.77
25.88
27.00
27.56
27.10
25.19
21.55
16.22
9.60
2.35
-4.81
-11.49
-17.79
-24.20
-31.18
-38.67
-45.85
-51.25
-53.29
-50.89
-43.94
-33.40
-21.00
-8.60
2.39
11.29
18.14
23.35
27.38
30.54
32.97
34.78
36.12
37.20
38.22
39.24
40.19
40.90
41.20
41.09
40.75
40.53
40.69
41.21
41.70
41.44
39.63
35.83
30.14
23.25
16.21
9.95
5.01
1.25
-1.96
-5.53
-10.30
-16.81
-25.07
-34.48
-43.83
-51.60
-56.26
-56.80
-53.07
-45.82
-36.45
-26.57
-17.46
-9.97
-4.40
-0.69
1.32
1.80
0.93
-1.19
-4.40
-8.42
-12.85
-17.18
-20.81
-23.27
-24.27
-23.90
-22.44
-20.24
-17.64
-14.92
-12.37
-10.38
-9.42
-9.85
-11.80
-15.07
-19.18
-23.56
-27.70
-31.26
-34.07
-36.33
-38.42
-40.95
-44.43
-48.95
-53.92
-58.12
-59.99
-58.29
-52.67
-43.83
-33.22
-22.55
-13.03
-5.21
1.11
6.33
10.73
14.26
16.64
17.60
17.34
16.41
15.63
15.68
16.79
18.76
21.09
23.27
24.94
25.90
26.05
25.32
23.68
21.29
18.52
15.76
13.27
11.03
8.75
6.01
2.54
-1.81
-7.00
-12.98
-19.50
-26.10
-31.86
-35.54
-35.86
-32.06
-24.31
-13.76
-2.20
8.54
17.22
23.46
27.59
30.26
32.00
32.96
32.94
31.66
29.06
25.44
21.46
17.88
15.32
14.05
13.96
14.62
15.45
15.78
15.12
13.21
10.03
5.82
0.97
-4.26
-9.70
-15.34
-21.18
-27.18
-33.12
-38.82
-44.12
-48.90
-52.98
-55.84
-56.63
-54.25
-47.83
-37.17
-23.05
-7.15
8.49
22.00
32.26
38.95
42.45
43.45
42.68
40.75
38.22
35.62
33.37
31.67
30.34
28.91
26.90
24.10
20.78
17.54
14.89
12.96
11.42
9.65
7.14
3.74
-0.33
-4.68
-9.03
-13.31
-17.64
-22.16
-26.86
-31.57
-35.93
-39.41
-41.37
-41.07
-37.93
-31.71
-22.82
-12.30
-1.50
8.30
16.33
22.48
27.06
30.52
32.97
34.28
34.18
32.67
30.12
27.20
24.60
22.72
21.62
21.05
20.76
20.55
20.34
20.05
19.53
18.53
16.84
14.37
11.24
7.67
3.85
-0.14
-4.35
-8.92
-13.98
-19.54
-25.52
-31.62
-37.24
-41.53
-43.51
-42.36
-37.73
-29.98
-20.19
-9.82
-0.29
7.47
13.19
17.17
19.92
21.80
22.96
23.37
23.02
22.09
20.94
19.85
18.92
17.98
16.77
15.23
13.56
12.15
11.25
10.74
10.11
8.69
6.07
2.24
-2.33
-7.06
-11.38
-14.96
-17.72
-19.69
-21.03
-22.05
-23.15
-24.74
-26.96
-29.51
-31.57
-32.06
-30.03
-25.13
-17.67
-8.56
1.05
10.14
18.03
24.46
29.44
33.10
35.58
37.01
37.55
37.41
36.77
35.84
34.82
33.92
33.38
33.44
34.12
35.20
36.21
36.51
35.58
33.24
29.76
25.71
21.77
18.39
15.65
13.24
10.69
7.48
3.29
-1.88
-7.64
-13.16
-17.39
-19.19
-17.68
-12.55
-4.29
5.85
16.18
25.06
31.49
35.36
37.27
38.18
38.79
39.27
39.24
38.07
35.24
30.59
24.36
17.05
9.28
1.82
-4.55
-9.10
-11.47
-11.84
-11.10
-10.44
-10.98
-13.29
-17.22
-22.16
-27.41
-32.52
-37.38
-41.97
-46.08
-49.29
-51.01
-50.70
-48.05
-42.95
-35.42
-25.71
-14.33
-2.13
9.73
20.17
28.54
34.83
39.54
43.32
46.46
48.76
49.73
49.04
46.88
44.15
41.94
41.10
41.70
42.89
43.22
41.31
36.51
29.24
20.91
13.22
7.44
3.83
1.49
-1.11
-5.61
-13.16
-24.14
-38.07
-53.53
-68.17
-79.09
-83.67
-80.58
-70.57
-56.51
-42.43
-31.98
-27.00
-27.06
-30.04
-33.49
-35.89
-37.15
-38.17
-39.89
-42.42
-45.07
-46.82
-47.09
-46.17
-44.94
-44.30
-44.61
-45.39
-45.80
-45.19
-43.57
-41.62
-40.17
-39.63
-39.71
-39.39
-37.46
-32.99
-25.89
-16.90
-7.35
1.21
7.60
11.36
12.99
13.70
15.04
18.32
24.22
32.50
42.21
52.13
61.24
69.15
76.18
83.09
90.51
98.57
106.82
114.33
120.37
124.64
127.33
128.95
129.89
130.34
130.28
129.73
128.78
127.53
125.76
122.91
118.19
110.94
101.09
89.16
76.20
63.33
51.46
41.18
32.78
26.35
21.67
18.12
14.58
9.74
2.60
-6.96
-17.95
-28.57
-37.03
-42.34
-44.74
-45.55
-46.44
-48.72
-52.92
-58.79
-65.76
-73.39
-81.67
-90.92
-101.47
-113.27
-125.71
-137.68
-147.98
-155.62
-160.27
-162.23
-162.35
-161.67
-160.99
-160.68
-160.66
-160.52
-159.81
-158.23
-155.80
-152.72
-149.37
-146.08
-143.04
-140.17
-136.97
-132.56
-125.74
-115.12
-99.27
-77.06
-48.19
-13.82
22.98
57.47
84.35
99.47
101.38
91.87
75.20
56.28
38.94
24.81
13.64
4.35
-3.69
-10.24
-14.50
-16.00
-15.24
-13.61
-12.80
-13.83
-16.67
-20.31
-23.46
-25.36
-26.16
-26.90
-28.93
-33.31
-40.46
-50.04
-61.07
-72.11
-81.37
-86.96
-87.20
-81.12
-68.78
-51.45
-31.24
-10.48
8.90
25.75
39.71
50.99
60.05
67.46
73.75
79.38
84.76
90.10
95.42
100.54
105.12
108.73
111.05
112.00
111.72
110.46
108.42
105.76
102.58
99.12
95.69
92.62
90.05
87.77
85.23
81.68
76.51
69.47
60.77
51.11
41.57
33.43
27.91
25.93
27.72
32.75
39.86
47.53
54.37
59.39
62.10
62.41
60.45
56.42
50.61
43.40
35.37
27.17
19.38
12.44
6.51
1.60
-2.37
-5.48
-7.75
-9.26
-10.31
-11.39
-13.14
-16.09
-20.40
-25.80
-31.70
-37.55
-43.03
-48.21
-53.37
-58.86
-64.83
-71.25
-77.94
-84.46
-90.22
-94.27
-95.54
-93.08
-86.55
-76.46
-64.08
-51.04
-38.66
-27.60
-17.73
-8.61
0.06
8.10
14.95
20.00
22.99
24.24
24.49
24.63
25.26
26.51
28.17
29.82
31.02
31.49
31.13
29.94
28.05
25.55
22.52
19.06
15.31
11.50
7.98
5.05
2.83
1.14
-0.58
-3.03
-6.77
-11.80
-17.46
-22.50
-25.51
-25.46
-21.98
-15.51
-7.03
2.30
11.40
19.57
26.43
31.79
35.55
37.55
37.66
35.92
32.65
28.49
24.26
20.78
18.54
17.62
17.69
18.27
18.90
19.25
19.12
18.32
16.66
13.99
10.27
5.68
0.55
-4.83
-10.32
-16.02
-22.20
-29.04
-36.58
-44.41
-51.79
-57.66
-60.92
-60.69
-56.68
-49.27
-39.46
-28.56
-17.86
-8.32
-0.46
5.56
9.83
12.54
13.89
14.14
13.58
12.55
11.46
10.70
10.63
11.45
13.06
15.05
16.75
17.47
16.73
14.51
11.21
7.43
3.70
0.16
-3.45
-7.65
-13.01
-19.86
-28.14
-37.36
-46.62
-54.75
-60.47
-62.64
-60.54
-54.14
-44.17
-31.95
-18.98
-6.55
4.61
14.29
22.62
29.74
35.64
40.24
43.55
45.82
47.47
48.84
50.05
50.89
51.01
50.21
48.58
46.46
44.25
42.19
40.23
38.08
35.34
31.73
27.10
21.61
15.63
9.64
4.07
-0.92
-5.48
-9.96
-14.58
-19.18
-23.06
-25.23
-24.83
-21.47
-15.44
-7.52
1.37
10.46
19.19
27.22
34.16
39.67
43.46
45.53
46.19
45.97
45.36
44.64
43.81
42.74
41.29
39.52
37.57
35.63
33.80
32.09
30.43
28.75
26.91
24.67
21.74
17.85
12.84
6.82
0.19
-6.49
-12.67
-18.12
-22.93
-27.48
-32.22
-37.42
-42.98
-48.35
-52.66
-54.98
-54.58
-51.15
-44.91
-36.44
-26.48
-15.73
-4.70
6.22
16.76
26.65
35.57
43.22
49.26
53.30
55.03
54.18
50.76
45.10
37.90
30.03
22.38
15.54
9.78
5.05
1.15
-2.04
-4.56
-6.43
-7.78
-8.90
-10.21
-12.05
-14.50
-17.32
-20.04
-22.19
-23.55
-24.25
-24.78
-25.78
-27.80
-31.12
-35.71
-41.19
-46.88
-51.82
-54.94
-55.30
-52.34
-46.17
-37.53
-27.66
-17.83
-8.99
-1.58
4.34
8.83
11.95
13.65
13.96
13.13
11.67
10.10
8.81
7.89
7.25
6.74
6.42
6.43
6.93
7.93
9.19
10.31
10.98
11.00
10.25
8.66
6.12
2.53
-1.92
-6.73
-11.16
-14.47
-16.30
-16.79
-16.64
-16.70
-17.67
-19.66
-22.12
-23.97
-24.05
-21.60
-16.46
-9.24
-0.99
7.14
14.18
19.59
23.22
25.11
25.40
24.24
21.77
18.19
13.76
8.80
3.60
-1.51
-6.26
-10.43
-13.84
-16.47
-18.44
-19.99
-21.37
-22.75
-24.22
-25.78
-27.40
-29.04
-30.60
-31.98
-33.08
-33.96
-34.88
-36.36
-38.92
-42.85
-47.93
-53.35
-57.80
-59.90
-58.69
-53.89
-46.08
-36.47
-26.48
-17.38
-9.98
-4.46
-0.56
2.18
4.18
5.56
6.20
5.94
4.74
2.78
0.52
-1.47
-2.72
-2.96
-2.17
-0.55
1.64
4.14
6.74
9.25
11.51
13.33
14.58
15.18
15.19
14.84
14.30
13.64
12.66
10.92
8.05
4.01
-0.64
-4.83
-7.34
-7.26
-4.37
0.78
7.06
13.23
18.34
21.94
24.06
24.98
25.01
24.28
22.86
20.73
18.01
14.88
11.53
8.12
4.73
1.46
-1.46
-3.75
-5.08
-5.34
-4.72
-3.74
-3.04
-3.15
-4.36
-6.72
-10.02
-13.97
-18.14
-22.08
-25.44
-28.13
-30.49
-33.10
-36.47
-40.71
-45.23
-48.88
-50.34
-48.73
-43.87
-36.48
-27.74
-18.90
-10.83
-3.91
1.86
6.55
10.13
12.51
13.61
13.59
12.78
11.58
10.28
9.02
7.80
6.65
5.68
5.00
4.63
4.42
4.12
3.55
2.58
1.23
-0.49
-2.65
-5.36
-8.65
-12.31
-16.05
-19.56
-22.79
-26.02
-29.65
-34.05
-39.14
-44.33
-48.54
-50.49
-49.13
-43.97
-35.35
-24.34
-12.53
-1.46
7.79
14.85
19.93
23.50
26.02
27.75
28.86
29.49
29.87
30.08
30.15
29.87
29.09
27.85
26.41
25.24
24.67
24.74
25.18
25.54
25.44
24.62
22.97
20.46
17.11
13.08
8.74
4.53
0.80
-2.46
-5.75
-9.81
-15.23
-22.02
-29.36
-35.80
-39.69
-39.83
-35.76
-28.00
-17.73
-6.45
4.50
14.23
22.33
28.71
33.54
36.96
39.11
40.13
40.21
39.59
38.54
37.23
35.69
33.87
31.71
29.23
26.68
24.33
22.44
21.04
19.96
18.78
17.05
14.43
10.82
6.38
1.46
-3.61
-8.62
-13.62
-18.88
-24.72
-31.33
-38.55
-45.75
-51.98
-56.08
-56.97
-53.91
-46.87
-36.46
-23.81
-10.46
2.18
12.94
21.17
26.68
29.66
30.57
30.08
28.92
27.75
26.96
26.62
26.57
26.59
26.68
27.11
28.21
30.13
32.60
35.07
36.89
37.69
37.47
36.51
35.09
33.36
31.26
28.75
25.92
22.95
19.93
16.77
13.12
8.65
3.25
-2.77
-8.65
-13.49
-16.49
-17.22
-15.64
-12.13
-7.34
-2.05
2.97
7.08
9.90
11.26
11.24
10.00
7.79
5.01
2.18
-0.08
-1.28
-1.31
-0.50
0.48
0.93
0.57
-0.32
-1.07
-0.99
0.19
2.17
4.20
5.42
5.30
3.74
1.03
-2.37
-6.02
-9.54
-12.59
-14.95
-16.58
-17.81
-19.35
-22.09
-26.63
-32.82
-39.54
-44.98
-47.25
-45.10
-38.44
-28.39
-16.71
-5.20
4.90
13.05
19.22
23.66
26.56
28.02
28.09
26.90
24.72
21.93
18.97
16.19
13.83
12.04
10.75
9.76
8.88
7.89
6.83
5.90
5.34
5.21
5.26
4.89
3.46
0.65
-3.37
-7.95
-12.31
-15.98
-19.05
-22.13
-25.97
-30.99
-37.00
-43.17
-48.34
-51.46
-51.88
-49.49
-44.63
-37.90
-29.98
-21.55
-13.27
-5.72
0.64
5.50
8.81
10.70
11.42
11.27
10.54
9.50
8.48
7.77
7.61
8.01
8.71
9.29
9.30
8.59
7.34
6.00
4.97
4.43
4.13
3.58
2.27
-0.04
-3.19
-6.72
-10.12
-13.10
-15.67
-18.13
-20.85
-24.14
-28.12
-32.66
-37.29
-41.24
-43.50
-43.01
-39.09
-31.79
-21.99
-11.19
-1.05
7.19
13.03
16.66
18.53
19.08
18.50
16.84
14.20
10.92
7.47
4.33
1.78
-0.04
-1.14
-1.45
-0.92
0.34
1.98
3.26
3.51
2.23
-0.49
-4.13
-7.97
-11.51
-14.75
-18.04
-21.89
-26.66
-32.36
-38.69
-45.21
-51.33
-56.35
-59.37
-59.34
-55.41
-47.40
-36.05
-22.99
-10.17
0.76
9.03
14.77
18.73
21.67
24.00
25.72
26.60
26.57
25.85
24.89
24.08
23.61
23.42
23.26
22.93
22.32
21.33
19.81
17.62
14.71
11.18
7.33
3.51
-0.08
-3.57
-7.30
-11.68
-16.96
-23.11
-29.93
-37.17
-44.59
-51.80
-58.17
-62.73
-64.29
-61.90
-55.26
-44.94
-32.30
-19.08
-6.74
3.88
12.67
20.02
26.31
31.66
35.87
38.64
39.88
39.91
39.32
38.74
38.51
38.68
39.06
39.48
39.92
40.40
40.88
41.08
40.53
38.77
35.59
31.12
25.74
19.87
13.82
7.77
1.86
-3.77
-9.06
-14.17
-19.55
-25.75
-33.02
-40.88
-47.98
-52.42
-52.46
-47.25
-37.31
-24.27
-10.31
2.63
13.45
21.84
28.09
32.56
35.55
37.17
37.56
37.04
36.16
35.41
35.16
35.40
35.87
36.21
36.21
35.86
35.32
34.76
34.22
33.47
32.18
29.98
26.71
22.43
17.45
12.21
7.10
2.37
-2.02
-6.36
-11.14
-16.81
-23.61
-31.38
-39.53
-47.07
-52.85
-55.74
-54.95
-50.23
-42.00
-31.29
-19.51
-8.07
2.06
10.51
17.42
23.17
27.96
31.73
34.23
35.29
35.11
34.19
33.21
32.70
32.91
33.70
34.66
35.36
35.48
34.92
33.77
32.26
30.60
28.82
26.72
23.98
20.37
15.91
10.92
5.90
1.23
-2.98
-6.92
-10.96
-15.44
-20.56
-26.35
-32.67
-39.19
-45.33
-50.15
-52.50
-51.40
-46.34
-37.69
-26.56
-14.50
-2.95
7.13
15.43
22.13
27.55
31.91
35.28
37.66
39.13
39.92
40.27
40.40
40.36
40.08
39.53
38.72
37.78
36.95
36.48
36.45
36.74
36.92
36.36
34.47
30.89
25.63
19.19
12.27
5.55
-0.60
-6.22
-11.75
-17.72
-24.60
-32.44
-40.83
-48.88
-55.46
-59.41
-59.88
-56.67
-50.24
-41.71
-32.40
-23.51
-15.81
-9.66
-5.04
-1.83
0.14
1.11
1.37
1.35
1.57
2.45
4.24
6.90
10.16
13.64
17.00
19.98
22.42
24.23
25.30
25.57
24.92
23.23
20.40
16.43
11.53
6.12
0.74
-4.29
-8.99
-13.81
-19.40
-26.25
-34.25
-42.54
-49.70
-54.24
-55.05
-51.70
-44.53
-34.48
-22.76
-10.66
0.70
10.48
18.22
23.77
27.23
28.80
28.72
27.27
24.93
22.28
19.94
18.38
17.64
17.43
17.24
16.70
15.76
14.76
14.06
13.80
13.70
13.11
11.34
8.04
3.39
-1.95
-7.22
-11.83
-15.57
-18.67
-21.60
-24.95
-29.17
-34.53
-40.85
-47.46
-53.21
-56.63
-56.43
-51.92
-43.35
-31.81
-18.96
-6.42
4.62
13.62
20.61
25.89
29.81
32.56
34.12
34.49
33.77
32.33
30.73
29.61
29.31
29.75
30.51
31.03
31.01
30.58
30.22
30.38
31.13
32.04
32.39
31.58
29.48
26.36
22.69
18.86
14.95
10.87
6.49
1.78
-3.22
-8.55
-14.38
-20.86
-27.80
-34.47
-39.71
-42.26
-41.36
-37.03
-30.11
-21.84
-13.39
-5.50
1.54
7.69
12.91
16.99
19.65
20.78
20.57
19.55
18.41
17.70
17.59
17.90
18.19
18.06
17.38
16.32
15.30
14.72
14.73
15.12
15.33
14.72
12.81
9.53
5.25
0.63
-3.60
-7.08
-9.89
-12.61
-16.03
-20.80
-27.11
-34.44
-41.63
-47.21
-49.86
-48.79
-44.00
-36.11
-26.20
-15.48
-5.04
4.28
11.94
17.69
21.61
23.92
24.96
25.06
24.44
23.25
21.64
19.74
17.75
15.76
13.69
11.36
8.62
5.45
2.11
-1.01
-3.58
-5.39
-6.58
-7.46
-8.46
-9.91
-12.01
-14.79
-18.23
-22.30
-27.01
-32.35
-38.14
-43.92
-48.96
-52.26
-52.86
-50.11
-44.01
-35.22
-24.98
-14.73
-5.72
1.27
6.04
8.83
10.02
10.00
8.97
7.06
4.50
1.70
-0.76
-2.37
-2.80
-2.08
-0.59
1.17
2.76
3.99
4.92
5.73
6.45
6.88
6.60
5.13
2.18
-2.11
-7.25
-12.55
-17.51
-22.08
-26.64
-31.85
-38.20
-45.59
-53.23
-59.70
-63.45
-63.25
-58.63
-49.99
-38.47
-25.58
-12.73
-0.98
9.08
17.24
23.43
27.62
29.89
30.48
29.92
28.88
28.06
27.85
28.26
29.01
29.66
29.90
29.64
29.04
28.29
27.40
26.20
24.34
21.53
17.73
13.19
8.40
3.83
-0.30
-4.17
-8.17
-12.78
-18.32
-24.79
-31.93
-39.22
-45.83
-50.71
-52.68
-50.72
-44.42
-34.20
-21.33
-7.56
5.47
16.61
25.48
32.25
37.32
41.10
43.91
46.03
47.78
49.52
51.49
53.78
56.15
58.18
59.37
59.38
58.13
55.90
53.20
50.52
48.21
46.22
44.17
41.43
37.44
31.96
25.24
17.94
10.80
4.47
-0.83
-5.23
-9.11
-12.93
-17.10
-21.84
-27.11
-32.59
-37.53
-40.87
-41.54
-38.69
-32.14
-22.48
-11.04
0.49
10.51
17.86
22.04
23.15
21.70
18.39
13.92
8.92
3.91
-0.74
-4.75
-7.93
-10.16
-11.36
-11.47
-10.44
-8.21
-4.74
-0.16
5.23
10.84
15.93
19.77
21.80
21.82
20.10
17.24
13.97
10.86
8.11
5.41
2.17
-2.27
-8.16
-15.18
-22.27
-27.89
-30.41
-28.52
-21.70
-10.41
3.99
19.48
33.94
45.60
53.33
56.81
56.28
52.30
45.54
36.66
26.35
15.39
4.58
-5.34
-13.85
-20.75
-26.10
-30.05
-32.79
-34.44
-35.19
-35.33
-35.34
-35.74
-36.98
-39.25
-42.48
-46.38
-50.53
-54.55
-58.23
-61.49
-64.50
-67.50
-70.74
-74.24
-77.73
-80.45
-81.34
-79.27
-73.42
-63.67
-50.74
-35.99
-20.97
-7.05
4.96
14.83
22.59
28.38
32.22
34.11
34.18
32.83
30.76
28.78
27.57
27.41
28.09
29.10
29.84
29.95
29.43
28.52
27.50
26.35
24.82
22.47
19.02
14.53
9.39
4.15
-0.80
-5.37
-9.78
-14.32
-19.23
-24.72
-30.97
-38.06
-45.80
-53.45
-59.67
-62.79
-61.44
-55.10
-44.47
-31.26
-17.52
-5.03
5.24
13.14
18.97
23.14
25.87
27.31
27.64
27.21
26.57
26.26
26.58
27.47
28.54
29.28
29.28
28.49
27.17
25.76
24.66
23.95
23.38
22.46
20.70
17.81
13.82
9.07
4.01
-0.88
-5.32
-9.25
-12.82
-16.39
-20.41
-25.19
-30.79
-36.70
-41.93
-45.16
-45.21
-41.49
-34.25
-24.49
-13.60
-2.94
6.48
14.13
19.85
23.67
25.83
26.57
26.23
25.14
23.58
21.83
20.12
18.69
17.82
17.70
18.30
19.44
20.80
22.06
23.03
23.64
23.81
23.45
22.36
20.39
17.54
14.11
10.55
7.34
4.77
2.75
0.82
-1.70
-5.45
-10.78
-17.42
-24.50
-30.64
-34.33
-34.34
-30.13
-22.00
-10.98
1.33
13.32
23.70
31.75
37.34
40.76
42.38
42.54
41.43
39.26
36.25
32.83
29.47
26.58
24.36
22.71
21.37
20.08
18.77
17.49
16.29
15.06
13.54
11.37
8.33
4.36
-0.38
-5.61
-11.08
-16.65
-22.37
-28.38
-34.89
-41.86
-48.94
-55.34
-59.91
-61.47
-59.22
-53.12
-43.96
-33.22
-22.54
-13.26
-6.05
-0.89
2.71
5.34
7.33
8.78
9.57
9.67
9.25
8.72
8.58
9.14
10.50
12.42
14.62
16.80
18.79
20.48
21.69
22.20
21.71
20.12
17.52
14.26
10.75
7.25
3.73
-0.09
-4.67
-10.45
-17.68
-26.21
-35.44
-44.32
-51.46
-55.45
-55.18
-50.19
-40.91
-28.52
-14.73
-1.25
10.57
19.97
26.78
31.22
33.70
34.57
34.20
32.92
31.07
29.01
27.00
25.10
23.13
20.77
17.74
14.02
9.90
5.82
2.16
-0.92
-3.58
-6.11
-8.74
-11.57
-14.49
-17.38
-20.28
-23.44
-27.21
-31.86
-37.47
-43.84
-50.68
-57.58
-63.98
-69.11
-71.93
-71.37
-66.66
-57.80
-45.68
-31.97
-18.49
-6.70
2.74
9.96
15.52
20.00
23.72
26.68
28.86
30.33
31.34
32.20
33.06
33.82
34.16
33.81
32.69
30.95
28.91
26.77
24.43
21.52
17.57
12.34
5.95
-1.13
-8.28
-15.01
-21.08
-26.49
-31.42
-36.26
-41.48
-47.60
-54.83
-62.77
-70.23
-75.45
-76.59
-72.41
-62.86
-49.01
-32.73
-15.98
-0.36
13.19
24.31
32.99
39.38
43.72
46.25
47.35
47.42
46.93
46.23
45.55
44.94
44.32
43.54
42.59
41.53
40.49
39.47
38.26
36.51
33.89
30.23
25.62
20.32
14.54
8.39
1.83
-5.21
-12.72
-20.68
-28.89
-36.99
-44.27
-49.66
-51.83
-49.71
-42.97
-32.32
-19.42
-6.35
5.11
13.92
19.96
23.71
25.82
26.73
26.60
25.45
23.36
20.57
17.50
14.61
12.26
10.61
9.67
9.25
9.12
8.98
8.61
7.82
6.49
4.57
2.02
-1.14
-4.92
-9.38
-14.55
-20.41
-26.83
-33.58
-40.41
-47.14
-53.47
-58.86
-62.44
-63.10
-59.89
-52.53
-41.71
-28.91
-15.86
-3.94
6.22
14.71
21.87
27.87
32.59
35.72
37.16
37.13
36.06
34.43
32.52
30.49
28.49
26.75
25.51
24.78
24.29
23.44
21.67
18.74
14.85
10.57
6.39
2.48
-1.40
-5.72
-10.87
-16.88
-23.47
-30.24
-36.81
-42.82
-47.78
-50.88
-51.08
-47.40
-39.45
-27.79
-13.90
0.30
13.13
23.70
32.03
38.60
43.95
48.23
51.29
53.00
53.48
53.25
52.92
52.93
53.23
53.41
52.97
51.65
49.65
47.37
45.18
43.14
40.94
38.14
34.49
30.10
25.40
20.91
16.83
12.86
8.30
2.27
-5.85
-16.13
-28.03
-40.49
-52.11
-61.43
-67.15
-68.35
-64.74
-56.79
-45.67
-32.96
-20.28
-8.82
0.86
8.71
15.00
19.93
23.62
26.08
27.48
28.14
28.44
28.68
28.90
28.91
28.51
27.70
26.73
25.95
25.55
25.39
25.07
24.12
22.28
19.65
16.59
13.44
10.37
7.29
4.02
0.33
-3.96
-9.00
-14.93
-21.80
-29.34
-36.72
-42.68
-45.72
-44.76
-39.61
-31.01
-20.41
-9.45
0.58
9.02
15.72
20.83
24.44
26.54
27.13
26.33
24.55
22.38
20.37
18.93
18.17
18.02
18.27
18.70
19.09
19.29
19.09
18.31
16.89
14.85
12.32
9.46
6.39
3.08
-0.53
-4.51
-8.77
-13.19
-17.69
-22.26
-26.89
-31.43
-35.40
-37.97
-38.23
-35.50
-29.69
-21.46
-12.00
-2.62
5.66
12.35
17.43
21.14
23.67
25.12
25.52
25.03
23.90
22.54
21.32
20.48
20.07
19.99
20.10
20.37
20.77
21.24
21.56
21.36
20.22
17.82
14.14
9.44
4.23
-0.96
-5.69
-9.78
-13.24
-16.24
-19.09
-22.16
-25.84
-30.34
-35.53
-40.73
-44.79
-46.43
-44.78
-39.69
-31.88
-22.64
-13.30
-4.81
2.45
8.54
13.63
17.83
21.04
23.11
23.98
23.79
22.90
21.82
21.00
20.69
20.83
21.14
21.23
20.79
19.79
18.47
17.20
16.22
15.46
14.53
13.01
10.58
7.32
3.60
-0.08
-3.32
-6.03
-8.37
-10.62
-13.10
-16.00
-19.47
-23.62
-28.43
-33.66
-38.68
-42.55
-44.26
-43.07
-38.88
-32.25
-24.25
-16.06
-8.58
-2.23
2.96
7.16
10.53
13.08
14.81
15.74
16.00
15.86
15.63
15.55
15.74
16.14
16.65
17.13
17.53
17.85
18.08
18.20
18.12
17.72
16.89
15.55
13.67
11.23
8.23
4.67
0.61
-3.83
-8.41
-12.85
-16.86
-20.16
-22.59
-24.11
-24.91
-25.34
-25.76
-26.39
-27.15
-27.57
-26.98
-24.73
-20.48
-14.37
-7.00
0.82
8.24
14.66
19.77
23.56
26.05
27.34
27.48
26.57
24.89
22.83
20.87
19.32
18.34
17.86
17.76
18.01
18.58
19.38
20.08
20.13
18.90
16.01
11.51
5.93
0.04
-5.52
-10.42
-14.70
-18.63
-22.50
-26.49
-30.70
-35.29
-40.38
-46.03
-51.86
-56.96
-59.97
-59.47
-54.73
-46.06
-34.83
-22.94
-12.13
-3.31
3.32
8.04
11.08
12.43
12.04
10.09
7.23
4.34
2.17
1.01
0.67
0.66
0.63
0.47
0.29
0.25
0.29
0.21
-0.28
-1.43
-3.38
-6.11
-9.50
-13.25
-17.01
-20.39
-23.20
-25.59
-27.97
-30.90
-34.74
-39.39
-44.25
-48.28
-50.43
-49.90
-46.42
-40.31
-32.34
-23.53
-14.83
-6.98
-0.35
4.95
9.04
12.13
14.41
15.98
16.85
17.06
16.69
15.91
14.92
13.96
13.19
12.71
12.51
12.50
12.56
12.45
11.97
10.96
9.37
7.29
4.89
2.35
-0.20
-2.67
-5.13
-7.62
-10.37
-13.61
-17.54
-22.13
-26.96
-31.19
-33.74
-33.64
-30.34
-23.93
-15.12
-4.91
5.60
15.51
24.13
31.05
36.08
39.30
40.92
41.21
40.45
38.76
36.31
33.30
30.04
26.94
24.23
21.85
19.49
16.75
13.38
9.44
5.21
0.94
-3.30
-7.66
-12.27
-17.10
-21.76
-25.79
-28.86
-31.09
-33.05
-35.55
-39.16
-43.91
-49.09
-53.48
-55.78
-55.01
-50.80
-43.53
-34.10
-23.71
-13.52
-4.46
2.93
8.52
12.56
15.51
17.88
19.97
21.73
22.80
22.83
21.78
20.07
18.49
17.73
18.04
19.09
20.16
20.51
19.83
18.32
16.42
14.56
12.86
11.13
9.00
6.20
2.63
-1.66
-6.61
-12.28
-18.64
-25.47
-32.05
-37.25
-39.76
-38.65
-33.81
-26.10
-16.97
-7.93
-0.02
6.38
11.42
15.37
18.35
20.24
20.90
20.32
18.72
16.51
14.15
12.09
10.69
10.24
10.80
12.09
13.57
14.54
14.40
13.00
10.51
7.44
4.30
1.43
-1.04
-3.21
-5.33
-7.71
-10.65
-14.45
-19.23
-24.79
-30.50
-35.23
-37.68
-36.71
-31.89
-23.71
-13.47
-2.81
6.81
14.55
20.28
24.25
26.82
28.23
28.59
28.07
26.95
25.60
24.29
23.13
22.06
21.01
19.98
19.03
18.29
17.76
17.38
16.99
16.40
15.39
13.70
11.16
7.68
3.43
-1.20
-5.66
-9.51
-12.68
-15.56
-18.78
-22.92
-28.11
-33.75
-38.71
-41.57
-41.15
-37.01
-29.61
-20.05
-9.70
0.36
9.58
17.84
25.18
31.44
36.24
39.13
39.92
38.91
36.82
34.56
32.73
31.47
30.52
29.43
27.90
25.98
23.87
21.83
19.94
18.03
15.81
12.98
9.48
5.45
1.21
-2.89
-6.58
-9.80
-12.70
-15.56
-18.71
-22.31
-26.33
-30.49
-34.35
-37.40
-39.13
-39.20
-37.42
-33.82
-28.54
-21.90
-14.28
-6.18
1.84
9.30
15.83
21.26
25.55
28.71
30.75
31.76
31.95
31.76
31.82
32.74
34.77
37.73
41.00
43.81
45.67
46.51
46.63
46.43
46.03
45.25
43.69
40.96
36.94
31.84
26.15
20.47
15.31
10.90
7.07
3.40
-0.75
-5.93
-12.43
-20.08
-28.22
-35.81
-41.69
-44.87
-44.80
-41.52
-35.64
-28.16
-20.28
-13.04
-7.14
-2.86
0.01
1.88
3.28
4.63
6.11
7.65
9.01
9.93
10.25
9.96
9.20
8.21
7.21
6.37
5.81
5.54
5.53
5.70
5.94
6.07
5.89
5.15
3.72
1.62
-0.78
-2.95
-4.37
-4.88
-4.85
-5.00
-5.97
-7.88
-10.08
-11.48
-11.06
-8.39
-3.85
1.58
6.84
11.08
13.86
14.95
14.12
11.06
5.54
-2.29
-11.85
-22.09
-31.95
-40.57
-47.54
-52.73
-56.18
-57.92
-58.07
-56.90
-54.97
-53.01
-51.62
-51.03
-50.94
-50.77
-50.04
-48.65
-46.93
-45.47
-44.79
-45.22
-46.84
-49.60
-53.37
-57.71
-61.73
-64.15
-63.59
-59.10
-50.66
-39.23
-26.38
-13.71
-2.39
7.11
14.80
20.91
25.65
29.17
31.55
32.95
33.57
33.56
33.07
32.19
31.10
30.10
29.51
29.50
30.07
30.93
31.67
31.82
31.02
29.10
26.08
22.26
18.07
13.95
10.20
6.83
3.58
-0.08
-4.67
-10.63
-18.05
-26.63
-35.47
-43.29
-48.59
-50.16
-47.48
-41.00
-31.95
-22.00
-12.58
-4.59
1.81
6.90
11.12
14.66
17.52
19.49
20.41
20.28
19.28
17.68
15.73
13.58
11.33
9.01
6.72
4.61
2.82
1.39
0.11
-1.33
-3.37
-6.30
-10.15
-14.60
-19.07
-22.94
-25.82
-27.85
-29.74
-32.54
-37.21
-44.00
-52.23
-60.33
-66.44
-69.03
-67.46
-62.08
-53.92
-44.23
-34.04
-23.96
-14.30
-5.28
2.85
9.82
15.42
19.69
22.84
25.11
26.67
27.51
27.61
27.05
26.18
25.42
25.11
25.29
25.62
25.60
24.80
23.09
20.63
17.71
14.58
11.29
7.75
3.74
-0.97
-6.57
-13.15
-20.62
-28.49
-35.92
-41.83
-45.13
-45.15
-41.68
-35.16
-26.38
-16.30
-5.83
4.29
13.53
21.57
28.26
33.52
37.33
39.65
40.52
40.09
38.63
36.50
34.09
31.78
29.89
28.60
27.91
27.65
27.43
26.78
25.32
22.85
19.48
15.51
11.32
7.11
2.89
-1.56
-6.52
-12.37
-19.48
-28.02
-37.73
-47.69
-56.32
-61.69
-62.22
-57.20
-47.15
-33.59
-18.58
-3.98
8.95
19.64
28.00
34.21
38.47
41.02
42.14
42.16
41.39
40.12
38.59
36.99
35.54
34.41
33.71
33.44
33.46
33.52
33.24
32.17
29.93
26.25
21.18
15.05
8.40
1.80
-4.38
-10.05
-15.46
-21.10
-27.50
-35.06
-43.78
-53.06
-61.62
-67.75
-69.74
-66.52
-58.07
-45.51
-30.66
-15.42
-1.24
11.17
21.66
30.32
37.24
42.36
45.60
47.05
47.02
46.11
44.93
43.89
43.11
42.48
41.70
40.58
39.11
37.49
36.05
35.04
34.51
34.17
33.54
32.02
29.16
24.80
19.15
12.77
6.37
0.54
-4.50
-8.94
-13.32
-18.19
-23.91
-30.47
-37.40
-43.95
-49.05
-51.57
-50.42
-44.91
-34.99
-21.50
-5.95
9.81
24.16
36.24
45.96
53.78
60.29
65.82
70.36
73.69
75.59
75.91
74.62
71.77
67.41
61.65
54.73
46.99
38.90
30.87
23.21
16.09
9.54
3.55
-1.99
-7.29
-12.61
-18.20
-24.14
-30.29
-36.25
-41.53
-45.79
-48.97
-51.31
-53.27
-55.26
-57.57
-60.31
-63.50
-67.22
-71.42
-75.74
-79.25
-80.55
-78.09
-70.81
-58.74
-43.05
-25.71
-8.83
6.03
18.16
27.56
34.54
39.42
42.38
43.53
43.06
41.32
38.86
36.16
33.62
31.47
29.75
28.38
27.26
26.33
25.55
24.92
24.47
24.11
23.69
22.91
21.50
19.20
15.97
11.96
7.52
3.03
-1.31
-5.59
-10.23
-15.75
-22.37
-29.74
-36.69
-41.60
-42.83
-39.36
-31.15
-19.30
-5.66
7.62
18.65
26.18
29.79
29.75
26.92
22.32
16.92
11.41
6.25
1.62
-2.36
-5.63
-8.09
-9.64
-10.22
-9.91
-8.88
-7.41
-5.88
-4.69
-4.20
-4.68
-6.24
-8.78
-12.06
-15.76
-19.61
-23.47
-27.42
-31.81
-37.10
-43.61
-51.43
-60.10
-68.56
-75.39
-79.01
-78.26
-72.62
-62.51
-49.05
-33.87
-18.61
-4.62
7.15
16.25
22.62
26.61
28.81
29.98
30.82
31.75
32.82
33.83
34.53
34.87
34.97
35.03
35.07
34.89
34.19
32.64
30.17
26.89
22.98
18.56
13.66
8.27
2.52
-3.37
-9.21
-15.04
-21.24
-28.32
-36.60
-45.82
-54.96
-62.41
-66.46
-65.87
-60.22
-50.14
-36.91
-22.13
-7.32
6.28
17.86
27.03
33.73
38.20
40.90
42.28
42.74
42.43
41.37
39.62
37.44
35.27
33.62
32.81
32.78
33.15
33.37
32.99
31.79
29.71
26.79
23.01
18.37
12.94
6.90
0.57
-5.75
-11.97
-18.27
-24.96
-32.36
-40.48
-48.82
-56.35
-61.61
-63.09
-59.75
-51.53
-39.40
-25.24
-11.18
1.10
10.80
18.03
23.41
27.58
30.83
33.08
34.11
33.84
32.54
30.72
28.92
27.49
26.52
25.90
25.46
25.04
24.49
23.56
21.95
19.31
15.44
10.47
4.87
-0.65
-5.51
-9.50
-13.01
-16.86
-21.88
-28.50
-36.36
-44.30
-50.61
-53.54
-51.89
-45.41
-34.89
-21.96
-8.53
3.75
13.90
21.66
27.24
31.06
33.35
34.21
33.66
31.84
29.15
26.22
23.74
22.24
21.85
22.27
22.87
22.92
21.82
19.41
15.89
11.85
7.94
4.57
1.77
-0.89
-4.05
-8.40
-14.35
-21.96
-30.92
-40.57
-49.99
-58.01
-63.32
-64.64
-61.10
-52.57
-39.92
-24.89
-9.55
4.27
15.54
24.11
30.37
34.80
37.62
38.79
38.24
36.21
33.25
30.18
27.67
26.09
25.40
25.32
25.47
25.51
25.18
24.25
22.56
19.93
16.30
11.70
6.31
0.39
-5.77
-12.04
-18.41
-25.11
-32.39
-40.37
-48.78
-56.85
-63.33
-66.75
-65.85
-60.03
-49.65
-35.97
-20.86
-6.18
6.71
17.12
25.04
30.84
34.91
37.56
38.98
39.40
39.09
38.39
37.57
36.78
36.03
35.26
34.48
33.78
33.24
32.77
32.09
30.72
28.17
24.21
18.93
12.83
6.64
0.92
-4.11
-8.72
-13.62
-19.55
-27.04
-36.06
-45.83
-55.01
-61.91
-64.98
-63.26
-56.61
-45.77
-32.09
-17.19
-2.51
10.84
22.27
31.51
38.47
43.12
45.54
45.99
44.97
43.24
41.56
40.44
40.07
40.30
40.80
41.36
41.86
42.29
42.60
42.58
41.90
40.27
37.57
33.84
29.27
24.07
18.38
12.35
6.13
-0.07
-6.12
-12.07
-18.23
-25.11
-33.18
-42.56
-52.72
-62.42
-69.95
-73.62
-72.31
-65.93
-55.42
-42.48
-28.88
-16.05
-4.83
4.48
11.87
17.39
21.12
23.19
23.88
23.62
22.90
22.14
21.63
21.54
21.92
22.73
23.81
24.90
25.69
25.90
25.48
24.48
23.02
21.17
18.82
15.78
11.94
7.39
2.38
-2.84
-8.14
-13.68
-19.74
-26.44
-33.54
-40.28
-45.58
-48.29
-47.60
-43.21
-35.44
-25.14
-13.47
-1.76
8.83
17.50
23.89
28.13
30.70
32.16
32.97
33.33
33.32
32.92
32.22
31.46
30.98
30.93
31.22
31.51
31.34
30.39
28.63
26.34
23.82
21.26
18.64
15.83
12.73
9.35
5.79
2.00
-2.30
-7.60
-14.30
-22.49
-31.73
-41.00
-48.96
-54.18
-55.50
-52.30
-44.71
-33.66
-20.63
-7.31
4.85
14.86
22.35
27.31
29.89
30.31
28.82
25.87
22.00
17.90
14.07
10.78
8.01
5.55
3.14
0.57
-2.22
-5.21
-8.27
-11.28
-14.11
-16.80
-19.56
-22.58
-25.96
-29.58
-33.06
-36.03
-38.32
-40.10
-41.83
-44.12
-47.37
-51.67
-56.67
-61.58
-65.27
-66.55
-64.41
-58.44
-49.07
-37.50
-25.29
-13.91
-4.20
3.74
10.27
15.89
20.84
25.01
28.16
30.16
31.13
31.46
31.56
31.64
31.69
31.49
30.91
30.01
29.06
28.45
28.36
28.61
28.68
27.90
25.78
22.25
17.69
12.70
7.88
3.58
-0.22
-3.77
-7.51
-11.85
-17.05
-23.03
-29.38
-35.27
-39.66
-41.59
-40.42
-36.19
-29.54
-21.53
-13.31
-5.76
0.66
5.93
10.17
13.47
15.88
17.35
17.99
17.99
17.65
17.23
16.87
16.60
16.44
16.43
16.60
16.91
17.19
17.19
16.67
15.50
13.65
11.16
8.07
4.36
0.15
-4.36
-8.82
-12.97
-16.86
-20.82
-25.22
-30.09
-34.88
-38.44
-39.54
-37.38
-31.99
-24.30
-15.75
-7.69
-0.92
4.44
8.75
12.37
15.38
17.47
18.19
17.32
15.01
11.80
8.40
5.52
3.51
2.43
2.06
2.07
2.14
2.07
1.78
1.29
0.65
-0.17
-1.29
-2.88
-5.10
-7.97
-11.41
-15.29
-19.57
-24.30
-29.42
-34.62
-39.18
-42.05
-42.24
-39.20
-33.08
-24.78
-15.48
-6.34
1.94
8.97
14.64
18.86
21.46
22.30
21.45
19.33
16.64
14.14
12.39
11.55
11.43
11.62
11.73
11.50
10.76
9.48
7.62
5.28
2.61
-0.16
-2.85
-5.45
-8.15
-11.35
-15.44
-20.69
-26.95
-33.68
-39.95
-44.66
-46.81
-45.82
-41.60
-34.65
-25.86
-16.29
-6.98
1.34
8.23
13.58
17.54
20.30
22.10
23.07
23.28
22.80
21.77
20.44
19.12
18.04
17.20
16.46
15.54
14.24
12.54
10.58
8.50
6.39
4.18
1.74
-0.97
-3.90
-6.90
-9.95
-13.18
-16.96
-21.59
-27.08
-32.97
-38.25
-41.63
-41.97
-38.68
-31.95
-22.70
-12.23
-1.84
7.49
15.23
21.18
25.32
27.74
28.56
28.00
26.42
24.26
21.94
19.76
17.91
16.51
15.74
15.71
16.41
17.50
18.43
18.58
17.55
15.31
12.14
8.59
5.03
1.70
-1.35
-4.21
-7.01
-9.94
-13.30
-17.45
-22.55
-28.31
-33.81
-37.73
-38.76
-36.16
-30.04
-21.33
-11.40
-1.64
6.96
13.90
19.12
22.76
25.07
26.28
26.70
26.63
26.31
25.88
25.32
24.52
23.42
22.13
20.93
20.07
19.65
19.46
19.11
18.16
16.44
14.10
11.51
8.98
6.54
3.89
0.71
-3.19
-7.74
-12.66
-17.75
-22.90
-28.02
-32.81
-36.55
-38.16
-36.67
-31.63
-23.44
-13.35
-2.93
6.41
13.89
19.41
23.27
25.83
27.28
27.69
27.07
25.63
23.72
21.70
19.83
18.18
16.75
15.53
14.63
14.16
14.10
14.27
14.24
13.50
11.60
8.36
3.85
-1.54
-7.30
-12.94
-18.09
-22.62
-26.66
-30.61
-35.05
-40.52
-47.18
-54.58
-61.60
-66.67
-68.35
-65.85
-59.30
-49.78
-38.74
-27.50
-16.84
-7.00
2.04
10.21
17.25
22.83
26.75
29.18
30.60
31.64
32.81
34.36
36.24
38.20
40.02
41.49
42.55
43.19
43.43
43.30
42.82
41.98
40.73
39.04
36.86
34.22
31.15
27.68
23.82
19.49
14.59
8.90
2.30
-5.19
-13.33
-21.54
-28.98
-34.74
-37.99
-38.24
-35.43
-30.01
-22.79
-14.69
-6.59
0.86
7.23
12.25
15.70
17.41
17.35
15.72
12.97
9.70
6.48
3.65
1.26
-0.91
-3.05
-5.20
-7.18
-8.69
-9.57
-9.95
-10.27
-11.04
-12.63
-15.09
-18.26
-21.91
-25.91
-30.15
-34.49
-38.65
-42.26
-45.11
-47.31
-49.39
-52.05
-55.75
-60.30
-64.80
-67.87
-68.20
-65.06
-58.52
-49.36
-38.68
-27.61
-17.02
-7.45
0.77
7.51
12.75
16.64
19.42
21.41
22.83
23.84
24.51
24.92
25.21
25.58
26.12
26.77
27.32
27.52
27.33
26.86
26.33
25.86
25.32
24.36
22.64
20.04
16.67
12.84
8.74
4.33
-0.70
-6.75
-14.03
-22.23
-30.49
-37.55
-42.14
-43.31
-40.77
-34.93
-26.76
-17.45
-8.10
0.51
7.96
14.03
18.62
21.67
23.18
23.31
22.43
20.92
19.21
17.62
16.42
15.79
15.87
16.70
17.99
19.24
19.82
19.24
17.43
14.75
11.77
8.94
6.35
3.69
0.53
-3.41
-8.13
-13.46
-19.25
-25.54
-32.35
-39.40
-45.93
-50.69
-52.32
-49.91
-43.36
-33.43
-21.52
-9.20
2.22
11.86
19.39
24.85
28.52
30.83
32.19
32.89
33.12
32.90
32.20
31.05
29.54
27.85
26.26
25.05
24.31
23.93
23.51
22.55
20.65
17.68
13.85
9.50
4.94
0.33
-4.39
-9.34
-14.60
-20.25
-26.37
-33.11
-40.57
-48.44
-55.87
-61.40
-63.42
-60.74
-53.22
-41.87
-28.51
-15.01
-2.77
7.70
16.46
23.74
29.60
33.82
36.20
36.82
36.22
35.19
34.39
34.03
33.84
33.27
31.95
29.90
27.55
25.44
23.87
22.69
21.42
19.50
16.57
12.67
8.07
3.15
-1.80
-6.72
-11.68
-16.95
-22.87
-29.76
-37.70
-46.28
-54.45
-60.62
-63.14
-60.88
-53.74
-42.70
-29.44
-15.69
-2.78
8.55
18.05
25.67
31.36
35.11
37.04
37.51
37.01
35.99
34.70
33.15
31.31
29.24
27.26
25.77
25.10
25.26
25.95
26.58
26.51
25.24
22.54
18.48
13.42
7.89
2.47
-2.40
-6.56
-10.19
-13.78
-17.94
-23.14
-29.45
-36.44
-43.20
-48.51
-51.14
-50.14
-45.18
-36.60
-25.46
-13.20
-1.30
9.05
17.22
23.13
27.06
29.46
30.73
31.08
30.68
29.68
28.33
26.94
25.86
25.33
25.45
26.11
27.05
27.93
28.42
28.26
27.37
25.79
23.57
20.81
17.55
13.85
9.80
5.56
1.23
-3.18
-7.80
-12.86
-18.37
-23.94
-28.60
-31.03
-29.98
-24.79
-15.71
-3.83
9.26
22.03
33.43
42.99
50.71
56.83
61.52
64.81
66.68
67.22
66.75
65.77
64.80
64.16
63.87
63.69
63.27
62.37
61.05
59.45
57.73
55.78
53.14
49.19
43.44
35.81
26.70
16.86
7.00
-2.36
-11.14
-19.50
-27.76
-36.19
-44.91
-53.86
-62.66
-70.61
-76.67
-79.68
-78.70
-73.44
-64.50
-53.16
-41.09
-29.73
-19.93
-11.87
-5.27
0.13
4.43
7.50
9.19
9.50
8.78
7.56
6.38
5.55
5.01
4.58
4.01
3.22
2.27
1.20
-0.11
-1.90
-4.46
-7.97
-12.27
-17.00
-21.68
-25.98
-29.86
-33.57
-37.55
-42.21
-47.77
-54.11
-60.67
-66.51
-70.40
-71.11
-67.86
-60.55
-49.96
-37.51
-24.84
-13.26
-3.35
4.95
12.09
18.46
23.95
28.14
30.53
30.94
29.70
27.51
25.08
22.80
20.63
18.35
15.84
13.24
10.95
9.24
8.02
6.73
4.62
1.05
-4.12
-10.52
-17.47
-24.25
-30.40
-35.82
-40.77
-45.69
-51.10
-57.47
-65.10
-73.92
-83.32
-92.00
-98.20
-100.18
-96.87
-88.23
-75.41
-60.23
-44.60
-29.95
-17.00
-5.95
3.17
10.22
14.90
17.00
16.75
14.87
12.46
10.56
9.76
10.13
11.28
12.71
14.12
15.48
16.83
18.19
19.30
19.79
19.28
17.60
14.96
11.70
8.15
4.42
0.43
-4.01
-9.07
-14.83
-21.28
-28.25
-35.37
-41.98
-47.07
-49.52
-48.37
-43.24
-34.45
-23.01
-10.32
2.28
13.83
23.80
32.05
38.54
43.28
46.33
47.79
47.95
47.24
46.17
45.20
44.69
44.80
45.43
46.35
47.16
47.51
47.21
46.23
44.70
42.81
40.69
38.36
35.77
32.82
29.47
25.72
21.61
17.09
12.09
6.49
0.27
-6.30
-12.70
-18.11
-21.69
-22.84
-21.46
-17.95
-13.19
-8.25
-4.05
-1.16
0.17
-0.06
-1.66
-4.39
-7.88
-11.66
-15.14
-17.71
-18.90
-18.49
-16.52
-13.27
-9.18
-4.72
-0.36
3.57
6.84
9.39
11.25
12.49
13.14
13.14
12.37
10.80
8.53
5.76
2.71
-0.56
-4.21
-8.53
-13.68
-19.37
-24.70
-28.30
-28.68
-24.80
-16.45
-4.34
10.16
25.35
39.73
52.09
61.56
67.57
69.72
67.90
62.37
53.76
43.06
31.39
19.72
8.65
-1.55
-10.80
-19.01
-25.91
-31.17
-34.60
-36.45
-37.45
-38.66
-41.12
-45.39
-51.44
-58.64
-66.11
-72.99
-78.75
-83.19
-86.50
-89.12
-91.61
-94.47
-97.94
-101.77
-105.12
-106.66
-104.95
-98.88
-88.12
-73.26
-55.66
-37.00
-18.80
-2.10
12.55
24.96
35.08
42.96
48.64
52.41
54.73
56.28
57.59
58.97
60.41
61.56
62.08
61.73
60.58
59.00
57.52
56.50
55.98
55.47
54.08
50.99
45.68
38.36
29.78
20.91
12.54
4.95
-1.98
-8.69
-15.53
-22.59
-29.74
-36.59
-42.64
-47.23
-49.62
-49.05
-44.94
-37.09
-25.90
-12.36
2.04
15.57
26.76
34.63
39.02
40.45
39.86
38.19
36.10
33.94
31.80
29.79
28.04
26.72
25.85
25.29
24.79
24.15
23.28
22.15
20.79
19.16
17.11
14.53
11.36
7.63
3.38
-1.46
-7.04
-13.57
-21.12
-29.50
-38.13
-46.07
-52.21
-55.42
-54.93
-50.51
-42.57
-32.13
-20.43
-8.69
2.18
11.67
19.61
25.97
30.68
33.63
34.68
33.95
31.83
29.02
26.26
24.17
22.93
22.39
22.23
22.14
21.94
21.51
20.67
19.16
16.65
12.99
8.33
3.13
-2.05
-6.86
-11.35
-15.93
-21.19
-27.59
-35.16
-43.46
-51.60
-58.42
-62.76
-63.66
-60.56
-53.48
-43.05
-30.46
-17.18
-4.60
6.35
15.33
22.55
28.44
33.24
36.93
39.16
39.67
38.55
36.26
33.61
31.27
29.58
28.50
27.75
27.11
26.53
26.08
25.70
25.07
23.58
20.68
16.15
10.32
3.97
-2.10
-7.39
-12.06
-16.69
-22.12
-28.94
-37.24
-46.48
-55.56
-63.07
-67.58
-68.00
-63.74
-55.04
-42.79
-28.45
-13.64
0.21
12.12
21.71
28.99
34.26
37.81
39.94
40.91
41.07
40.84
40.64
40.71
41.00
41.25
41.15
40.55
39.66
38.90
38.66
38.99
39.51
39.51
38.29
35.47
31.13
25.71
19.83
14.01
8.47
3.16
-2.23
-8.16
-15.07
-23.16
-32.18
-41.29
-49.01
-53.61
-53.50
-47.85
-36.92
-22.05
-5.34
10.94
24.84
35.18
41.53
44.11
43.49
40.40
35.63
29.90
23.93
18.29
13.34
9.17
5.69
2.66
-0.08
-2.50
-4.41
-5.54
-5.77
-5.28
-4.54
-4.17
-4.63
-6.08
-8.31
-10.99
-13.78
-16.55
-19.33
-22.23
-25.39
-28.95
-33.11
-38.05
-43.77
-49.82
-55.21
-58.58
-58.57
-54.34
-45.88
-34.00
-20.04
-5.44
8.59
21.20
31.81
40.17
46.17
49.97
51.91
52.47
52.18
51.47
50.60
49.70
48.84
48.13
47.69
47.64
47.93
48.35
48.51
48.04
46.79
44.88
42.67
40.58
38.92
37.59
36.26
34.45
31.71
27.84
22.73
16.41
9.00
0.87
-7.18
-13.91
-17.92
-18.16
-14.39
-7.31
1.62
10.75
18.77
25.02
29.32
31.80
32.56
31.69
29.26
25.49
20.73
15.31
9.54
3.72
-1.76
-6.37
-9.58
-11.04
-10.80
-9.33
-7.36
-5.67
-4.87
-5.35
-7.34
-10.92
-16.01
-22.27
-29.08
-35.74
-41.81
-47.36
-53.03
-59.76
-68.34
-78.85
-90.46
-101.40
-109.47
-112.68
-109.93
-101.39
-88.44
-73.30
-58.27
-45.14
-34.73
-26.95
-21.12
-16.47
-12.45
-8.84
-5.61
-2.72
-0.05
2.65
5.55
8.65
11.75
14.53
16.62
17.79
17.89
16.91
14.91
12.04
8.45
4.34
-0.16
-4.93
-9.82
-14.62
-19.08
-23.06
-26.69
-30.43
-34.88
-40.46
-47.04
-53.74
-59.06
-61.40
-59.51
-53.05
-42.58
-29.44
-15.28
-1.64
10.41
20.41
28.34
34.45
38.93
41.84
43.18
43.08
41.93
40.38
39.06
38.35
38.22
38.32
38.24
37.84
37.25
36.78
36.57
36.38
35.59
33.44
29.42
23.55
16.47
9.14
2.45
-3.13
-7.71
-11.85
-16.25
-21.54
-27.92
-35.16
-42.60
-49.19
-53.75
-55.16
-52.68
-46.29
-36.69
-25.17
-13.24
-2.18
7.22
14.68
20.28
24.27
26.86
28.22
28.51
27.93
26.74
25.20
23.61
22.14
20.95
20.08
19.53
19.20
18.92
18.47
17.62
16.24
14.29
11.85
8.98
5.74
2.00
-2.44
-7.73
-13.88
-20.72
-27.89
-34.91
-41.17
-45.92
-48.34
-47.68
-43.54
-36.06
-26.07
-14.87
-3.88
5.76
13.50
19.25
23.26
25.85
27.22
27.47
26.70
25.11
23.03
20.87
19.00
17.63
16.78
16.27
15.83
15.22
14.22
12.64
10.27
6.97
2.72
-2.32
-7.78
-13.17
-18.11
-22.53
-26.67
-31.04
-36.22
-42.53
-49.92
-57.70
-64.67
-69.43
-70.70
-67.71
-60.48
-49.76
-36.80
-23.06
-9.81
2.07
12.11
20.23
26.59
31.47
35.06
37.48
38.76
39.02
38.50
37.62
36.81
36.27
35.87
35.28
34.25
32.76
31.13
29.65
28.33
26.76
24.27
20.36
15.09
9.05
3.06
-2.22
-6.70
-10.81
-15.24
-20.59
-27.12
-34.52
-41.98
-48.27
-51.94
-51.76
-47.07
-38.12
-26.03
-12.49
0.83
12.67
22.46
30.20
36.07
40.27
42.86
43.88
43.57
42.39
40.98
39.94
39.62
40.00
40.73
41.33
41.43
40.87
39.75
38.22
36.34
34.00
31.01
27.29
22.92
18.18
13.33
8.58
3.91
-0.79
-5.60
-10.59
-15.74
-21.13
-26.91
-33.35
-40.64
-48.66
-56.82
-64.01
-68.81
-69.88
-66.51
-58.80
-47.72
-34.77
-21.44
-8.83
2.49
12.35
20.74
27.59
32.79
36.25
38.05
38.50
38.06
37.20
36.23
35.41
34.80
34.39
34.09
33.75
33.24
32.52
31.70
30.90
30.15
29.21
27.61
24.92
20.92
15.87
10.37
5.13
0.60
-3.22
-6.74
-10.57
-15.14
-20.61
-26.86
-33.65
-40.65
-47.47
-53.51
-57.76
-59.09
-56.55
-49.90
-39.86
-27.91
-15.80
-4.96
3.90
10.81
16.21
20.53
23.94
26.42
27.94
28.61
28.80
28.94
29.37
30.25
31.57
33.24
35.14
37.23
39.50
41.98
44.66
47.38
49.74
51.14
50.96
48.87
45.03
40.14
35.13
30.72
27.11
23.82
19.98
14.72
7.62
-1.07
-10.48
-19.41
-26.62
-31.12
-32.41
-30.55
-26.05
-19.69
-12.40
-4.98
1.87
7.66
12.07
15.02
16.59
17.05
16.72
15.83
14.50
12.74
10.51
7.77
4.48
0.61
-3.88
-8.94
-14.28
-19.35
-23.44
-26.01
-26.87
-26.39
-25.28
-24.26
-23.81
-23.94
-24.34
-24.72
-24.98
-25.38
-26.47
-28.88
-33.03
-39.02
-46.51
-54.69
-62.46
-68.60
-72.04
-72.21
-69.09
-63.14
-55.12
-45.85
-36.05
-26.32
-17.18
-9.17
-2.67
2.10
5.21
7.00
7.96
8.52
8.97
9.43
9.94
10.50
11.17
12.01
13.07
14.27
15.43
16.31
16.60
16.12
14.74
12.55
9.67
6.36
2.88
-0.52
-3.80
-7.09
-10.75
-15.22
-20.72
-27.16
-33.97
-40.24
-44.84
-46.82
-45.59
-40.99
-33.36
-23.37
-11.95
-0.09
11.35
21.66
30.41
37.39
42.55
45.92
47.54
47.47
45.88
43.11
39.62
36.01
32.80
30.28
28.41
26.93
25.46
23.73
21.65
19.24
16.52
13.40
9.78
5.64
1.17
-3.24
-7.26
-10.77
-14.08
-17.76
-22.37
-28.17
-34.96
-42.11
-48.77
-54.06
-57.21
-57.65
-55.06
-49.45
-41.27
-31.26
-20.41
-9.69
0.09
8.46
15.25
20.54
24.50
27.35
29.24
30.31
30.71
30.59
30.16
29.58
28.98
28.38
27.72
26.92
25.94
24.71
23.14
21.03
18.07
14.11
9.25
3.95
-1.20
-5.78
-9.78
-13.63
-17.97
-23.29
-29.68
-36.69
-43.43
-48.71
-51.32
-50.28
-45.20
-36.51
-25.40
-13.60
-2.75
5.98
12.34
16.72
19.84
22.22
23.92
24.68
24.22
22.54
20.09
17.59
15.80
15.14
15.63
16.86
18.31
19.54
20.29
20.46
19.93
18.42
15.62
11.46
6.27
0.70
-4.53
-9.07
-13.17
-17.57
-23.25
-30.85
-40.31
-50.74
-60.60
-68.08
-71.62
-70.36
-64.38
-54.65
-42.71
-30.24
-18.54
-8.33
0.21
7.16
12.64
16.70
19.39
20.97
21.80
22.31
22.79
23.34
23.87
24.31
24.65
24.99
25.37
25.67
25.57
24.68
22.72
19.62
15.53
10.71
5.47
0.08
-5.22
-10.27
-15.05
-19.80
-24.97
-31.08
-38.40
-46.62
-54.77
-61.33
-64.74
-63.82
-58.18
-48.32
-35.46
-21.13
-6.81
6.36
17.73
27.11
34.59
40.46
45.04
48.69
51.72
54.39
56.86
59.16
61.27
63.05
64.33
64.89
64.54
63.14
60.63
57.09
52.68
47.65
42.23
36.65
31.05
25.48
19.92
14.25
8.33
1.99
-4.85
-12.28
-20.32
-29.03
-38.35
-48.01
-57.34
-65.19
-70.16
-71.05
-67.40
-59.78
-49.66
-38.81
-28.66
-19.81
-12.09
-5.00
1.71
7.76
12.50
15.29
15.97
15.06
13.54
12.44
12.45
13.65
15.67
17.89
19.69
20.68
20.80
20.30
19.52
18.80
18.21
17.62
16.73
15.35
13.53
11.59
9.92
8.71
7.79
6.68
4.81
1.88
-1.84
-5.57
-8.24
-8.93
-7.23
-3.31
2.17
8.42
14.85
21.09
26.93
32.16
36.39
39.23
40.41
40.09
38.78
37.24
36.07
35.57
35.68
36.12
36.61
36.95
36.90
36.07
33.85
29.57
22.89
14.00
3.75
-6.72
-16.34
-24.54
-31.38
-37.27
-42.69
-47.88
-52.84
-57.60
-62.39
-67.63
-73.67
-80.38
-86.90
-91.84
-93.58
-91.02
-83.84
-72.68
-58.86
-44.01
-29.61
-16.72
-5.93
2.64
9.10
13.74
16.86
18.79
19.83
20.28
20.44
20.63
21.10
21.95
23.12
24.34
25.25
25.61
25.32
24.51
23.41
22.12
20.54
18.37
15.37
11.51
7.14
2.82
-1.00
-4.26
-7.39
-11.08
-15.96
-22.24
-29.59
-37.16
-43.86
-48.59
-50.37
-48.61
-43.13
-34.29
-23.02
-10.66
1.36
11.87
20.20
26.27
30.43
33.18
34.91
35.92
36.47
36.82
37.29
38.08
39.11
39.99
40.13
39.06
36.74
33.61
30.40
27.73
25.82
24.42
22.97
20.93
18.05
14.34
10.05
5.43
0.60
-4.37
-9.43
-14.50
-19.52
-24.55
-29.75
-35.25
-40.85
-46.01
-49.78
-51.15
-49.37
-44.26
-36.33
-26.59
-16.26
-6.41
2.29
9.62
15.62
20.43
24.10
26.55
27.68
27.50
26.18
24.10
21.71
19.41
17.49
16.12
15.43
15.39
15.87
16.53
16.91
16.54
15.13
12.68
9.46
5.83
2.10
-1.67
-5.57
-9.77
-14.42
-19.63
-25.49
-31.99
-38.81
-45.25
-50.15
-52.25
-50.64
-45.17
-36.60
-26.36
-15.99
-6.62
1.25
7.73
13.14
17.77
21.69
24.79
26.96
28.15
28.45
28.05
27.22
26.30
25.65
25.59
26.29
27.64
29.26
30.54
30.85
29.78
27.31
23.79
19.62
15.14
10.43
5.39
-0.06
-5.87
-11.91
-18.18
-24.86
-32.12
-39.83
-47.15
-52.62
-54.65
-52.21
-45.43
-35.54
-24.33
-13.36
-3.43
5.38
13.37
20.69
27.15
32.33
35.91
37.89
38.62
38.61
38.32
37.92
37.30
36.17
34.23
31.39
27.83
23.99
20.32
17.13
14.35
11.61
8.53
4.93
0.97
-2.96
-6.52
-9.68
-12.74
-16.11
-20.11
-24.77
-29.89
-35.24
-40.62
-45.89
-50.78
-54.74
-56.90
-56.36
-52.49
-45.30
-35.50
-24.28
-12.98
-2.59
6.41
14.07
20.66
26.35
30.94
33.98
35.04
34.03
31.44
28.22
25.49
24.16
24.67
26.87
30.17
33.86
37.30
40.08
41.99
42.91
42.77
41.48
38.96
35.18
30.23
24.22
17.38
9.87
1.90
-6.42
-14.89
-23.32
-31.55
-39.51
-47.30
-55.05
-62.78
-70.16
-76.48
-80.76
-82.06
-79.83
-74.11
-65.53
-55.08
-43.84
-32.79
-22.66
-13.92
-6.73
-1.04
3.32
6.59
8.95
10.48
11.25
11.37
11.09
10.72
10.47
10.48
10.69
10.98
11.31
11.71
12.28
13.00
13.61
13.65
12.72
10.62
7.53
3.94
0.33
-3.06
-6.32
-9.88
-14.30
-19.97
-27.00
-35.02
-43.27
-50.63
-55.83
-57.79
-55.86
-50.10
-41.28
-30.69
-19.73
-9.49
-0.61
6.77
12.72
17.33
20.61
22.49
23.00
22.40
21.14
19.72
18.53
17.68
17.04
16.35
15.46
14.34
13.17
12.12
11.27
10.42
9.31
7.64
5.28
2.34
-1.02
-4.64
-8.56
-12.94
-17.98
-23.77
-30.20
-36.89
-43.24
-48.51
-51.87
-52.48
-49.72
-43.33
-33.73
-21.89
-9.26
2.67
12.79
20.49
25.83
29.18
31.03
31.80
31.77
31.13
30.10
28.88
27.62
26.43
25.27
24.14
23.04
22.04
21.17
20.34
19.31
17.75
15.43
12.34
8.70
4.84
1.01
-2.79
-6.70
-11.00
-15.95
-21.78
-28.59
-36.28
-44.34
-51.80
-57.29
-59.41
-57.23
-50.69
-40.61
-28.48
-15.92
-4.17
6.06
14.62
21.66
27.39
31.87
35.01
36.65
36.66
35.19
32.65
29.73
27.14
25.42
24.69
24.74
25.05
25.13
24.58
23.26
21.13
18.22
14.58
10.28
5.48
0.42
-4.61
-9.50
-14.30
-19.36
-25.01
-31.44
-38.36
-44.95
-49.99
-52.15
-50.41
-44.36
-34.40
-21.63
-7.55
6.28
18.65
28.87
36.82
42.76
47.04
49.92
51.46
51.64
50.44
48.02
44.66
40.68
36.30
31.64
26.71
21.50
16.09
10.61
5.31
0.36
-4.18
-8.45
-12.79
-17.50
-22.74
-28.38
-34.00
-39.15
-43.67
-47.86
-52.28
-57.42
-63.22
-68.83
-72.84
-73.76
-70.65
-63.44
-52.87
-40.17
-26.62
-13.19
-0.50
11.07
21.29
29.89
36.57
41.08
43.33
43.47
42.01
39.72
37.43
35.81
35.13
35.25
35.78
36.23
36.24
35.62
34.32
32.38
29.87
26.85
23.38
19.49
15.17
10.39
5.21
-0.29
-5.94
-11.49
-16.49
-20.43
-22.62
-22.37
-19.16
-12.87
-3.99
6.46
17.12
26.66
34.13
39.10
41.67
42.27
41.45
39.71
37.37
34.57
31.32
27.68
23.80
19.98
16.55
13.70
11.39
9.36
7.26
4.83
2.09
-0.85
-3.87
-7.05
-10.63
-14.86
-19.80
-25.24
-30.91
-36.65
-42.66
-49.45
-57.48
-66.75
-76.56
-85.52
-92.05
-94.86
-93.42
-87.96
-79.30
-68.52
-56.55
-44.13
-31.85
-20.30
-10.01
-1.53
4.83
9.08
11.55
12.80
13.37
13.74
14.26
15.18
16.77
19.14
22.17
25.41
28.15
29.63
29.34
27.23
23.70
19.36
14.73
10.10
5.47
0.71
-4.32
-9.77
-15.82
-22.71
-30.51
-38.85
-46.75
-52.66
-54.91
-52.39
-44.98
-33.64
-20.15
-6.35
6.26
16.99
25.70
32.60
37.97
41.92
44.51
45.80
45.96
45.37
44.40
43.42
42.53
41.65
40.55
39.12
37.44
35.81
34.53
33.70
33.02
31.85
29.55
25.82
20.88
15.38
10.05
5.28
1.00
-3.27
-8.12
-13.99
-21.00
-28.95
-37.25
-45.01
-51.06
-54.15
-53.32
-48.18
-39.17
-27.43
-14.48
-1.75
9.75
19.48
27.30
33.25
37.39
39.85
40.82
40.66
39.91
39.20
39.06
39.74
41.15
42.91
44.46
45.33
45.34
44.63
43.59
42.56
41.67
40.70
39.20
36.75
33.19
28.73
23.88
19.21
15.08
11.47
8.01
4.14
-0.61
-6.45
-13.20
-20.29
-26.74
-31.35
-33.01
-30.96
-25.16
-16.31
-5.58
5.82
16.95
27.41
37.03
45.60
52.72
57.83
60.52
60.78
59.17
56.53
53.71
51.28
49.42
48.12
47.30
46.96
47.11
47.61
48.04
47.70
45.87
42.13
36.56
29.73
22.45
15.38
8.76
2.36
-4.33
-11.80
-20.24
-29.55
-39.40
-49.31
-58.63
-66.48
-71.68
-73.03
-69.71
-61.74
-50.10
-36.52
-22.85
-10.53
-0.23
8.03
14.53
19.51
23.08
25.33
26.54
27.24
28.13
29.73
32.11
34.90
37.41
38.98
39.28
38.46
36.95
35.26
33.70
32.21
30.40
27.86
24.25
19.55
14.06
8.18
2.29
-3.38
-8.80
-14.09
-19.42
-24.96
-30.84
-37.07
-43.46
-49.62
-54.87
-58.49
-59.89
-58.91
-55.91
-51.71
-47.35
-43.75
-41.48
-40.63
-40.95
-42.08
-43.70
-45.71
-48.15
-51.12
-54.72
-58.91
-63.44
-67.87
-71.56
-73.93
-74.57
-73.47
-71.07
-68.14
-65.50
-63.87
-63.49
-64.25
-65.69
-67.26
-68.57
-69.54
-70.35
-71.43
-73.26
-76.25
-80.62
-86.13
-92.08
-97.16
-99.68
-98.02
-91.10
-78.95
-62.67
-44.14
-25.42
-8.11
6.89
19.38
29.50
37.46
43.44
47.62
50.27
51.80
52.67
53.24
53.75
54.26
54.67
54.84
54.55
53.56
51.66
48.72
44.70
39.60
33.50
26.46
18.59
10.14
1.54
-6.63
-13.89
-20.08
-25.48
-30.77
-36.83
-44.34
-53.49
-63.70
-73.60
-81.34
-85.05
-83.41
-76.11
-63.96
-48.62
-32.18
-16.44
-2.59
9.00
18.55
26.43
32.79
37.45
40.01
40.24
38.39
35.22
31.86
29.28
27.98
27.80
28.18
28.54
28.60
28.46
28.35
28.43
28.51
28.18
26.98
24.68
21.41
17.51
13.33
9.04
4.54
-0.31
-5.55
-10.80
-15.26
-17.90
-17.75
-14.30
-7.64
1.56
12.31
23.59
34.60
44.75
53.70
61.29
67.51
72.47
76.36
79.36
81.50
82.64
82.49
80.84
77.64
73.10
67.62
61.56
55.17
48.50
41.47
34.06
26.40
18.83
11.80
5.61
0.27
-4.54
-9.29
-14.41
-20.03
-25.94
-31.64
-36.46
-39.79
-41.09
-40.04
-36.52
-30.71
-23.13
-14.53
-5.71
2.70
10.37
17.24
23.41
28.90
33.54
37.04
39.01
39.19
37.67
34.99
32.20
30.73
32.07
37.34
46.91
60.19
75.72
91.56
105.69
116.45
122.76
124.15
120.67
112.73
100.94
86.04
68.83
50.19
31.06
12.42
-4.72
-19.36
-30.72
-38.34
-42.26
-43.16
-42.35
-41.64
-42.97
-47.80
-56.62
-68.70
-82.47
-96.12
-108.25
-118.28
-126.17
-132.05
-135.92
-137.55
-136.79
-133.87
-129.56
-124.90
-120.94
-118.32
-117.16
-117.26
-118.33
-120.24
-123.08
-127.26
-133.40
-142.18
-154.00
-168.66
-185.01
-201.10
-214.62
-223.62
-227.03
-224.53
-216.44
-203.20
-185.12
-162.45
-135.82
-106.67
-77.26
-50.14
-27.06
-8.58
5.96
17.71
27.72
36.49
43.98
50.02
54.55
58.14
61.33
64.11
65.94
65.99
63.77
59.25
52.71
44.35
35.35
26.48
17.83
9.03
0.05
-8.16
-13.86
-15.34
-11.66
-0.45
19.00
44.81
72.73
98.02
117.70
131.34
140.49
147.51
158.52
177.76
205.58
238.34
271.15
300.97
327.34
351.25
373.63
399.85
433.57
474.84
520.01
564.26
604.33
638.87
667.36
655.93
583.79
453.14
291.24
132.03
-3.22
-109.39
-190.69
-253.10
-300.97
-331.52
-342.79
-337.71
-324.99
-315.56
-316.93
-330.15
-350.02
-367.56
-369.30
-346.00
-297.44
-233.16
-168.54
-117.75
-88.46
-80.25
-86.26
-93.96
-92.09
-75.80
-44.85
-3.77
40.41
79.58
106.00
113.67
101.48
72.79
34.29
-5.77
-40.16
-64.01
-75.49
-75.60
-67.79
-56.72
-47.88
-46.59
-56.22
-77.07
-105.62
-135.62
-160.56
-176.32
-182.52
-182.00
-178.81
-175.80
-173.62
-170.81
-165.28
-155.52
-141.70
-125.36
-108.39
-92.16
-76.88
-61.96
-46.69
-30.97
-15.59
-2.08
8.06
13.91
15.46
13.43
8.70
1.86
-6.94
-17.87
-31.38
-47.93
-67.83
-90.69
-115.05
-138.21
-156.66
-167.20
-168.06
-159.76
-144.75
-126.41
-107.48
-89.19
-71.36
-53.20
-34.32
-15.18
3.28
20.47
36.75
53.47
72.36
94.83
121.41
151.42
183.01
213.51
240.04
260.19
272.70
277.71
276.47
270.72
261.92
250.86
237.83
223.09
207.28
191.63
177.55
166.05
157.26
150.29
143.54
135.27
124.25
110.18
93.87
77.03
61.59
48.99
39.52
32.21
25.32
17.14
6.86
-5.03
-16.87
-26.64
-32.64
-34.09
-31.21
-24.79
-15.90
-5.46
5.65
16.59
26.56
35.00
41.89
47.88
54.06
61.39
70.12
79.38
87.43
92.19
92.07
86.51
76.13
62.42
47.17
32.02
18.02
5.65
-5.13
-14.64
-23.38
-31.85
-40.52
-49.60
-58.94
-67.88
-75.42
-80.49
-82.41
-81.25
-77.84
-73.52
-69.58
-66.82
-65.31
-64.39
-63.07
-60.34
-55.47
-48.21
-38.84
-28.05
-16.78
-5.95
3.74
11.98
18.79
24.41
29.05
32.71
35.29
36.60
36.63
35.66
34.25
33.05
32.52
32.73
33.42
34.19
34.77
35.10
35.29
35.37
35.26
34.69
33.41
31.39
28.72
25.58
22.00
17.84
12.98
7.41
1.38
-4.79
-10.93
-17.15
-23.75
-30.96
-38.60
-46.07
-52.43
-56.82
-58.65
-57.69
-53.96
-47.63
-38.94
-28.31
-16.39
-4.10
7.63
18.02
26.67
33.52
38.69
42.19
43.86
43.50
41.12
37.20
32.64
28.53
25.65
24.20
23.77
23.54
22.69
20.72
17.61
13.62
9.13
4.32
-0.82
-6.49
-12.88
-20.12
-28.11
-36.67
-45.48
-54.24
-62.72
-70.80
-78.39
-85.54
-92.30
-98.80
-104.98
-110.52
-114.73
-116.65
-115.38
-110.46
-102.17
-91.45
-79.54
-67.62
-56.40
-46.18
-37.02
-29.11
-22.93
-19.08
-17.96
-19.46
-22.71
-26.28
-28.40
-27.56
-22.75
-13.76
-1.20
13.79
29.73
45.15
58.78
69.65
77.12
80.91
81.09
78.13
72.89
66.50
60.12
54.62
50.33
46.91
43.59
39.43
33.83
26.76
18.85
11.17
4.94
1.03
-0.11
1.32
4.81
9.66
15.26
21.06
26.58
31.40
35.10
37.39
38.21
37.80
36.59
35.04
33.47
31.95
30.34
28.45
26.17
23.54
20.77
18.14
15.92
14.28
13.16
12.31
11.30
9.68
7.17
3.78
-0.22
-4.40
-8.39
-12.07
-15.57
-19.19
-23.24
-27.86
-32.95
-38.17
-42.93
-46.49
-48.10
-47.18
-43.54
-37.46
-29.66
-21.12
-12.80
-5.45
0.51
4.92
7.85
9.50
10.12
10.05
9.62
9.05
8.40
7.64
6.70
5.61
4.46
3.44
2.64
2.10
1.75
1.45
1.11
0.64
-0.09
-1.20
-2.85
-5.08
-7.81
-10.82
-13.83
-16.72
-19.65
-22.98
-27.11
-32.14
-37.66
-42.70
-46.03
-46.57
-43.76
-37.83
-29.70
-20.63
-11.89
-4.38
1.46
5.67
8.60
10.80
12.75
14.77
16.94
19.08
20.95
22.43
23.61
24.84
26.50
28.84
31.79
35.06
38.23
40.87
42.62
43.18
42.26
39.62
35.22
29.33
22.58
15.73
9.39
3.75
-1.53
-7.11
-13.65
-21.32
-29.60
-37.33
-43.16
-46.00
-45.51
-42.10
-36.70
-30.41
-24.08
-18.24
-13.20
-9.23
-6.62
-5.62
-6.27
-8.31
-11.22
-14.39
-17.24
-19.33
-20.35
-20.19
-18.90
-16.76
-14.29
-12.07
-10.60
-10.12
-10.53
-11.52
-12.72
-13.92
-15.17
-16.75
-19.09
-22.52
-27.15
-32.72
-38.61
-43.89
-47.47
-48.42
-46.20
-40.87
-33.12
-24.07
-14.99
-6.89
-0.30
4.75
8.48
11.13
12.78
13.28
12.56
10.70
8.06
5.08
2.11
-0.69
-3.31
-5.66
-7.56
-8.78
-9.22
-9.13
-9.01
-9.43
-10.72
-12.81
-15.41
-18.17
-20.97
-23.94
-27.38
-31.50
-36.24
-41.21
-45.70
-48.94
-50.16
-48.82
-44.76
-38.31
-30.22
-21.55
-13.29
-6.09
-0.22
4.41
7.95
10.41
11.54
11.14
9.21
6.24
3.10
0.77
-0.12
0.47
1.94
3.43
4.20
3.96
2.86
1.23
-0.69
-2.97
-5.86
-9.59
-14.18
-19.44
-25.11
-31.13
-37.63
-44.73
-52.16
-59.05
-64.01
-65.53
-62.59
-55.09
-43.97
-30.87
-17.57
-5.53
4.42
12.14
17.87
22.02
24.84
26.38
26.56
25.40
23.15
20.43
17.92
16.18
15.37
15.13
14.84
13.86
11.92
9.16
6.06
3.13
0.59
-1.64
-3.93
-6.67
-10.15
-14.48
-19.67
-25.69
-32.49
-39.83
-47.15
-53.46
-57.50
-58.06
-54.48
-46.89
-36.31
-24.25
-12.32
-1.73
6.99
13.85
19.24
23.48
26.68
28.64
29.08
27.88
25.33
22.11
19.11
17.02
16.10
16.07
16.31
16.18
15.29
13.64
11.46
8.98
6.24
3.09
-0.64
-4.99
-9.81
-14.94
-20.39
-26.34
-32.94
-39.91
-46.37
-50.97
-52.35
-49.69
-43.06
-33.36
-21.92
-10.06
1.24
11.32
19.73
26.17
30.46
32.61
32.93
31.94
30.27
28.46
26.97
26.08
25.95
26.57
27.74
29.12
30.29
30.95
30.90
30.06
28.39
25.83
22.34
17.89
12.53
6.36
-0.53
-8.04
-15.98
-23.87
-30.97
-36.26
-38.70
-37.56
-32.65
-24.47
-14.08
-2.82
8.02
17.48
25.09
30.76
34.65
36.99
37.94
37.58
36.15
34.04
31.87
30.22
29.40
29.28
29.37
29.13
28.22
26.62
24.58
22.38
20.13
17.72
14.95
11.73
8.02
3.81
-1.07
-7.00
-14.29
-22.79
-31.63
-39.24
-43.79
-43.86
-39.02
-30.04
-18.62
-6.67
4.30
13.54
21.07
27.28
32.43
36.53
39.27
40.34
39.69
37.65
34.85
31.95
29.42
27.44
25.92
24.66
23.47
22.23
20.85
19.25
17.31
14.95
12.14
8.93
5.37
1.48
-2.86
-7.85
-13.65
-20.32
-27.63
-35.03
-41.63
-46.37
-48.18
-46.27
-40.40
-30.99
-19.08
-6.00
6.93
18.66
28.56
36.37
42.06
45.79
47.84
48.62
48.67
48.51
48.61
49.21
50.30
51.73
53.24
54.61
55.63
56.11
55.84
54.55
51.99
48.04
42.82
36.73
30.34
24.14
18.43
13.14
7.99
2.56
-3.45
-10.19
-17.58
-25.30
-32.68
-38.75
-42.42
-42.73
-39.29
-32.45
-23.34
-13.43
-4.11
3.76
9.90
14.51
17.91
20.36
22.00
22.92
23.25
23.20
22.91
22.54
22.17
21.84
21.65
21.68
21.94
22.29
22.52
22.42
21.92
21.06
19.98
18.78
17.35
15.46
12.85
9.44
5.40
1.12
-2.99
-6.64
-9.78
-12.63
-15.51
-18.78
-22.64
-27.19
-32.29
-37.56
-42.44
-46.13
-47.87
-47.07
-43.55
-37.65
-30.19
-22.19
-14.54
-7.82
-2.21
2.41
6.22
9.26
11.48
12.79
13.25
13.12
12.85
12.82
13.24
14.02
14.90
15.63
16.20
16.79
17.63
18.81
20.11
21.08
21.18
20.10
17.82
14.54
10.63
6.38
2.01
-2.29
-6.31
-9.85
-12.74
-15.04
-17.07
-19.40
-22.59
-26.91
-32.09
-37.33
-41.53
-43.66
-43.10
-39.87
-34.50
-27.77
-20.47
-13.23
-6.53
-0.70
3.98
7.42
9.72
11.08
11.81
12.05
11.87
11.21
10.12
8.78
7.53
6.71
6.56
7.06
8.04
9.25
10.40
11.14
11.17
10.16
7.98
4.79
1.06
-2.52
-5.32
-7.01
-7.69
-7.83
-8.09
-9.03
-11.04
-14.10
-17.92
-21.87
-25.15
-26.87
-26.34
-23.20
-17.64
-10.30
-2.11
5.95
13.12
18.97
23.42
26.57
28.54
29.36
28.98
27.36
24.59
21.00
17.04
13.22
9.86
7.07
4.72
2.64
0.71
-1.08
-2.60
-3.78
-4.71
-5.67
-6.98
-8.88
-11.40
-14.31
-17.32
-20.22
-23.02
-25.84
-28.85
-32.12
-35.60
-39.28
-43.21
-47.51
-52.13
-56.63
-60.16
-61.70
-60.34
-55.86
-48.70
-39.90
-30.65
-21.94
-14.34
-8.03
-2.95
0.97
3.77
5.46
6.19
6.32
6.34
6.81
8.01
9.92
12.14
14.19
15.66
16.52
16.98
17.38
17.91
18.57
19.07
19.09
18.38
16.88
14.75
12.16
9.34
6.45
3.59
0.80
-1.92
-4.66
-7.58
-10.86
-14.59
-18.56
-22.20
-24.63
-24.97
-22.64
-17.61
-10.46
-2.15
6.27
13.95
20.35
25.18
28.32
29.77
29.71
28.51
26.72
24.83
23.18
21.80
20.51
19.15
17.65
16.11
14.73
13.66
12.82
12.03
10.98
9.45
7.35
4.78
1.96
-0.93
-3.76
-6.54
-9.45
-12.73
-16.58
-21.07
-26.05
-31.23
-36.22
-40.53
-43.72
-45.37
-45.16
-42.86
-38.44
-32.06
-24.22
-15.69
-7.33
0.07
6.08
10.68
14.19
16.98
19.21
20.75
21.29
20.59
18.70
16.04
13.24
10.94
9.50
9.02
9.28
9.93
10.54
10.62
9.78
7.78
4.65
0.67
-3.68
-7.99
-12.05
-15.95
-19.96
-24.48
-29.72
-35.68
-42.00
-47.92
-52.45
-54.43
-52.91
-47.48
-38.45
-26.81
-14.00
-1.42
9.85
19.36
27.10
33.30
38.24
42.07
44.88
46.79
48.02
48.85
49.51
50.14
50.77
51.38
52.02
52.78
53.81
55.16
56.68
58.01
58.61
57.96
55.68
51.65
45.98
39.03
31.30
23.35
15.61
8.23
0.97
-6.60
-14.84
-23.60
-32.06
-38.86
-42.54
-42.18
-37.68
-29.85
-20.02
-9.51
0.64
9.84
17.78
24.28
29.26
32.72
34.90
36.27
37.41
38.86
40.90
43.46
46.13
48.36
49.59
49.56
48.34
46.30
43.97
41.74
39.68
37.50
34.63
30.45
24.69
17.48
9.48
1.64
-5.15
-10.34
-13.95
-16.47
-18.68
-21.29
-24.70
-28.81
-33.02
-36.40
-37.97
-37.02
-33.45
-27.78
-21.04
-14.37
-8.55
-3.87
-0.14
3.04
5.88
8.32
10.07
10.87
10.61
9.45
7.61
5.23
2.27
-1.45
-6.05
-11.40
-17.02
-22.21
-26.31
-28.94
-30.10
-30.11
-29.45
-28.57
-27.72
-27.07
-26.77
-26.98
-27.86
-29.50
-31.82
-34.69
-37.99
-41.68
-45.76
-50.10
-54.40
-58.10
-60.55
-61.15
-59.53
-55.64
-49.80
-42.62
-34.88
-27.43
-20.96
-15.88
-12.24
-9.83
-8.28
-7.29
-6.72
-6.49
-6.50
-6.52
-6.22
-5.30
-3.62
-1.30
1.29
3.67
5.41
6.28
6.20
5.25
3.57
1.30
-1.48
-4.66
-8.12
-11.75
-15.39
-18.97
-22.54
-26.29
-30.42
-34.93
-39.41
-42.98
-44.54
-43.14
-38.37
-30.61
-20.95
-10.75
-1.28
6.64
12.69
16.94
19.64
21.07
21.46
21.00
19.87
18.25
16.34
14.35
12.54
11.14
10.41
10.44
11.11
12.05
12.75
12.73
11.70
9.72
7.07
4.12
1.09
-2.04
-5.46
-9.35
-13.74
-18.52
-23.55
-28.78
-34.11
-39.27
-43.61
-46.07
-45.54
-41.31
-33.43
-22.88
-11.27
-0.27
8.91
15.79
20.51
23.52
25.22
25.81
25.40
24.12
22.35
20.57
19.20
18.47
18.21
18.14
17.99
17.70
17.42
17.23
17.02
16.44
15.07
12.66
9.31
5.46
1.61
-1.92
-5.08
-8.17
-11.59
-15.69
-20.65
-26.48
-33.03
-39.96
-46.70
-52.37
-55.89
-56.30
-53.06
-46.33
-36.99
-26.37
-15.85
-6.48
1.27
7.44
12.38
16.44
19.79
22.37
24.03
24.72
24.66
24.30
24.16
24.57
25.52
26.63
27.45
27.61
27.03
25.91
24.59
23.32
22.11
20.74
18.83
16.07
12.34
7.86
3.05
-1.58
-5.67
-9.14
-12.28
-15.57
-19.51
-24.40
-30.34
-37.09
-44.13
-50.66
-55.59
-57.76
-56.13
-50.30
-40.68
-28.54
-15.57
-3.42
6.80
14.76
20.72
25.23
28.71
31.31
32.99
33.74
33.74
33.43
33.29
33.65
34.55
35.71
36.75
37.40
37.56
37.35
36.87
36.17
35.12
33.52
31.21
28.18
24.58
20.60
16.42
12.09
7.68
3.25
-1.05
-5.05
-8.61
-11.75
-14.62
-17.54
-20.92
-25.24
-30.84
-37.73
-45.32
-52.41
-57.43
-58.88
-55.90
-48.61
-38.12
-26.03
-13.94
-2.99
6.34
13.97
20.08
24.75
28.00
29.85
30.43
30.06
29.20
28.31
27.69
27.42
27.42
27.52
27.58
27.59
27.61
27.69
27.80
27.72
27.18
25.86
23.60
20.43
16.53
12.19
7.67
3.19
-1.10
-5.08
-8.73
-12.10
-15.42
-19.08
-23.45
-28.75
-34.76
-40.72
-45.43
-47.59
-46.24
-41.07
-32.50
-21.51
-9.31
2.90
14.15
23.72
31.23
36.55
39.79
41.22
41.21
40.13
38.25
35.87
33.28
30.86
28.98
27.88
27.51
27.50
27.26
26.31
24.47
21.88
18.92
15.85
12.68
9.14
4.94
0.04
-5.23
-10.28
-14.58
-18.02
-21.00
-24.26
-28.54
-34.25
-41.24
-48.72
-55.48
-60.08
-61.26
-58.33
-51.40
-41.36
-29.61
-17.59
-6.30
3.69
12.18
19.03
23.98
26.82
27.58
26.73
25.11
23.56
22.61
22.28
22.20
22.00
21.47
20.75
20.10
19.75
19.71
19.79
19.67
19.08
17.78
15.68
12.70
8.91
4.52
-0.05
-4.39
-8.15
-11.30
-14.19
-17.36
-21.43
-26.75
-33.33
-40.70
-48.03
-54.20
-58.04
-58.61
-55.42
-48.64
-38.98
-27.60
-15.76
-4.54
5.30
13.40
19.70
24.32
27.47
29.40
30.30
30.39
30.00
29.50
29.35
29.87
31.13
32.81
34.38
35.23
34.97
33.59
31.43
29.02
26.77
24.76
22.76
20.33
17.08
12.88
8.01
2.92
-1.88
-6.10
-9.78
-13.09
-16.28
-19.55
-23.10
-27.22
-32.35
-38.73
-46.15
-53.67
-59.64
-62.28
-60.29
-53.41
-42.55
-29.43
-15.92
-3.47
7.12
15.67
22.29
27.25
30.73
32.89
33.91
34.03
33.51
32.64
31.72
31.01
30.72
30.91
31.46
32.12
32.60
32.68
32.34
31.64
30.66
29.32
27.46
24.90
21.53
17.47
13.00
8.41
3.94
-0.33
-4.46
-8.48
-12.43
-16.27
-20.09
-24.15
-28.90
-34.72
-41.69
-49.21
-56.05
-60.55
-61.18
-57.18
-48.84
-37.46
-24.87
-12.76
-2.22
6.38
13.12
18.25
21.85
23.88
24.40
23.73
22.41
21.10
20.20
19.78
19.64
19.50
19.27
19.05
19.10
19.54
20.32
21.13
21.49
20.97
19.25
16.23
12.09
7.30
2.45
-1.91
-5.53
-8.60
-11.66
-15.39
-20.23
-26.25
-32.90
-39.25
-44.20
-46.71
-46.12
-42.24
-35.43
-26.49
-16.49
-6.46
2.76
10.64
16.88
21.36
24.04
25.02
24.54
23.02
20.96
18.83
16.99
15.65
14.92
14.83
15.35
16.37
17.67
18.93
19.72
19.65
18.42
15.89
12.13
7.43
2.27
-2.86
-7.52
-11.59
-15.23
-18.96
-23.39
-29.06
-36.19
-44.45
-52.95
-60.29
-64.89
-65.38
-61.08
-52.31
-40.27
-26.78
-13.68
-2.31
6.82
13.82
19.21
23.44
26.64
28.72
29.51
29.12
27.95
26.58
25.46
24.73
24.26
23.75
23.09
22.43
22.12
22.39
23.18
23.97
23.98
22.50
19.18
14.22
8.19
1.87
-4.11
-9.43
-14.08
-18.25
-22.30
-26.57
-31.42
-37.09
-43.51
-50.18
-55.96
-59.41
-59.16
-54.54
-45.83
-34.25
-21.48
-9.04
2.11
11.74
19.96
26.93
32.61
36.84
39.52
40.82
41.16
41.01
40.71
40.37
39.96
39.43
38.89
38.52
38.47
38.72
39.02
38.90
37.89
35.60
31.85
26.66
20.25
12.98
5.35
-2.21
-9.32
-15.77
-21.61
-27.07
-32.48
-38.21
-44.49
-51.42
-58.79
-66.06
-72.22
-75.94
-75.83
-70.96
-61.38
-48.19
-33.33
-18.88
-6.34
3.72
11.58
17.90
23.19
27.55
30.73
32.51
32.96
32.54
31.93
31.68
32.01
32.74
33.47
33.80
33.55
32.83
31.92
31.08
30.36
29.53
28.18
25.93
22.66
18.51
13.86
9.08
4.39
-0.12
-4.53
-8.94
-13.50
-18.38
-23.79
-29.80
-36.18
-42.21
-46.78
-48.65
-46.97
-41.56
-33.06
-22.56
-11.24
0.00
10.71
20.74
30.00
38.29
45.17
50.15
52.84
53.18
51.49
48.42
44.70
40.93
37.36
33.95
30.45
26.60
22.30
17.60
12.63
7.48
2.18
-3.31
-8.92
-14.49
-19.76
-24.50
-28.68
-32.51
-36.49
-41.16
-46.91
-53.80
-61.33
-68.54
-74.18
-76.97
-75.98
-70.87
-61.95
-50.13
-36.65
-22.85
-9.82
1.71
11.42
19.24
25.27
29.58
32.24
33.34
33.10
31.85
30.07
28.22
26.77
25.96
25.94
26.66
27.92
29.46
30.97
32.18
32.78
32.51
31.12
28.51
24.77
20.29
15.70
11.68
8.63
6.50
4.68
2.29
-1.55
-7.37
-15.12
-24.12
-33.23
-41.05
-46.20
-47.64
-44.95
-38.47
-29.27
-18.84
-8.70
0.06
6.98
12.17
15.99
18.77
20.53
21.14
20.45
18.62
16.13
13.70
11.99
11.36
11.69
12.55
13.37
13.73
13.54
12.94
12.14
11.19
9.86
7.81
4.66
0.33
-4.99
-10.82
-16.68
-22.20
-27.20
-31.66
-35.67
-39.32
-42.79
-46.37
-50.30
-54.71
-59.28
-63.24
-65.43
-64.65
-60.15
-51.90
-40.66
-27.72
-14.51
-2.15
8.73
17.93
25.45
31.34
35.59
38.18
39.29
39.29
38.71
38.09
37.86
38.18
38.98
40.04
41.04
41.70
41.83
41.42
40.58
39.42
37.98
36.10
33.43
29.62
24.52
18.36
11.67
5.11
-0.88
-6.19
-11.15
-16.25
-21.95
-28.50
-35.86
-43.76
-51.58
-58.45
-63.15
-64.43
-61.34
-53.71
-42.34
-28.86
-15.24
-3.09
6.73
14.17
19.68
23.70
26.49
28.06
28.45
27.90
26.81
25.64
24.67
23.96
23.40
22.88
22.43
22.21
22.31
22.65
22.83
22.31
20.60
17.53
13.32
8.46
3.47
-1.38
-6.13
-11.06
-16.49
-22.58
-29.30
-36.45
-43.67
-50.39
-55.74
-58.61
-57.98
-53.25
-44.69
-33.40
-21.07
-9.32
0.71
8.62
14.55
18.82
21.60
22.97
22.95
21.85
20.17
18.57
17.55
17.32
17.79
18.71
19.88
21.23
22.74
24.22
25.36
25.71
24.92
22.85
19.60
15.43
10.58
5.21
-0.56
-6.61
-12.79
-19.11
-25.75
-33.13
-41.53
-50.81
-60.09
-67.77
-72.00
-71.36
-65.46
-55.06
-41.83
-27.65
-14.02
-1.75
8.99
18.31
26.28
32.78
37.57
40.53
41.80
41.80
41.13
40.38
40.00
40.18
40.89
41.88
42.83
43.54
43.92
44.06
44.06
43.81
43.02
41.29
38.40
34.41
29.77
25.04
20.63
16.60
12.54
7.73
1.45
-6.73
-16.65
-27.36
-37.27
-44.54
-47.50
-45.29
-38.09
-27.06
-14.03
-0.88
10.88
20.40
27.37
31.97
34.57
35.62
35.55
34.79
33.73
32.73
32.04
31.79
31.89
32.06
31.95
31.24
29.84
27.90
25.78
23.79
22.02
20.20
17.85
14.55
10.16
4.96
-0.52
-5.83
-10.80
-15.61
-20.70
-26.41
-32.90
-39.96
-47.19
-53.95
-59.49
-62.98
-63.59
-60.74
-54.35
-44.97
-33.68
-21.81
-10.61
-0.92
6.88
12.76
16.82
19.17
19.89
19.15
17.25
14.79
12.48
11.00
10.70
11.52
12.96
14.34
15.09
14.88
13.75
11.92
9.62
7.05
4.26
1.30
-1.80
-5.02
-8.39
-12.04
-16.24
-21.28
-27.35
-34.29
-41.45
-47.73
-51.75
-52.29
-48.73
-41.38
-31.35
-20.29
-9.80
-0.89
6.10
11.39
15.37
18.26
20.00
20.37
19.27
16.92
13.92
11.01
8.80
7.59
7.30
7.56
7.97
8.28
8.40
8.30
7.86
6.85
5.05
2.35
-1.06
-4.77
-8.40
-11.76
-15.01
-18.65
-23.20
-28.96
-35.70
-42.56
-48.33
-51.71
-51.63
-47.67
-40.06
-29.77
-18.18
-6.86
2.93
10.43
15.44
18.30
19.65
20.20
20.51
20.88
21.38
21.91
22.30
22.45
22.33
21.98
21.50
21.00
20.55
20.14
19.64
18.87
17.57
15.54
12.68
9.11
5.14
1.12
-2.66
-6.16
-9.59
-13.33
-17.75
-23.08
-29.21
-35.70
-41.82
-46.61
-49.14
-48.70
-44.99
-38.28
-29.34
-19.31
-9.31
-0.25
7.38
13.49
18.22
21.74
24.19
25.59
26.04
25.81
25.34
25.14
25.53
26.43
27.40
27.84
27.39
26.12
24.53
23.22
22.53
22.33
22.07
21.08
18.97
15.76
11.76
7.41
3.00
-1.36
-5.69
-10.00
-14.32
-18.71
-23.33
-28.41
-33.99
-39.70
-44.64
-47.64
-47.59
-43.99
-37.08
-27.83
-17.49
-7.23
2.13
10.23
16.92
22.17
25.91
28.12
28.94
28.69
27.86
26.89
26.12
25.63
25.37
25.15
24.82
24.31
23.57
22.70
21.82
21.10
20.63
20.34
19.94
18.95
16.93
13.62
9.22
4.25
-0.64
-4.91
-8.40
-11.28
-13.98
-17.00
-20.73
-25.29
-30.55
-36.03
-40.93
-44.29
-45.12
-42.81
-37.32
-29.29
-19.82
-10.18
-1.44
5.76
11.19
14.98
17.38
18.66
19.00
18.53
17.40
15.85
14.16
12.69
11.70
11.32
11.41
11.73
12.03
12.11
11.94
11.49
10.75
9.55
7.68
5.03
1.69
-2.01
-5.69
-9.11
-12.31
-15.54
-19.18
-23.50
-28.52
-33.93
-39.18
-43.49
-46.07
-46.25
-43.67
-38.40
-30.91
-21.94
-12.40
-3.15
5.16
12.02
17.10
20.24
21.51
21.20
19.85
18.12
16.60
15.64
15.22
15.03
14.70
14.01
13.08
12.30
12.08
12.55
13.40
14.00
13.62
11.88
8.80
4.84
0.63
-3.36
-6.97
-10.35
-13.87
-17.86
-22.59
-28.16
-34.52
-41.39
-48.26
-54.24
-58.25
-59.24
-56.52
-50.11
-40.80
-29.91
-18.85
-8.75
-0.17
6.82
12.40
16.80
20.11
22.36
23.60
24.03
23.87
23.43
22.92
22.48
22.19
22.06
22.08
22.15
22.13
21.93
21.51
20.87
19.98
18.71
16.76
13.85
9.83
4.86
-0.64
-6.11
-11.10
-15.50
-19.51
-23.66
-28.48
-34.32
-41.19
-48.70
-56.03
-62.16
-66.00
-66.68
-63.76
-57.42
-48.39
-37.82
-26.98
-16.98
-8.51
-1.83
3.16
6.69
9.07
10.54
11.31
11.57
11.48
11.17
10.72
10.13
9.37
8.36
7.08
5.63
4.11
2.64
1.23
-0.25
-1.97
-4.05
-6.40
-8.79
-10.92
-12.59
-13.85
-15.03
-16.55
-18.80
-21.95
-26.11
-31.32
-37.66
-45.07
-53.08
-60.66
-66.33
-68.55
-66.37
-59.80
-49.84
-38.06
-26.00
-14.60
-4.16
5.47
14.41
22.43
28.99
33.60
36.12
36.96
36.90
36.76
37.07
37.98
39.39
41.06
42.79
44.37
45.56
46.11
45.78
44.53
42.51
39.99
37.22
34.37
31.48
28.54
25.60
22.68
19.78
16.84
13.94
11.32
9.48
8.92
9.87
12.06
14.77
17.15
18.62
19.12
19.02
18.76
18.66
18.69
18.76
18.92
19.39
20.49
22.31
24.55
26.62
28.01
28.58
28.70
29.06
30.22
32.31
34.90
37.29
38.89
39.42
38.92
37.52
35.25
31.89
27.15
20.80
12.85
3.50
-6.91
-17.87
-28.71
-38.47
-45.96
-50.01
-49.80
-45.23
-36.95
-26.28
-14.82
-4.01
5.10
12.00
16.64
19.27
20.31
20.16
19.11
17.44
15.34
13.07
10.92
9.15
7.92
7.15
6.58
5.86
4.67
2.82
0.35
-2.61
-5.87
-9.29
-12.83
-16.54
-20.55
-25.06
-30.28
-36.34
-43.25
-50.70
-58.04
-64.26
-68.20
-68.77
-65.35
-58.05
-47.66
-35.54
-23.15
-11.69
-1.75
6.55
13.52
19.44
24.41
28.28
30.80
31.78
31.34
29.91
28.07
26.37
25.17
24.48
24.12
23.78
23.11
21.85
19.84
17.01
13.40
9.19
4.64
-0.01
-4.57
-9.09
-13.85
-19.21
-25.54
-32.88
-40.78
-48.26
-53.88
-56.22
-54.28
-47.87
-37.69
-25.15
-11.90
0.60
11.40
20.17
26.98
32.11
35.81
38.24
39.49
39.65
38.87
37.44
35.72
34.11
32.91
32.22
31.96
31.82
31.46
30.58
29.03
26.85
24.14
21.03
17.55
13.67
9.30
4.36
-1.17
-7.34
-14.15
-21.61
-29.54
-37.45
-44.47
-49.34
-50.79
-47.91
-40.60
-29.71
-16.80
-3.65
8.17
17.75
24.81
29.57
32.48
33.96
34.36
33.92
32.86
31.43
29.90
28.59
27.72
27.36
27.36
27.43
27.23
26.48
25.12
23.22
20.93
18.37
15.54
12.32
8.61
4.32
-0.57
-6.11
-12.44
-19.69
-27.80
-36.25
-43.98
-49.53
-51.47
-48.92
-41.94
-31.49
-19.14
-6.54
5.03
14.77
22.35
27.66
30.75
31.81
31.22
29.52
27.26
24.85
22.49
20.23
18.08
16.17
14.69
13.78
13.39
13.32
13.25
12.87
11.97
10.46
8.29
5.49
2.11
-1.71
-5.70
-9.59
-13.22
-16.74
-20.64
-25.52
-31.78
-39.26
-47.11
-53.84
-57.80
-57.74
-53.31
-45.11
-34.54
-23.21
-12.49
-3.17
4.53
10.74
15.72
19.63
22.52
24.46
25.59
26.12
26.24
26.10
25.70
25.00
24.06
23.04
22.21
21.84
22.00
22.56
23.13
23.19
22.33
20.26
16.99
12.77
8.08
3.40
-0.86
-4.49
-7.60
-10.49
-13.61
-17.39
-22.06
-27.64
-33.76
-39.67
-44.34
-46.65
-45.72
-41.26
-33.73
-24.29
-14.42
-5.43
1.90
7.48
11.71
15.09
17.98
20.43
22.28
23.42
23.84
23.76
23.46
23.16
22.97
22.81
22.54
22.03
21.30
20.46
19.66
18.97
18.32
17.48
16.15
14.12
11.35
7.99
4.26
0.40
-3.40
-7.02
-10.36
-13.32
-15.95
-18.48
-21.30
-24.79
-29.10
-33.89
-38.39
-41.58
-42.52
-40.69
-36.16
-29.48
-21.53
-13.24
-5.43
1.34
6.79
10.89
13.75
15.53
16.39
16.41
15.74
14.56
13.20
11.98
11.21
10.95
11.09
11.40
11.66
11.83
11.97
12.09
12.02
11.40
9.80
7.04
3.33
-0.78
-4.61
-7.68
-9.99
-11.88
-13.95
-16.69
-20.31
-24.64
-29.19
-33.19
-35.73
-35.98
-33.42
-28.08
-20.65
-12.24
-4.07
2.94
8.39
12.37
15.19
17.08
18.07
18.07
17.09
15.40
13.52
12.00
11.21
11.12
11.42
11.68
11.64
11.29
10.85
10.53
10.37
10.15
9.47
8.00
5.60
2.46
-1.11
-4.77
-8.28
-11.58
-14.79
-18.14
-21.91
-26.27
-31.11
-35.96
-39.98
-42.19
-41.80
-38.54
-32.75
-25.29
-17.21
-9.41
-2.50
3.26
7.77
10.99
12.89
13.59
13.35
12.58
11.73
11.03
10.46
9.75
8.60
6.80
4.46
1.94
-0.31
-1.92
-2.79
-3.14
-3.38
-4.00
-5.39
-7.63
-10.56
-13.92
-17.44
-21.09
-25.03
-29.56
-34.87
-40.96
-47.54
-54.14
-60.12
-64.78
-67.42
-67.43
-64.40
-58.25
-49.29
-38.33
-26.39
-14.61
-3.88
5.22
12.52
18.06
22.07
24.77
26.34
26.86
26.34
24.73
22.05
18.46
14.34
10.16
6.47
3.65
1.87
1.03
0.91
1.33
2.18
3.47
5.11
6.89
8.42
9.27
9.22
8.27
6.66
4.60
2.12
-1.03
-5.20
-10.52
-16.56
-22.32
-26.38
-27.44
-24.77
-18.55
-9.70
0.36
10.23
18.82
25.54
30.16
32.78
33.61
33.02
31.41
29.22
26.79
24.34
21.92
19.48
16.98
14.47
12.13
10.23
9.04
8.68
9.05
9.80
10.43
10.47
9.56
7.62
4.70
1.01
-3.25
-7.96
-13.09
-18.67
-24.65
-30.74
-36.29
-40.33
-41.72
-39.60
-33.79
-25.01
-14.66
-4.44
4.35
11.15
16.04
19.44
21.64
22.60
22.07
19.97
16.57
12.53
8.65
5.55
3.48
2.35
1.93
2.01
2.39
2.84
3.01
2.56
1.29
-0.70
-3.06
-5.38
-7.51
-9.59
-12.07
-15.47
-20.08
-25.80
-32.03
-37.79
-41.88
-43.17
-40.89
-34.85
-25.65
-14.48
-2.86
7.82
16.63
23.25
27.87
30.91
32.74
33.59
33.53
32.65
31.10
29.16
27.13
25.25
23.58
22.00
20.36
18.56
16.57
14.52
12.56
10.75
9.00
7.07
4.68
1.51
-2.64
-7.93
-14.40
-21.90
-30.06
-38.10
-44.95
-49.34
-50.26
-47.29
-40.82
-31.91
-21.93
-12.08
-3.07
4.79
11.42
16.67
20.23
21.81
21.44
19.60
17.12
14.83
13.23
12.35
11.85
11.32
10.52
9.39
8.10
6.76
5.44
4.13
2.70
1.03
-1.10
-4.03
-8.14
-13.74
-20.93
-29.42
-38.46
-46.93
-53.53
-57.07
-56.74
-52.32
-44.24
-33.44
-21.18
-8.73
2.86
12.89
20.96
26.96
30.96
33.07
33.49
32.48
30.47
27.97
25.54
23.56
22.14
21.07
19.96
18.47
16.50
14.18
11.76
9.39
6.97
4.18
0.62
-4.04
-9.92
-17.04
-25.25
-34.22
-43.29
-51.36
-57.01
-58.90
-56.20
-48.97
-38.19
-25.50
-12.64
-0.89
9.15
17.45
24.30
29.83
33.98
36.49
37.19
36.31
34.44
32.43
31.00
30.46
30.60
30.85
30.56
29.38
27.32
24.77
22.17
19.86
17.87
15.92
13.55
10.30
5.79
-0.20
-7.66
-16.38
-25.75
-34.79
-42.19
-46.53
-46.75
-42.43
-34.04
-22.83
-10.44
1.47
11.69
19.60
25.20
28.87
31.11
32.42
33.12
33.40
33.43
33.38
33.44
33.78
34.44
35.32
36.23
36.97
37.41
37.53
37.34
36.80
35.75
33.92
31.12
27.34
22.83
17.98
13.14
8.38
3.41
-2.29
-9.18
-17.24
-25.79
-33.56
-39.01
-40.85
-38.51
-32.17
-22.76
-11.56
0.07
10.95
20.21
27.37
32.27
35.08
36.19
36.07
35.14
33.78
32.24
30.76
29.60
29.02
29.13
29.87
30.93
31.85
32.20
31.66
30.14
27.77
24.73
21.25
17.45
13.46
9.33
5.13
0.95
-3.18
-7.31
-11.63
-16.31
-21.49
-26.98
-32.21
-36.29
-38.17
-37.07
-32.81
-25.87
-17.26
-8.18
0.29
7.50
13.10
17.07
19.42
20.27
19.78
18.27
16.16
13.90
11.91
10.42
9.55
9.27
9.45
9.95
10.54
10.98
11.06
10.63
9.63
8.07
5.97
3.35
0.32
-2.94
-6.15
-9.03
-11.50
-13.77
-16.31
-19.62
-23.93
-28.90
-33.63
-36.96
-37.79
-35.54
-30.29
-22.69
-13.77
-4.65
3.74
10.71
15.90
19.28
21.04
21.56
21.26
20.54
19.66
18.80
18.02
17.34
16.79
16.35
15.98
15.61
15.18
14.65
14.06
13.38
12.53
11.23
9.17
6.14
2.13
-2.53
-7.24
-11.40
-14.56
-16.64
-17.88
-18.76
-19.77
-21.28
-23.45
-26.16
-29.04
-31.43
-32.52
-31.52
-27.98
-21.97
-14.20
-5.78
2.18
8.87
14.06
17.98
21.04
23.61
25.81
27.61
28.93
29.76
30.07
29.82
28.79
26.78
23.68
19.73
15.51
11.71
8.95
7.42
6.81
6.43
5.47
3.34
-0.15
-4.73
-9.94
-15.29
-20.46
-25.34
-29.90
-34.05
-37.65
-40.66
-43.19
-45.55
-48.08
-50.80
-53.25
-54.53
-53.75
-50.44
-44.86
-37.82
-30.33
-23.14
-16.50
-10.31
-4.37
1.31
6.50
10.86
14.11
16.19
17.18
17.27
16.74
15.86
14.90
13.99
13.13
12.15
10.85
9.15
7.21
5.33
3.65
2.05
0.09
-2.71
-6.56
-11.14
-15.70
-19.46
-21.95
-23.25
-23.88
-24.53
-25.74
-27.73
-30.42
-33.60
-36.99
-40.22
-42.79
-43.98
-43.05
-39.48
-33.31
-25.24
-16.45
-8.18
-1.33
3.84
7.63
10.54
12.91
14.70
15.68
15.64
14.67
13.18
11.75
10.86
10.67
11.11
11.91
12.83
13.72
14.42
14.75
14.45
13.31
11.34
8.82
6.20
3.89
2.03
0.42
-1.39
-3.85
-7.21
-11.43
-16.15
-20.81
-24.77
-27.33
-27.88
-26.05
-21.87
-15.83
-8.79
-1.79
4.31
8.92
11.92
13.43
13.82
13.40
12.42
11.01
9.22
7.15
5.00
3.09
1.78
1.27
1.48
2.08
2.59
2.67
2.24
1.41
0.33
-1.06
-3.03
-5.85
-9.58
-13.92
-18.38
-22.56
-26.51
-30.64
-35.42
-40.96
-46.58
-51.01
-52.78
-50.97
-45.57
-37.57
-28.40
-19.45
-11.53
-4.82
0.85
5.71
9.80
12.93
14.86
15.44
14.72
12.98
10.70
8.40
6.55
5.39
4.93
4.93
5.08
5.10
4.85
4.27
3.29
1.74
-0.55
-3.73
-7.72
-12.22
-16.87
-21.43
-25.98
-30.95
-36.76
-43.51
-50.63
-56.85
-60.61
-60.60
-56.33
-48.28
-37.69
-26.03
-14.53
-3.91
5.54
13.68
20.28
25.06
27.87
28.79
28.23
26.74
24.88
23.11
21.73
20.96
20.82
21.21
21.85
22.35
22.33
21.51
19.84
17.37
14.29
10.77
6.96
2.96
-1.18
-5.53
-10.29
-15.79
-22.38
-30.06
-38.26
-45.82
-51.25
-53.21
-51.00
-44.77
-35.47
-24.40
-12.86
-1.86
7.95
16.13
22.47
26.93
29.68
31.14
31.83
32.13
32.20
32.00
31.46
30.60
29.64
28.84
28.40
28.33
28.43
28.37
27.89
26.84
25.19
22.89
19.88
16.07
11.40
5.98
0.12
-5.84
-11.68
-17.48
-23.57
-30.24
-37.35
-44.14
-49.21
-51.08
-48.73
-42.19
-32.52
-21.44
-10.57
-0.92
7.26
14.21
20.19
25.21
29.02
31.33
32.09
31.59
30.30
28.78
27.46
26.56
26.18
26.27
26.70
27.19
27.38
26.90
25.60
23.53
20.93
18.14
15.34
12.56
9.67
6.43
2.61
-1.91
-7.26
-13.40
-20.15
-27.03
-33.19
-37.54
-38.95
-36.62
-30.45
-21.12
-9.96
1.46
11.71
19.89
25.73
29.48
31.60
32.57
32.71
32.16
31.00
29.34
27.36
25.35
23.62
22.43
21.87
21.83
21.97
21.84
20.94
18.96
15.87
11.97
7.71
3.57
-0.22
-3.76
-7.32
-11.23
-15.80
-21.20
-27.49
-34.47
-41.62
-47.98
-52.26
-53.23
-50.13
-43.03
-32.83
-20.96
-8.88
2.32
12.07
20.22
26.75
31.59
34.58
35.71
35.18
33.50
31.40
29.58
28.47
28.12
28.28
28.56
28.69
28.53
28.14
27.63
26.95
25.88
24.05
21.17
17.18
12.31
7.06
1.93
-2.76
-7.00
-11.09
-15.51
-20.69
-26.84
-33.78
-40.98
-47.63
-52.67
-55.06
-53.97
-49.03
-40.53
-29.47
-17.29
-5.50
4.78
13.05
19.31
23.95
27.30
29.57
30.82
31.18
30.90
30.42
30.24
30.63
31.57
32.77
33.82
34.37
34.28
33.58
32.46
31.15
29.77
28.26
26.33
23.59
19.71
14.67
8.87
2.97
-2.32
-6.68
-10.32
-13.89
-18.18
-23.65
-30.27
-37.46
-44.36
-49.99
-53.55
-54.38
-52.10
-46.71
-38.61
-28.63
-17.91
-7.61
1.31
8.32
13.34
16.63
18.59
19.67
20.18
20.33
20.21
19.84
19.28
18.61
17.98
17.56
17.48
17.79
18.46
19.38
20.37
21.21
21.61
21.23
19.84
17.31
13.80
9.67
5.46
1.64
-1.60
-4.39
-7.16
-10.43
-14.61
-19.87
-25.98
-32.31
-37.93
-41.79
-43.01
-41.07
-36.10
-28.78
-20.16
-11.37
-3.27
3.68
9.35
13.78
17.01
19.03
19.85
19.63
18.70
17.46
16.29
15.39
14.84
14.64
14.77
15.22
15.93
16.70
17.20
17.13
16.32
14.85
12.92
10.75
8.45
5.94
3.09
-0.18
-3.88
-7.96
-12.40
-17.14
-22.03
-26.64
-30.18
-31.68
-30.28
-25.67
-18.28
-9.27
-0.09
7.97
14.23
18.70
21.78
23.96
25.46
26.19
25.98
24.76
22.77
20.51
18.55
17.27
16.83
17.12
17.91
18.88
19.71
20.05
19.59
18.08
15.42
11.75
7.41
2.87
-1.44
-5.31
-8.76
-12.08
-15.67
-19.86
-24.76
-30.06
-35.11
-38.92
-40.50
-39.22
-34.93
-28.15
-19.88
-11.22
-3.17
3.65
9.03
13.04
15.88
17.82
19.05
19.71
19.84
19.44
18.53
17.20
15.64
14.13
12.87
11.92
11.14
10.32
9.22
7.80
6.07
4.11
1.94
-0.48
-3.26
-6.41
-9.85
-13.49
-17.28
-21.31
-25.80
-30.80
-36.08
-40.95
-44.38
-45.36
-43.25
-38.05
-30.47
-21.69
-12.95
-5.21
1.11
6.08
9.97
13.03
15.31
16.68
17.00
16.37
15.15
13.85
12.90
12.49
12.53
12.83
13.20
13.62
14.07
14.38
14.21
13.14
10.90
7.60
3.66
-0.32
-3.89
-6.96
-9.80
-12.81
-16.38
-20.64
-25.47
-30.45
-35.02
-38.45
-40.01
-39.12
-35.49
-29.36
-21.38
-12.54
-3.93
3.62
9.61
13.99
16.94
18.83
19.91
20.34
20.15
19.42
18.31
17.17
16.40
16.30
16.89
17.84
18.70
19.01
18.52
17.26
15.40
13.14
10.57
7.76
4.73
1.56
-1.60
-4.70
-7.80
-11.16
-15.04
-19.66
-24.97
-30.59
-35.80
-39.75
-41.58
-40.72
-37.04
-30.93
-23.24
-15.01
-7.22
-0.50
4.88
8.97
11.93
13.92
15.01
15.28
14.83
13.95
13.01
12.40
12.39
13.04
14.22
15.58
16.78
17.53
17.66
17.09
15.79
13.78
11.12
7.96
4.57
1.23
-1.93
-5.03
-8.42
-12.48
-17.39
-22.90
-28.40
-33.03
-35.97
-36.60
-34.68
-30.29
-23.82
-15.95
-7.55
0.46
7.27
12.47
16.02
18.23
19.50
20.09
20.06
19.38
18.11
16.52
15.04
14.09
13.88
14.33
15.13
15.97
16.65
17.13
17.37
17.20
16.33
14.41
11.29
7.15
2.49
-2.15
-6.31
-9.92
-13.24
-16.75
-20.88
-25.81
-31.35
-36.81
-41.26
-43.70
-43.34
-39.89
-33.66
-25.53
-16.72
-8.40
-1.32
4.29
8.67
12.31
15.54
18.45
20.82
22.39
22.99
22.80
22.18
21.55
21.16
21.02
20.99
20.86
20.60
20.32
20.15
20.10
19.93
19.29
17.78
15.26
11.86
7.88
3.72
-0.38
-4.25
-7.86
-11.26
-14.59
-18.13
-22.21
-27.08
-32.58
-38.08
-42.53
-44.80
-44.06
-40.18
-33.76
-25.79
-17.33
-9.08
-1.37
5.72
12.11
17.51
21.57
24.03
24.90
24.51
23.41
22.12
21.03
20.42
20.39
20.99
22.11
23.44
24.54
24.94
24.42
23.11
21.37
19.60
17.91
16.11
13.77
10.60
6.65
2.32
-1.82
-5.42
-8.44
-11.20
-14.11
-17.46
-21.33
-25.63
-30.19
-34.76
-39.01
-42.36
-44.04
-43.32
-39.79
-33.59
-25.41
-16.28
-7.23
0.90
7.59
12.60
15.92
17.73
18.41
18.40
18.12
17.88
17.77
17.74
17.72
17.70
17.76
18.01
18.44
18.96
19.42
19.69
19.64
19.19
18.25
16.75
14.65
11.94
8.73
5.20
1.57
-1.91
-5.19
-8.31
-11.53
-15.18
-19.43
-24.19
-28.99
-33.04
-35.47
-35.59
-33.16
-28.39
-21.85
-14.28
-6.45
0.98
7.49
12.68
16.33
18.39
19.05
18.71
17.89
17.09
16.66
16.62
16.83
17.01
16.97
16.70
16.39
16.27
16.46
16.88
17.26
17.20
16.36
14.57
11.84
8.36
4.45
0.46
-3.26
-6.52
-9.26
-11.63
-13.96
-16.74
-20.40
-25.22
-31.08
-37.42
-43.24
-47.36
-48.73
-46.75
-41.56
-33.92
-25.01
-16.03
-7.86
-0.88
4.89
9.56
13.22
15.78
17.15
17.41
16.83
15.90
15.06
14.58
14.45
14.51
14.57
14.56
14.54
14.67
15.05
15.55
15.84
15.42
13.83
10.86
6.65
1.71
-3.29
-7.81
-11.62
-14.86
-17.88
-21.02
-24.49
-28.42
-32.92
-38.10
-43.86
-49.74
-54.81
-57.83
-57.77
-54.12
-47.27
-38.24
-28.32
-18.61
-9.74
-1.95
4.72
10.17
14.29
16.98
18.32
18.71
18.65
18.68
19.15
20.16
21.53
22.97
24.19
25.03
25.53
25.82
26.09
26.37
26.51
26.16
24.96
22.75
19.59
15.86
12.04
8.48
5.29
2.30
-0.84
-4.47
-8.78
-13.73
-19.05
-24.25
-28.76
-31.99
-33.46
-32.84
-30.10
-25.38
-19.06
-11.63
-3.67
4.17
11.33
17.35
21.98
25.22
27.25
28.37
28.86
28.94
28.80
28.57
28.38
28.36
28.53
28.89
29.42
30.09
30.91
31.80
32.56
32.80
32.13
30.32
27.43
23.86
20.09
16.44
12.95
9.43
5.58
1.22
-3.69
-9.12
-14.96
-21.02
-26.87
-31.72
-34.55
-34.42
-30.91
-24.40
-15.99
-7.11
1.05
7.86
13.29
17.68
21.41
24.66
27.40
29.53
31.04
32.09
32.87
33.58
34.25
34.82
35.16
35.18
34.86
34.20
33.15
31.60
29.44
26.61
23.17
19.39
15.61
12.12
9.04
6.15
3.03
-0.79
-5.64
-11.50
-17.96
-24.28
-29.55
-32.81
-33.34
-30.79
-25.33
-17.71
-9.06
-0.72
6.20
11.05
13.68
14.36
13.57
11.79
9.41
6.79
4.21
1.92
0.12
-1.06
-1.60
-1.55
-1.00
-0.10
1.00
2.04
2.68
2.60
1.57
-0.40
-3.07
-6.06
-9.00
-11.65
-13.99
-16.19
-18.45
-20.96
-23.85
-27.05
-30.22
-32.72
-33.63
-32.07
-27.55
-20.33
-11.42
-2.32
5.59
11.54
15.53
18.14
20.02
21.58
22.80
23.44
23.31
22.56
21.60
20.94
20.94
21.67
22.86
24.01
24.61
24.24
22.66
19.92
16.26
12.04
7.61
3.22
-1.01
-5.10
-9.13
-13.19
-17.47
-22.16
-27.40
-33.20
-39.18
-44.64
-48.67
-50.45
-49.58
-46.19
-40.92
-34.68
-28.45
-22.92
-18.50
-15.28
-13.16
-11.90
-11.29
-11.13
-11.27
-11.61
-12.00
-12.23
-12.09
-11.37
-10.01
-8.20
-6.34
-4.94
-4.47
-5.08
-6.57
-8.36
-9.82
-10.57
-10.69
-10.63
-11.00
-12.24
-14.44
-17.47
-21.18
-25.49
-30.32
-35.33
-39.74
-42.38
-42.18
-38.55
-31.80
-23.07
-13.87
-5.62
0.82
5.23
7.87
9.18
9.61
9.47
8.97
8.30
7.60
7.01
6.58
6.25
5.82
5.03
3.63
1.58
-0.97
-3.65
-5.98
-7.55
-8.12
-7.67
-6.35
-4.40
-2.09
0.27
2.28
3.44
3.33
1.74
-1.10
-4.50
-7.45
-8.91
-8.18
-5.15
-0.36
5.28
10.78
15.40
18.77
20.92
22.05
22.35
21.94
20.92
19.43
17.80
16.51
16.01
16.49
17.75
19.25
20.38
20.64
19.88
18.20
15.85
13.06
9.98
6.74
3.49
0.45
-2.25
-4.62
-6.88
-9.33
-12.22
-15.50
-18.80
-21.51
-22.95
-22.52
-19.84
-14.87
-7.89
0.39
9.08
17.23
24.02
29.02
32.24
34.01
34.79
34.98
34.73
33.95
32.47
30.16
27.06
23.46
19.79
16.52
14.01
12.41
11.57
11.09
10.42
9.02
6.53
2.87
-1.74
-6.80
-11.74
-16.10
-19.62
-22.39
-24.73
-27.18
-30.31
-34.52
-39.75
-45.32
-50.01
-52.28
-50.95
-45.60
-36.92
-26.48
-16.14
-7.42
-0.90
3.72
7.29
10.59
13.91
16.99
19.32
20.48
20.43
19.46
17.95
16.13
13.99
11.42
8.43
5.25
2.31
-0.12
-2.04
-3.82
-5.95
-8.82
-12.52
-16.78
-21.18
-25.21
-28.52
-30.95
-32.56
-33.67
-34.69
-36.12
-38.29
-41.15
-44.17
-46.39
-46.66
-44.10
-38.38
-29.89
-19.67
-9.01
0.88
9.16
15.53
20.09
23.14
25.00
25.90
25.99
25.44
24.40
23.11
21.80
20.72
20.10
20.03
20.44
21.04
21.44
21.30
20.53
19.25
17.75
16.21
14.58
12.59
9.91
6.40
2.21
-2.31
-6.82
-11.24
-15.76
-20.64
-26.02
-31.81
-37.80
-43.86
-50.08
-56.55
-63.14
-69.18
-73.60
-75.19
-73.19
-67.64
-59.50
-50.29
-41.61
-34.68
-30.11
-27.95
-27.94
-29.67
-32.69
-36.49
-40.59
-44.52
-47.98
-50.92
-53.50
-56.04
-58.74
-61.59
-64.25
-66.10
-66.44
-64.62
-60.24
-53.24
-44.02
-33.35
-22.35
-12.17
-3.79
2.27
5.89
7.25
6.61
4.16
0.16
-4.92
-10.16
-14.33
-16.18
-14.91
-10.55
-4.01
3.25
9.72
14.36
16.87
17.70
17.77
18.01
18.99
20.91
23.50
26.46
29.58
32.89
36.64
41.12
46.58
53.14
60.89
69.85
79.85
90.37
100.38
108.53
113.57
114.81
112.47
107.57
101.44
95.19
89.18
82.98
75.60
66.10
54.20
40.62
27.03
15.60
8.27
6.15
9.16
16.20
25.55
35.46
44.57
52.06
57.65
61.37
63.39
63.89
62.85
60.03
54.95
47.11
36.33
23.07
8.43
-6.02
-18.77
-28.71
-35.38
-38.86
-39.59
-38.14
-35.18
-31.50
-28.03
-25.59
-24.78
-25.70
-27.99
-30.97
-33.99
-36.74
-39.35
-42.24
-45.74
-49.79
-53.68
-56.30
-56.33
-52.89
-45.80
-35.76
-24.10
-12.32
-1.68
7.11
13.93
19.08
22.95
25.83
27.83
28.92
29.07
28.42
27.30
26.09
25.03
24.11
23.12
21.84
20.18
18.31
16.50
14.89
13.32
11.39
8.70
5.11
0.91
-3.40
-7.38
-10.92
-14.26
-17.86
-22.17
-27.45
-33.62
-40.25
-46.57
-51.50
-53.86
-52.78
-47.91
-39.79
-29.67
-19.16
-9.66
-1.96
3.81
7.98
10.92
12.83
13.73
13.65
12.79
11.56
10.42
9.74
9.68
10.16
11.02
12.07
13.14
14.09
14.74
14.89
14.36
13.09
11.17
8.83
6.34
3.84
1.21
-1.93
-6.12
-11.79
-18.92
-26.87
-34.39
-39.95
-42.20
-40.47
-34.95
-26.64
-16.91
-7.09
1.91
9.62
15.89
20.63
23.66
24.80
24.09
21.91
18.94
15.94
13.43
11.66
10.54
9.92
9.64
9.55
9.42
8.90
7.66
5.53
2.64
-0.70
-4.20
-7.78
-11.55
-15.72
-20.36
-25.35
-30.54
-35.87
-41.33
-46.73
-51.46
-54.44
-54.43
-50.60
-42.90
-32.20
-19.94
-7.58
3.87
13.91
22.46
29.55
35.12
39.14
41.65
42.95
43.59
44.06
44.76
45.76
46.98
48.26
49.59
51.04
52.67
54.33
55.58
55.83
54.50
51.29
46.31
40.04
33.17
26.42
20.27
14.85
9.92
4.95
-0.70
-7.39
-14.90
-22.32
-28.17
-30.94
-29.65
-24.26
-15.74
-5.65
4.38
13.09
19.89
24.70
27.76
29.34
29.68
29.06
27.85
26.45
25.15
24.07
23.04
21.79
20.15
18.22
16.37
15.06
14.52
14.67
15.04
15.06
14.33
12.67
10.25
7.25
3.74
-0.24
-4.69
-9.49
-14.42
-19.36
-24.43
-29.99
-36.39
-43.55
-50.69
-56.46
-59.30
-58.06
-52.49
-43.38
-32.22
-20.77
-10.44
-2.04
4.26
8.76
11.85
13.92
15.16
15.73
15.75
15.43
14.97
14.56
14.26
14.09
14.01
14.01
14.08
14.21
14.36
14.46
14.45
14.22
13.70
12.72
11.10
8.73
5.68
2.27
-1.06
-3.84
-5.90
-7.37
-8.69
-10.37
-12.84
-16.32
-20.76
-25.76
-30.52
-33.92
-34.64
-31.66
-24.69
-14.41
-2.42
9.27
18.96
25.67
29.33
30.50
29.95
28.26
25.82
22.87
19.67
16.48
13.56
10.98
8.71
6.72
5.09
4.10
4.05
5.12
7.03
9.10
10.47
10.35
8.39
4.76
0.05
-4.97
-9.70
-13.81
-17.36
-20.61
-23.94
-27.71
-32.16
-37.31
-42.80
-47.89
-51.48
-52.46
-50.10
-44.34
-35.90
-26.01
-15.98
-6.77
1.14
7.73
13.07
17.22
20.10
21.62
21.81
20.86
19.10
16.92
14.64
12.55
10.78
9.42
8.37
7.46
6.47
5.21
3.54
1.37
-1.35
-4.64
-8.38
-12.27
-15.79
-18.37
-19.67
-19.77
-19.26
-19.11
-20.20
-23.07
-27.52
-32.67
-37.10
-39.34
-38.38
-34.02
-26.93
-18.48
-10.10
-2.86
2.81
7.12
10.50
13.34
15.74
17.56
18.61
18.84
18.36
17.36
15.97
14.19
11.96
9.24
6.23
3.29
0.87
-0.64
-1.18
-1.09
-1.00
-1.57
-3.19
-5.76
-8.77
-11.52
-13.46
-14.45
-14.63
-14.42
-14.23
-14.55
-15.88
-18.57
-22.58
-27.13
-30.75
-31.61
-28.27
-20.37
-8.83
4.46
17.39
28.41
36.84
42.84
46.98
49.90
52.04
53.71
55.12
56.49
57.93
59.49
61.04
62.36
63.19
63.30
62.55
60.93
58.52
55.57
52.42
49.46
46.89
44.60
42.14
38.88
34.35
28.51
21.86
15.18
9.21
4.30
0.27
-3.33
-6.89
-10.54
-14.17
-17.68
-21.18
-25.06
-29.62
-34.88
-40.33
-45.17
-48.61
-50.17
-49.95
-48.45
-46.31
-44.09
-42.14
-40.62
-39.60
-39.11
-39.12
-39.57
-40.24
-40.95
-41.55
-41.99
-42.39
-42.89
-43.59
-44.45
-45.21
-45.49
-44.96
-43.52
-41.47
-39.46
-38.20
-38.23
-39.56
-41.76
-44.03
-45.58
-45.87
-44.80
-42.65
-40.13
-38.08
-37.38
-38.60
-41.68
-45.76
-49.22
-50.10
-46.73
-38.26
-24.94
-7.85
11.44
31.39
50.68
68.24
83.10
94.34
101.14
103.01
99.98
92.64
81.99
69.24
55.54
41.94
29.28
18.19
9.03
1.88
-3.62
-8.02
-11.99
-16.03
-20.35
-24.93
-29.65
-34.42
-39.22
-44.05
-48.84
-53.50
-57.97
-62.32
-66.72
-71.19
-75.33
-78.24
-78.73
-75.68
-68.58
-57.79
-44.46
-30.13
-16.23
-3.82
6.58
14.75
20.63
24.10
25.14
23.94
21.00
17.11
13.15
9.82
7.39
5.66
4.15
2.26
-0.39
-3.81
-7.70
-11.61
-15.10
-17.96
-20.25
-22.33
-24.75
-28.14
-33.06
-39.76
-47.90
-56.42
-63.48
-66.97
-65.11
-57.14
-43.72
-26.80
-8.92
7.63
21.41
32.04
39.87
45.48
49.27
51.37
51.78
50.61
48.24
45.24
42.21
39.65
37.84
36.78
36.22
35.77
34.95
33.40
30.99
27.76
23.90
19.60
14.99
10.09
4.90
-0.56
-6.34
-12.51
-19.19
-26.27
-33.28
-39.24
-42.83
-42.82
-38.46
-29.87
-17.94
-4.09
10.11
23.29
34.44
42.95
48.67
51.79
52.84
52.51
51.44
50.06
48.48
46.63
44.40
41.77
38.84
35.69
32.28
28.38
23.73
18.11
11.58
4.45
-2.79
-9.59
-15.54
-20.37
-24.10
-26.91
-29.23
-31.70
-35.04
-39.76
-45.86
-52.55
-58.29
-61.18
-59.60
-52.80
-41.18
-26.05
-9.19
7.69
23.41
37.27
48.90
58.10
64.72
68.77
70.50
70.40
69.06
66.99
64.49
61.65
58.54
55.25
51.96
48.91
46.27
44.15
42.50
41.20
40.04
38.75
37.00
34.52
31.03
26.44
20.91
14.91
9.04
3.95
-0.06
-3.21
-6.31
-10.39
-16.27
-23.99
-32.52
-40.05
-44.62
-44.87
-40.59
-32.70
-22.79
-12.49
-3.05
4.87
10.96
15.02
16.95
16.69
14.41
10.57
5.81
0.84
-3.74
-7.50
-10.21
-11.83
-12.45
-12.33
-11.94
-11.82
-12.44
-14.03
-16.48
-19.33
-22.05
-24.26
-25.92
-27.41
-29.43
-32.78
-38.12
-45.68
-55.05
-64.99
-73.53
-78.39
-77.71
-70.73
-58.14
-41.93
-24.66
-8.66
4.63
14.78
22.01
26.80
29.52
30.39
29.62
27.63
25.00
22.49
20.73
20.15
20.80
22.38
24.27
25.72
26.11
25.13
22.89
19.84
16.54
13.39
10.56
7.90
5.12
1.87
-2.16
-7.21
-13.44
-20.76
-28.60
-35.79
-40.70
-41.67
-37.56
-28.30
-14.92
0.71
16.46
30.67
42.44
51.77
59.07
64.79
69.05
71.54
71.71
69.16
63.96
56.69
48.32
39.90
32.24
25.64
20.03
15.10
10.50
6.00
1.43
-3.23
-8.01
-12.81
-17.51
-22.04
-26.33
-30.42
-34.42
-38.48
-42.81
-47.66
-53.28
-59.73
-66.65
-73.02
-77.33
-77.93
-73.72
-64.63
-51.76
-37.11
-22.77
-10.32
-0.46
6.90
12.25
16.05
18.52
19.69
19.60
18.58
17.19
16.10
15.68
15.90
16.30
16.40
15.97
15.20
14.58
14.44
14.70
14.81
14.03
11.87
8.34
3.96
-0.61
-4.87
-8.71
-12.42
-16.45
-21.27
-27.19
-34.21
-41.84
-49.07
-54.47
-56.50
-54.14
-47.24
-36.68
-24.06
-11.15
0.69
10.77
19.01
25.56
30.49
33.65
34.89
34.27
32.26
29.71
27.49
26.23
26.01
26.45
26.96
27.11
26.82
26.37
26.12
26.29
26.77
27.14
26.89
25.62
23.16
19.59
15.22
10.51
5.92
1.82
-1.60
-4.48
-7.23
-10.41
-14.55
-19.91
-26.31
-33.04
-39.01
-42.91
-43.60
-40.44
-33.52
-23.68
-12.32
-0.90
9.41
17.99
24.79
30.08
34.21
37.41
39.73
41.14
41.64
41.45
40.99
40.79
41.33
42.76
44.81
46.88
48.34
48.88
48.66
48.23
48.21
48.82
49.76
50.34
49.83
47.90
44.75
40.95
37.13
33.55
30.14
26.58
22.74
18.65
14.61
10.87
7.43
4.09
0.58
-3.24
-7.17
-10.80
-13.60
-15.22
-15.59
-14.89
-13.49
-11.82
-10.26
-9.09
-8.42
-8.29
-8.68
-9.55
-10.87
-12.51
-14.26
-15.74
-16.58
-16.51
-15.49
-13.69
-11.37
-8.78
-6.15
-3.65
-1.51
0.05
0.80
0.65
-0.27
-1.64
-2.99
-3.95
-4.22
-3.75
-2.74
-1.53
-0.55
-0.20
-0.66
-1.83
-3.35
-4.75
-5.67
-5.95
-5.69
-5.07
-4.30
-3.39
-2.31
-1.10
0.06
0.88
1.05
0.48
-0.72
-2.28
-3.87
-5.21
-6.11
-6.47
-6.29
-5.67
-4.89
-4.33
-4.32
-4.99
-6.21
-7.59
-8.66
-9.21
-9.28
-9.21
-9.39
-10.11
-11.37
-12.99
-14.64
-16.05
-17.17
-18.08
-18.98
-20.07
-21.44
-23.09
-24.92
-26.82
-28.59
-29.96
-30.55
-29.97
-28.03
-24.87
-21.04
-17.26
-14.22
-12.20
-11.09
-10.46
-9.90
-9.18
-8.30
-7.40
-6.55
-5.71
-4.76
-3.71
-2.72
-2.10
-2.02
-2.43
-3.01
-3.33
-3.13
-2.38
-1.33
-0.33
0.35
0.59
0.41
-0.11
-0.87
-1.77
-2.67
-3.46
-4.10
-4.76
-5.81
-7.64
-10.49
-14.18
-18.12
-21.46
-23.46
-23.73
-22.39
-19.88
-16.68
-13.18
-9.54
-5.88
-2.37
0.71
3.08
4.58
5.28
5.40
5.22
4.89
4.43
3.81
3.08
2.36
1.84
1.63
1.67
1.77
1.68
1.29
0.59
-0.25
-1.14
-2.04
-3.14
-4.61
-6.48
-8.57
-10.60
-12.45
-14.20
-16.26
-18.96
-22.32
-25.81
-28.52
-29.59
-28.55
-25.52
-21.03
-15.71
-9.98
-4.07
1.80
7.27
11.79
14.86
16.21
15.97
14.55
12.46
10.15
7.91
5.98
4.58
3.83
3.69
3.83
3.76
2.96
1.17
-1.50
-4.57
-7.42
-9.60
-10.98
-11.73
-12.19
-12.73
-13.59
-14.94
-16.83
-19.15
-21.61
-23.60
-24.28
-22.79
-18.49
-11.30
-1.83
8.76
19.08
27.80
34.09
37.61
38.46
37.03
33.74
29.07
23.49
17.52
11.74
6.59
2.28
-1.19
-3.94
-6.06
-7.46
-7.96
-7.47
-6.18
-4.50
-3.01
-2.16
-2.14
-2.88
-4.17
-5.81
-7.72
-9.89
-12.37
-15.29
-18.83
-23.22
-28.51
-34.28
-39.59
-43.08
-43.46
-39.99
-32.90
-23.30
-12.87
-3.16
4.79
10.62
14.53
16.91
18.15
18.48
18.08
17.13
15.85
14.50
13.20
12.05
11.11
10.46
10.18
10.23
10.47
10.60
10.32
9.41
7.82
5.66
3.12
0.37
-2.57
-5.73
-9.16
-12.89
-16.98
-21.66
-27.25
-34.02
-41.76
-49.58
-55.86
-58.83
-57.14
-50.49
-39.74
-26.61
-13.02
-0.50
10.06
18.29
24.21
27.99
29.93
30.43
30.02
29.16
28.20
27.32
26.61
26.15
26.05
26.34
26.93
27.53
27.76
27.28
25.88
23.52
20.33
16.57
12.51
8.41
4.43
0.59
-3.25
-7.41
-12.26
-18.08
-24.83
-31.90
-38.12
-41.96
-42.07
-37.72
-29.25
-18.04
-6.00
5.02
13.88
20.30
24.68
27.61
29.50
30.35
30.01
28.40
25.79
22.84
20.37
18.95
18.68
19.20
19.83
20.03
19.58
18.58
17.28
15.80
14.02
11.70
8.65
4.86
0.56
-4.00
-8.73
-13.81
-19.52
-25.95
-32.73
-38.94
-43.29
-44.52
-41.78
-35.03
-25.02
-13.12
-0.86
10.45
19.98
27.38
32.65
35.92
37.31
37.03
35.38
32.83
29.98
27.37
25.37
24.06
23.35
23.02
22.96
23.05
23.16
22.98
22.09
20.05
16.62
11.97
6.54
0.94
-4.31
-9.05
-13.44
-17.94
-23.15
-29.53
-37.19
-45.70
-54.04
-60.72
-64.16
-63.23
-57.68
-48.19
-36.26
-23.61
-11.66
-1.22
7.52
14.74
20.69
25.46
29.03
31.36
32.60
33.10
33.32
33.63
34.21
34.92
35.47
35.58
35.15
34.32
33.41
32.70
32.32
32.12
31.73
30.70
28.75
25.85
22.29
18.63
15.40
12.93
11.17
9.68
7.81
4.84
0.28
-6.02
-13.74
-22.06
-29.76
-35.45
-38.00
-36.82
-32.18
-25.00
-16.51
-7.82
0.37
7.80
14.49
20.38
25.32
29.08
31.57
33.02
33.93
34.84
36.12
37.78
39.54
41.05
42.12
42.78
43.22
43.57
43.92
44.13
44.12
43.83
43.31
42.58
41.61
40.25
38.34
35.83
32.77
29.34
25.69
21.90
18.04
14.16
10.38
6.75
3.17
-0.67
-5.24
-10.89
-17.58
-24.68
-31.08
-35.52
-36.95
-34.97
-29.90
-22.69
-14.55
-6.54
0.66
6.83
11.97
16.12
19.18
21.06
21.74
21.52
20.93
20.59
20.91
21.92
23.22
24.24
24.56
24.08
23.08
22.00
21.24
21.03
21.30
21.76
21.92
21.33
19.68
16.93
13.35
9.40
5.51
1.91
-1.46
-4.90
-8.77
-13.24
-18.30
-23.75
-29.43
-35.23
-41.04
-46.57
-51.26
-54.41
-55.48
-54.32
-51.36
-47.38
-43.19
-39.36
-36.00
-32.97
-30.11
-27.53
-25.58
-24.76
-25.33
-27.09
-29.36
-31.29
-32.12
-31.59
-29.98
-27.97
-26.30
-25.50
-25.72
-26.75
-28.22
-29.76
-31.05
-32.00
-32.66
-33.31
-34.39
-36.49
-40.12
-45.46
-52.21
-59.39
-65.52
-68.87
-67.94
-61.92
-50.98
-36.35
-20.00
-4.07
9.72
20.45
28.03
32.92
35.82
37.26
37.63
37.14
35.96
34.31
32.48
30.82
29.55
28.79
28.44
28.22
27.73
26.58
24.53
21.58
17.95
13.98
10.00
6.20
2.56
-1.02
-4.73
-8.81
-13.47
-18.94
-25.44
-32.95
-41.08
-48.92
-55.05
-57.89
-56.22
-49.71
-39.15
-26.21
-12.89
-0.91
8.77
15.90
20.70
23.56
24.85
24.89
24.10
22.88
21.66
20.69
20.12
19.95
20.13
20.65
21.38
22.15
22.67
22.69
22.09
20.93
19.30
17.25
14.74
11.64
7.94
3.72
-0.81
-5.53
-10.53
-16.00
-22.03
-28.25
-33.65
-36.75
-36.11
-30.86
-21.11
-8.05
6.46
20.42
32.19
40.81
46.08
48.38
48.43
47.04
44.89
42.42
39.82
37.06
34.10
30.95
27.76
24.80
22.41
20.80
20.00
19.80
19.84
19.65
18.89
17.38
15.10
12.13
8.56
4.48
-0.04
-4.87
-9.88
-14.96
-20.14
-25.56
-31.40
-37.53
-43.36
-47.80
-49.56
-47.67
-41.89
-32.96
-22.35
-11.77
-2.57
4.58
9.71
13.22
15.53
16.84
17.15
16.47
15.04
13.24
11.54
10.18
9.16
8.27
7.25
6.04
4.74
3.48
2.39
1.39
0.34
-0.93
-2.59
-4.70
-7.27
-10.30
-13.72
-17.52
-21.68
-26.34
-31.68
-37.71
-43.99
-49.53
-52.94
-52.88
-48.67
-40.61
-29.95
-18.36
-7.43
1.85
9.10
14.36
17.82
19.64
19.93
18.91
16.92
14.43
11.91
9.77
8.29
7.62
7.72
8.34
9.10
9.57
9.39
8.47
6.91
4.91
2.64
0.10
-2.93
-6.69
-11.37
-17.03
-23.62
-30.91
-38.55
-45.87
-51.96
-55.63
-55.83
-51.98
-44.31
-33.84
-22.12
-10.71
-0.70
7.51
14.00
19.15
23.20
26.21
28.09
28.83
28.52
27.45
25.98
24.45
23.11
22.14
21.62
21.53
21.65
21.58
20.80
18.85
15.53
11.01
5.73
0.27
-4.92
-9.69
-14.19
-18.86
-24.23
-30.77
-38.60
-47.33
-55.93
-62.98
-66.92
-66.59
-61.60
-52.37
-40.08
-26.28
-12.54
-0.12
10.21
18.17
23.97
28.12
31.24
33.79
36.05
38.05
39.74
41.05
42.04
42.78
43.28
43.50
43.48
43.31
43.16
43.11
42.92
42.14
40.20
36.82
32.17
26.78
21.28
16.04
10.95
5.48
-1.03
-8.99
-18.43
-28.80
-39.13
-48.12
-54.47
-57.06
-55.34
-49.42
-40.10
-28.68
-16.60
-5.18
4.69
12.57
18.48
22.73
25.79
28.05
29.79
31.22
32.41
33.50
34.55
35.64
36.76
37.85
38.95
40.11
41.43
42.84
44.04
44.51
43.71
41.33
37.37
32.14
26.13
19.80
13.58
7.82
2.70
-1.74
-5.81
-10.10
-15.31
-22.04
-30.31
-39.44
-48.13
-54.79
-58.05
-57.17
-52.24
-44.14
-34.17
-23.58
-13.36
-4.00
4.30
11.42
17.27
21.73
24.85
26.90
28.41
29.97
32.08
34.90
38.28
41.86
45.27
48.22
50.53
52.13
52.87
52.64
51.31
48.80
45.10
40.30
34.53
27.99
20.89
13.50
6.19
-0.68
-6.89
-12.39
-17.46
-22.55
-28.06
-34.03
-40.00
-45.00
-47.96
-48.03
-44.92
-39.02
-31.19
-22.47
-13.79
-5.80
1.10
6.74
11.04
14.07
15.93
16.86
17.18
17.24
17.39
17.90
18.86
20.15
21.47
22.48
23.07
23.43
23.95
25.04
26.74
28.70
30.26
30.83
30.15
28.43
26.22
24.07
22.33
21.07
20.15
19.35
18.35
16.80
14.27
10.50
5.63
0.43
-3.78
-5.51
-3.65
2.06
10.82
21.17
31.48
40.50
47.64
52.91
56.54
58.72
59.44
58.59
56.23
52.67
48.47
44.28
40.47
37.01
33.42
28.97
23.04
15.41
6.47
-2.92
-11.80
-19.51
-25.95
-31.48
-36.77
-42.41
-48.66
-55.41
-62.26
-68.70
-74.33
-78.92
-82.49
-85.28
-87.66
-90.09
-92.96
-96.44
-100.40
-104.25
-107.10
-107.92
-105.89
-100.65
-92.47
-82.20
-71.02
-60.10
-50.28
-41.99
-35.34
-30.26
-26.64
-24.38
-23.29
-23.05
-23.17
-23.06
-22.19
-20.27
-17.25
-13.40
-9.09
-4.67
-0.36
3.63
7.05
9.52
10.53
9.73
7.16
3.32
-1.00
-5.07
-8.54
-11.59
-14.67
-18.28
-22.70
-28.00
-34.08
-40.71
-47.29
-52.81
-55.77
-54.64
-48.48
-37.52
-23.23
-7.92
6.14
17.45
25.59
30.99
34.41
36.38
37.15
36.77
35.38
33.37
31.35
29.80
28.93
28.57
28.29
27.66
26.51
24.91
23.12
21.34
19.60
17.72
15.44
12.60
9.15
5.23
0.97
-3.50
-8.07
-12.71
-17.43
-22.42
-27.86
-33.87
-40.14
-45.84
-49.65
-50.15
-46.49
-38.73
-27.95
-15.82
-4.04
6.24
14.53
20.88
25.53
28.61
30.09
29.93
28.22
25.32
21.80
18.30
15.30
13.00
11.25
9.72
8.01
5.87
3.28
0.51
-2.11
-4.34
-6.08
-7.50
-8.80
-10.21
-11.89
-13.96
-16.59
-20.04
-24.59
-30.29
-36.84
-43.40
-48.69
-51.35
-50.29
-45.17
-36.50
-25.48
-13.62
-2.30
7.59
15.66
21.90
26.46
29.46
30.98
31.20
30.38
28.94
27.37
26.06
25.21
24.92
25.13
25.74
26.56
27.29
27.52
26.82
24.87
21.65
17.50
12.99
8.67
4.90
1.63
-1.47
-4.95
-9.31
-14.91
-21.79
-29.55
-37.43
-44.25
-48.70
-49.63
-46.53
-39.81
-30.79
-21.29
-13.10
-7.35
-4.31
-3.49
-4.01
-5.11
-6.35
-7.63
-8.99
-10.36
-11.57
-12.44
-12.97
-13.48
-14.41
-16.19
-19.01
-22.80
-27.30
-32.40
-38.13
-44.82
-52.79
-62.01
-71.79
-80.60
-86.50
-87.68
-83.31
-74.00
-61.77
-49.30
-38.84
-31.25
-25.74
-20.27
-12.66
-1.49
13.42
31.12
50.27
69.63
88.44
106.24
122.55
136.63
147.49
154.29
156.56
154.40
148.31
138.94
126.90
112.77
97.28
81.47
66.71
54.40
45.56
40.44
38.46
38.43
38.93
38.78
37.19
33.84
28.69
21.86
13.54
3.97
-6.53
-17.62
-28.97
-40.40
-51.84
-63.17
-73.92
-83.15
-89.51
-91.62
-88.63
-80.55
-68.41
-53.86
-38.67
-24.26
-11.47
-0.60
8.24
15.02
19.75
22.49
23.50
23.23
22.14
20.64
18.98
17.29
15.66
14.24
13.21
12.75
12.95
13.68
14.62
15.34
15.37
14.38
12.16
8.64
3.84
-2.11
-9.04
-16.66
-24.54
-32.10
-38.54
-42.98
-44.55
-42.61
-37.00
-28.11
-16.83
-4.33
8.24
19.96
30.25
38.76
45.40
50.15
53.14
54.67
55.07
54.76
54.05
53.27
52.72
52.63
53.07
53.87
54.62
54.85
54.29
53.04
51.47
50.00
48.71
47.27
44.99
41.23
35.60
28.05
18.77
7.94
-4.21
-17.19
-29.98
-41.02
-48.54
-51.17
-48.51
-41.34
-31.32
-20.40
-10.13
-1.35
5.75
11.33
15.51
18.27
19.52
19.24
17.58
14.82
11.32
7.36
3.19
-0.99
-4.93
-8.43
-11.30
-13.55
-15.37
-17.08
-19.01
-21.30
-23.93
-26.69
-29.31
-31.57
-33.44
-35.08
-36.83
-39.10
-42.22
-46.21
-50.55
-54.19
-55.68
-53.54
-47.01
-36.23
-22.38
-7.22
7.51
20.58
31.46
40.13
46.83
51.77
55.15
57.17
58.16
58.46
58.31
57.77
56.75
55.24
53.34
51.25
49.07
46.60
43.28
38.40
31.46
22.47
12.03
1.09
-9.48
-19.12
-27.78
-35.69
-43.24
-50.72
-58.31
-66.02
-73.61
-80.40
-85.24
-86.72
-83.62
-75.53
-63.10
-48.01
-32.37
-18.10
-6.39
2.37
8.41
12.28
14.54
15.68
16.07
16.03
15.76
15.41
15.12
15.01
15.17
15.56
15.95
15.94
15.16
13.45
10.87
7.71
4.29
0.76
-2.88
-6.69
-10.69
-14.85
-19.14
-23.65
-28.53
-33.92
-39.58
-44.81
-48.49
-49.38
-46.64
-40.09
-30.39
-18.81
-6.86
4.14
13.34
20.49
25.66
29.15
31.27
32.22
32.15
31.24
29.75
28.03
26.48
25.41
24.93
24.88
24.90
24.60
23.71
22.27
20.47
18.59
16.75
14.83
12.53
9.53
5.65
0.88
-4.68
-10.87
-17.40
-23.67
-28.71
-31.34
-30.47
-25.65
-17.34
-6.75
4.56
15.22
24.41
31.95
37.96
42.56
45.75
47.37
47.35
45.86
43.25
40.00
36.55
33.24
30.25
27.67
25.40
23.22
20.85
18.05
14.76
11.18
7.56
4.11
0.78
-2.79
-7.05
-12.38
-18.87
-26.16
-33.58
-40.23
-45.20
-47.64
-47.06
-43.31
-36.79
-28.41
-19.34
-10.81
-3.70
1.54
4.95
6.85
7.60
7.52
6.71
5.22
3.23
1.12
-0.62
-1.52
-1.48
-0.82
-0.19
-0.26
-1.36
-3.34
-5.63
-7.68
-9.27
-10.73
-12.76
-16.03
-20.87
-27.03
-33.80
-40.18
-45.12
-47.71
-47.26
-43.50
-36.69
-27.60
-17.41
-7.39
1.42
8.53
13.95
17.94
20.77
22.49
23.02
22.34
20.66
18.46
16.29
14.60
13.57
13.05
12.71
12.22
11.40
10.19
8.62
6.66
4.28
1.42
-1.92
-5.65
-9.70
-14.15
-19.15
-24.86
-31.11
-37.27
-42.20
-44.63
-43.62
-38.96
-31.29
-21.83
-11.96
-2.77
5.13
11.50
16.34
19.72
21.68
22.36
22.07
21.26
20.48
20.12
20.32
20.87
21.32
21.27
20.57
19.36
17.99
16.70
15.56
14.33
12.79
10.74
8.18
5.25
2.04
-1.46
-5.30
-9.44
-13.80
-18.28
-22.86
-27.62
-32.55
-37.34
-41.23
-43.20
-42.37
-38.49
-32.05
-24.13
-16.01
-8.70
-2.65
2.17
6.05
9.32
12.15
14.56
16.50
17.92
18.88
19.49
19.92
20.22
20.45
20.66
20.87
21.11
21.39
21.68
21.91
21.95
21.68
20.93
19.57
17.52
14.77
11.46
7.87
4.24
0.80
-2.37
-5.34
-8.26
-11.27
-14.49
-18.02
-21.97
-26.37
-31.05
-35.56
-39.16
-41.06
-40.64
-37.74
-32.65
-26.12
-18.93
-11.80
-5.17
0.72
5.74
9.86
13.03
15.28
16.71
17.50
17.82
17.77
17.42
16.87
16.31
15.99
16.14
16.84
17.93
19.05
19.79
19.85
19.19
17.94
16.24
14.15
11.63
8.57
5.00
1.21
-2.40
-5.43
-7.76
-9.59
-11.35
-13.40
-15.97
-19.11
-22.75
-26.79
-31.08
-35.25
-38.64
-40.34
-39.58
-36.07
-30.17
-22.79
-15.01
-7.63
-1.02
4.79
9.87
14.12
17.30
19.16
19.66
19.07
17.95
16.83
16.18
16.12
16.52
17.14
17.69
17.98
17.92
17.54
16.85
15.88
14.58
12.97
11.09
9.02
6.77
4.27
1.36
-2.07
-5.91
-9.85
-13.46
-16.42
-18.66
-20.38
-22.00
-23.95
-26.59
-30.13
-34.48
-39.24
-43.52
-46.17
-46.10
-42.82
-36.74
-29.15
-21.70
-15.66
-11.46
-8.66
-6.40
-4.02
-1.50
0.75
2.20
2.69
2.54
2.27
2.23
2.37
2.25
1.43
-0.16
-2.10
-3.71
-4.44
-4.22
-3.51
-3.04
-3.44
-4.87
-7.09
-9.70
-12.38
-15.08
-17.88
-20.82
-23.72
-26.33
-28.48
-30.39
-32.60
-35.76
-40.14
-45.34
-50.33
-53.71
-54.30
-51.54
-45.61
-37.28
-27.56
-17.44
-7.69
1.17
8.77
14.92
19.61
23.01
25.39
26.99
27.94
28.24
27.88
27.00
25.99
25.36
25.56
26.63
28.22
29.72
30.60
30.77
30.54
30.39
30.57
30.91
30.83
29.72
27.32
23.87
20.04
16.54
13.75
11.50
9.23
6.30
2.37
-2.50
-7.92
-13.47
-18.89
-24.02
-28.63
-32.16
-33.79
-32.70
-28.47
-21.43
-12.63
-3.47
4.72
11.10
15.39
17.70
18.27
17.31
15.04
11.81
8.18
4.79
2.22
0.81
0.58
1.29
2.66
4.39
6.29
8.25
10.25
12.28
14.35
16.44
18.43
20.14
21.38
22.02
22.12
21.84
21.45
21.13
20.88
20.54
19.89
18.71
17.02
15.08
13.39
12.61
13.36
16.05
20.73
27.06
34.44
42.14
49.52
56.09
61.45
65.25
67.17
66.90
64.36
59.75
53.65
46.82
40.01
33.64
27.74
22.00
15.98
9.46
2.55
-4.24
-10.22
-14.85
-17.92
-19.74
-20.93
-22.27
-24.31
-27.27
-30.97
-34.97
-38.83
-42.28
-45.34
-48.19
-51.09
-54.24
-57.73
-61.66
-66.01
-70.52
-74.58
-77.11
-76.87
-72.99
-65.40
-55.01
-43.43
-32.35
-23.01
-15.80
-10.50
-6.63
-3.91
-2.36
-2.14
-3.21
-5.11
-7.06
-8.25
-8.25
-7.13
-5.40
-3.62
-2.21
-1.33
-0.99
-1.18
-1.97
-3.35
-5.17
-7.16
-9.02
-10.77
-12.74
-15.50
-19.51
-24.91
-31.23
-37.54
-42.65
-45.40
-44.96
-40.99
-33.82
-24.40
-14.13
-4.36
3.89
10.17
14.60
17.56
19.34
20.07
19.74
18.48
16.62
14.71
13.32
12.70
12.68
12.76
12.33
11.10
9.13
6.84
4.61
2.62
0.69
-1.56
-4.41
-7.96
-12.10
-16.68
-21.67
-27.24
-33.54
-40.50
-47.62
-53.92
-58.21
-59.38
-56.78
-50.46
-41.14
-30.09
-18.67
-8.09
0.89
7.96
13.12
16.47
18.15
18.33
17.29
15.51
13.61
12.22
11.75
12.28
13.54
15.03
16.29
16.94
16.84
16.05
14.75
13.09
11.10
8.73
5.81
2.24
-2.03
-6.94
-12.44
-18.59
-25.53
-33.28
-41.38
-48.77
-53.81
-54.81
-50.66
-41.34
-28.08
-12.89
2.09
15.22
25.76
33.70
39.44
43.41
45.85
46.87
46.61
45.42
43.84
42.45
41.64
41.50
41.87
42.41
42.83
42.91
42.54
41.60
39.92
37.30
33.70
29.33
24.62
20.08
16.01
12.38
8.85
4.98
0.41
-5.04
-11.28
-17.95
-24.36
-29.50
-32.14
-31.09
-25.65
-15.99
-3.18
11.04
24.80
36.76
46.29
53.50
58.83
62.70
65.32
66.75
67.17
67.06
67.05
67.68
69.03
70.64
71.68
71.37
69.38
65.93
61.61
57.03
52.52
48.05
43.36
38.22
32.56
26.52
20.28
13.97
7.64
1.33
-4.84
-10.65
-15.84
-20.28
-24.05
-27.51
-31.15
-35.43
-40.61
-46.44
-52.12
-56.37
-57.67
-54.75
-47.07
-35.10
-20.32
-4.73
9.76
21.90
31.39
38.73
44.88
50.70
56.72
63.05
69.40
75.20
79.75
82.33
82.32
79.45
73.81
65.92
56.61
46.87
37.50
29.08
21.81
15.55
9.93
4.42
-1.40
-7.78
-14.64
-21.68
-28.41
-34.38
-39.28
-43.05
-45.87
-48.11
-50.23
-52.77
-56.21
-60.91
-66.92
-73.84
-80.85
-86.79
-90.37
-90.67
-87.41
-81.01
-72.50
-63.18
-54.17
-46.27
-39.89
-35.13
-32.01
-30.57
-30.74
-32.28
-34.62
-36.97
-38.43
-38.34
-36.48
-33.12
-28.95
-24.74
-21.13
-18.41
-16.54
-15.25
-14.28
-13.62
-13.44
-14.06
-15.64
-18.01
-20.69
-23.04
-24.61
-25.40
-25.89
-26.92
-29.30
-33.51
-39.51
-46.65
-53.74
-59.27
-61.67
-59.70
-52.81
-41.37
-26.58
-10.22
5.87
20.29
32.27
41.65
48.63
53.57
56.82
58.74
59.73
60.32
61.09
62.51
64.82
67.85
71.11
73.84
75.28
74.94
72.74
69.07
64.57
59.84
55.18
50.44
45.24
39.16
32.05
24.08
15.66
7.24
-0.84
-8.47
-15.67
-22.55
-29.23
-35.91
-42.80
-50.13
-57.96
-65.86
-72.94
-77.92
-79.52
-76.89
-70.04
-59.84
-47.82
-35.65
-24.66
-15.50
-8.09
-2.03
3.14
7.67
11.53
14.60
16.88
18.59
20.12
21.84
23.89
26.13
28.22
29.85
30.87
31.36
31.62
31.90
32.33
32.75
32.81
32.08
30.28
27.31
23.34
18.70
13.74
8.77
4.02
-0.38
-4.37
-8.05
-11.68
-15.76
-20.72
-26.70
-33.21
-39.12
-42.98
-43.51
-40.12
-33.08
-23.41
-12.34
-0.99
9.97
20.21
29.60
37.96
45.03
50.53
54.25
56.22
56.66
55.89
54.20
51.75
48.57
44.55
39.62
33.82
27.45
20.94
14.81
9.34
4.51
-0.00
-4.71
-10.05
-16.20
-22.97
-29.89
-36.34
-41.75
-45.84
-48.63
-50.43
-51.70
-52.89
-54.36
-56.35
-58.98
-62.31
-66.17
-70.06
-73.04
-73.88
-71.49
-65.40
-55.97
-44.37
-32.10
-20.48
-10.32
-1.84
5.03
10.46
14.51
17.28
19.07
20.46
22.12
24.55
27.82
31.57
35.20
38.23
40.46
42.01
43.03
43.50
43.20
41.75
38.91
34.73
29.51
23.68
17.61
11.48
5.28
-1.03
-7.56
-14.42
-21.82
-29.90
-38.58
-47.31
-55.00
-60.22
-61.58
-58.22
-50.09
-38.05
-23.59
-8.48
5.64
17.61
26.82
33.20
37.07
38.90
39.15
38.16
36.21
33.51
30.44
27.38
24.76
22.84
21.64
20.90
20.20
19.08
17.25
14.60
11.23
7.31
3.00
-1.65
-6.68
-12.18
-18.21
-24.69
-31.51
-38.64
-46.15
-54.14
-62.42
-70.23
-76.19
-78.60
-76.14
-68.40
-56.22
-41.31
-25.70
-11.03
1.75
12.41
21.10
28.01
33.29
37.04
39.46
40.77
41.23
40.99
40.19
39.02
37.79
36.91
36.78
37.61
39.20
41.01
42.22
42.05
39.98
35.92
30.23
23.45
16.14
8.62
0.97
-6.91
-15.19
-24.03
-33.69
-44.27
-55.61
-66.91
-76.66
-82.88
-83.70
-78.13
-66.52
-50.49
-32.35
-14.39
1.72
15.17
25.77
33.70
39.23
42.67
44.44
45.04
45.01
44.74
44.48
44.28
44.03
43.62
43.03
42.32
41.66
41.21
40.96
40.66
39.83
37.98
34.75
30.14
24.52
18.45
12.44
6.69
0.98
-5.17
-12.28
-20.57
-29.81
-39.24
-47.62
-53.52
-55.61
-53.00
-45.55
-33.96
-19.72
-4.65
9.50
21.48
30.72
37.26
41.49
43.88
44.81
44.58
43.50
41.98
40.45
39.28
38.65
38.51
38.65
38.84
38.96
39.03
39.11
39.14
38.86
37.82
35.53
31.72
26.49
20.32
13.87
7.70
2.05
-3.20
-8.50
-14.41
-21.48
-30.02
-39.91
-50.49
-60.47
-68.22
-72.07
-70.96
-64.79
-54.55
-41.89
-28.71
-16.50
-6.22
1.73
7.24
10.35
11.13
9.79
6.67
2.35
-2.50
-7.19
-11.20
-14.27
-16.42
-17.92
-19.08
-20.18
-21.29
-22.36
-23.38
-24.55
-26.27
-28.96
-32.75
-37.37
-42.21
-46.61
-50.19
-52.99
-55.47
-58.18
-61.61
-66.07
-71.62
-78.10
-85.00
-91.33
-95.60
-96.11
-91.49
-81.25
-66.11
-47.84
-28.75
-10.97
4.17
16.28
25.74
33.20
39.25
44.17
48.07
51.01
53.22
55.10
57.07
59.38
61.95
64.51
66.73
68.46
69.80
70.96
72.01
72.65
72.33
70.40
66.49
60.76
53.88
46.73
40.04
34.12
28.74
23.34
17.29
10.16
1.97
-6.66
-14.54
-20.11
-21.86
-18.83
-11.08
0.29
13.43
26.36
37.56
46.25
52.31
55.99
57.49
56.92
54.35
49.98
44.23
37.71
31.04
24.61
18.56
12.85
7.41
2.33
-2.18
-5.79
-8.25
-9.54
-9.91
-9.84
-9.93
-10.61
-12.01
-13.91
-15.79
-17.20
-17.89
-17.99
-17.82
-17.62
-17.11
-15.44
-11.29
-3.43
8.73
24.80
43.42
62.68
80.60
95.60
106.64
113.27
115.51
113.77
108.79
101.42
92.56
82.89
72.90
62.88
53.04
43.62
34.88
27.00
20.09
14.05
8.67
3.69
-1.23
-6.35
-11.94
-18.07
-24.63
-31.32
-37.77
-43.74
-49.23
-54.52
-60.00
-66.04
-72.73
-79.74
-86.29
-91.28
-93.59
-92.52
-88.08
-81.06
-72.71
-64.32
-56.73
-50.20
-44.54
-39.56
-35.32
-32.19
-30.54
-30.47
-31.55
-32.99
-33.95
-33.90
-32.78
-30.89
-28.69
-26.55
-24.64
-22.91
-21.18
-19.33
-17.32
-15.24
-13.43
-12.28
-12.19
-13.41
-15.90
-19.21
-22.57
-24.96
-25.46
-23.47
-18.84
-11.90
-3.33
6.06
15.48
24.32
32.13
38.63
43.66
47.11
49.03
49.61
49.19
48.25
47.20
46.30
45.55
44.80
43.88
42.71
41.38
40.13
39.19
38.66
38.39
38.05
37.20
35.45
32.43
27.91
21.78
14.19
5.62
-3.04
-10.69
-16.25
-19.08
-19.10
-16.84
-13.13
-8.85
-4.66
-0.98
1.92
3.75
4.21
3.05
0.35
-3.48
-7.66
-11.31
-13.72
-14.58
-14.08
-12.81
-11.47
-10.58
-10.35
-10.66
-11.22
-11.75
-12.18
-12.60
-13.21
-14.22
-15.76
-17.97
-20.85
-24.31
-27.93
-31.03
-32.68
-32.02
-28.63
-22.72
-15.11
-6.92
0.83
7.54
13.07
17.52
21.02
23.49
24.77
24.75
23.50
21.27
18.40
15.05
11.23
6.86
1.90
-3.40
-8.60
-13.21
-16.89
-19.66
-21.81
-23.85
-26.22
-29.28
-33.15
-37.78
-42.86
-47.86
-51.97
-54.28
-54.00
-50.76
-44.86
-37.13
-28.70
-20.57
-13.32
-7.10
-1.78
2.75
6.38
8.86
10.02
9.97
9.11
8.03
7.21
6.85
6.80
6.78
6.55
6.10
5.56
5.10
4.81
4.63
4.36
3.67
2.20
-0.41
-4.40
-9.74
-15.94
-22.04
-26.76
-28.93
-27.88
-23.70
-17.16
-9.42
-1.58
5.57
11.65
16.50
20.12
22.50
23.76
24.11
23.95
23.63
23.35
23.05
22.43
21.16
19.07
16.25
13.03
9.78
6.77
4.12
1.81
-0.30
-2.38
-4.69
-7.60
-11.52
-16.69
-22.88
-29.30
-34.71
-37.85
-37.90
-34.79
-29.27
-22.43
-15.37
-8.78
-2.95
2.06
6.17
9.20
10.95
11.41
10.87
9.90
9.10
8.84
9.21
10.04
11.07
12.15
13.26
14.46
15.81
17.26
18.68
19.86
20.53
20.39
19.05
16.18
11.62
5.69
-0.83
-6.70
-10.65
-11.72
-9.61
-4.74
1.93
9.26
16.18
21.89
26.01
28.48
29.47
29.25
28.07
26.20
23.92
21.64
19.81
18.83
18.79
19.49
20.41
20.98
20.81
19.88
18.50
17.13
16.09
15.46
15.06
14.60
13.79
12.50
10.89
9.32
8.33
8.43
9.97
13.05
17.47
22.78
28.40
33.74
38.35
41.98
44.60
46.31
47.22
47.37
46.69
45.06
42.50
39.17
35.45
31.74
28.38
25.49
23.03
20.89
18.96
17.17
15.48
13.78
11.89
9.60
6.70
3.07
-1.26
-6.08
-10.99
-15.52
-19.12
-21.33
-21.86
-20.67
-18.04
-14.45
-10.51
-6.77
-3.61
-1.19
0.51
1.58
2.08
2.08
1.57
0.63
-0.62
-1.97
-3.19
-4.06
-4.50
-4.61
-4.59
-4.70
-5.08
-5.77
-6.63
-7.51
-8.26
-8.90
-9.60
-10.65
-12.36
-14.89
-18.25
-22.14
-25.95
-28.87
-30.06
-28.96
-25.47
-20.05
-13.55
-6.86
-0.62
4.96
9.96
14.53
18.66
22.09
24.51
25.79
26.14
26.04
26.07
26.54
27.45
28.50
29.46
30.37
31.73
34.12
37.84
42.53
47.20
50.67
52.07
51.23
48.57
44.63
39.65
33.58
26.41
18.50
10.77
4.15
-0.91
-4.93
-9.12
-14.73
-22.24
-30.96
-39.40
-45.93
-49.63
-50.55
-49.61
-48.03
-46.86
-46.61
-47.30
-48.62
-50.14
-51.49
-52.41
-52.73
-52.33
-51.18
-49.39
-47.21
-45.12
-43.55
-42.81
-42.89
-43.56
-44.54
-45.68
-47.00
-48.58
-50.38
-52.04
-53.00
-52.72
-50.90
-47.62
-43.23
-38.21
-32.99
-27.89
-23.20
-19.22
-16.33
-14.80
-14.69
-15.70
-17.26
-18.66
-19.29
-18.90
-17.63
-15.97
-14.51
-13.71
-13.73
-14.33
-15.09
-15.54
-15.45
-14.82
-13.90
-13.09
-12.81
-13.46
-15.24
-18.11
-21.66
-25.17
-27.75
-28.65
-27.53
-24.54
-20.26
-15.40
-10.65
-6.52
-3.28
-0.99
0.46
1.31
1.81
2.12
2.18
1.79
0.77
-0.87
-2.85
-4.75
-6.23
-7.24
-8.01
-8.90
-10.07
-11.42
-12.68
-13.60
-14.22
-14.90
-16.15
-18.36
-21.64
-25.68
-29.89
-33.49
-35.76
-36.15
-34.46
-30.80
-25.61
-19.58
-13.41
-7.70
-2.87
0.85
3.39
4.74
4.92
4.04
2.35
0.24
-1.87
-3.60
-4.88
-5.84
-6.77
-7.91
-9.33
-10.85
-12.22
-13.28
-14.04
-14.72
-15.66
-17.18
-19.50
-22.71
-26.72
-31.24
-35.71
-39.30
-41.10
-40.39
-36.87
-30.86
-23.12
-14.65
-6.31
1.31
7.90
13.30
17.37
19.91
20.76
19.97
17.82
14.89
11.83
9.22
7.34
6.16
5.36
4.53
3.37
1.79
-0.04
-1.93
-3.72
-5.51
-7.62
-10.51
-14.60
-19.99
-26.41
-33.13
-39.02
-42.91
-43.83
-41.33
-35.68
-27.71
-18.59
-9.45
-1.08
6.14
12.09
16.82
20.36
22.69
23.92
24.26
24.11
23.92
24.02
24.48
25.07
25.37
25.00
23.79
21.92
19.82
17.92
16.40
14.96
12.97
9.67
4.52
-2.49
-10.74
-19.10
-26.22
-30.81
-32.00
-29.43
-23.36
-14.60
-4.30
6.28
16.06
24.23
30.40
34.41
36.29
36.24
34.53
31.63
28.08
24.43
21.06
18.20
15.79
13.74
11.90
10.26
8.88
7.80
6.98
6.25
5.32
3.85
1.52
-1.93
-6.73
-12.86
-19.93
-27.05
-32.85
-35.78
-34.66
-29.05
-19.54
-7.57
5.08
16.90
26.97
35.04
41.19
45.51
47.98
48.47
47.05
44.12
40.35
36.51
33.16
30.53
28.56
27.08
25.94
25.11
24.56
24.17
23.70
22.83
21.26
18.78
15.23
10.47
4.43
-2.79
-10.74
-18.49
-24.79
-28.46
-28.82
-25.94
-20.43
-13.02
-4.22
5.65
16.16
26.19
33.83
36.75
33.17
22.63
6.45
-12.64
-31.39
-47.01
-57.87
-63.60
-64.82
-62.64
-58.39
-53.35
-48.65
-45.17
-43.24
-42.56
-42.18
-40.66
-36.55
-28.87
-17.43
-2.93
13.26
29.60
44.76
58.02
69.27
78.80
87.04
94.26
100.38
105.00
107.60
107.70
105.09
99.88
92.57
83.92
74.82
66.13
58.60
52.72
48.72
46.47
45.55
45.29
44.96
43.97
42.04
39.25
35.94
32.45
28.94
25.23
20.82
15.22
8.22
0.31
-7.32
-12.81
-14.20
-10.13
-0.50
13.31
28.84
43.40
55.03
62.95
67.51
69.55
69.84
68.77
66.39
62.69
57.66
51.17
42.88
32.31
19.40
5.08
-8.54
-18.54
-22.31
-18.62
-8.17
6.70
22.90
37.75
49.79
59.03
66.63
74.32
83.81
96.42
112.86
133.09
156.23
180.59
203.79
223.20
236.44
241.91
239.09
228.54
211.76
190.80
167.74
144.24
121.12
98.09
73.85
46.41
13.48
-27.09
-76.75
-135.44
-200.45
-265.81
-322.66
-361.32
-374.59
-360.87
-325.20
-277.71
-229.73
-189.70
-160.86
-141.72
-128.65
-118.65
-110.75
-105.39
-102.82
-101.73
-99.47
-93.35
-82.26
-67.31
-51.36
-37.48
-27.40
-20.93
-16.34
-11.46
-4.96
3.08
11.36
18.07
21.84
22.31
20.16
16.83
13.87
12.45
13.02
15.24
18.19
20.63
21.48
20.06
16.32
10.91
4.92
-0.40
-4.13
-5.92
-6.19
-5.88
-6.02
-7.24
-9.46
-12.08
-14.42
-16.18
-17.61
-19.25
-21.42
-23.79
-25.33
-24.77
-21.35
-15.38
-8.36
-2.44
0.44
-0.62
-5.08
-11.30
-17.24
-21.34
-22.97
-22.42
-20.33
-17.25
-13.40
-8.93
-4.24
-0.26
1.76
0.62
-4.58
-14.21
-28.24
-46.07
-66.39
-86.93
-104.58
-116.04
-118.82
-112.13
-97.01
-76.03
-52.55
-29.95
-11.12
2.09
9.26
11.63
11.81
12.87
17.06
24.83
34.69
44.15
51.17
55.38
58.29
62.45
70.18
82.43
98.27
115.19
129.82
138.89
140.25
133.57
120.46
103.88
86.99
72.06
59.92
50.13
41.63
33.35
24.34
13.64
0.29
-16.16
-35.09
-54.64
-72.14
-85.31
-93.12
-95.99
-95.19
-91.81
-86.18
-78.14
-67.78
-56.06
-44.80
-35.91
-30.51
-28.56
-29.10
-30.83
-32.67
-33.88
-34.08
-33.20
-31.64
-30.23
-30.08
-32.18
-36.71
-42.74
-48.24
-50.79
-48.76
-42.12
-32.75
-23.78
-18.29
-18.01
-22.65
-30.13
-37.61
-42.70
-44.31
-42.77
-39.35
-35.30
-31.26
-26.95
-21.54
-14.30
-5.20
4.77
13.85
20.20
22.72
21.71
18.80
16.17
15.71
18.17
23.16
29.38
35.25
39.29
40.10
36.52
27.68
13.53
-4.93
-25.58
-45.59
-62.14
-73.17
-77.82
-76.57
-70.87
-62.48
-52.89
-42.78
-32.13
-20.67
-8.49
3.42
13.38
19.60
21.15
18.49
13.37
8.34
6.07
9.02
19.05
36.81
60.60
85.63
104.52
109.34
94.74
60.60
12.73
-38.87
-83.48
-112.96
-123.73
-116.86
-96.72
-69.26
-40.57
-15.71
2.04
11.74
14.70
13.77
12.12
11.93
14.03
18.15
23.57
29.73
36.12
42.19
47.34
51.29
54.49
57.94
62.41
67.40
70.60
68.69
58.75
40.18
15.75
-8.90
-27.37
-35.25
-32.09
-21.58
-9.80
-2.41
-2.53
-9.90
-21.58
-33.52
-41.93
-44.08
-38.68
-25.78
-6.82
15.50
37.55
55.62
66.89
70.10
65.67
55.15
40.62
24.38
9.12
-2.04
-6.06
-1.01
12.96
33.25
55.53
74.93
87.20
89.44
80.27
59.64
28.55
-10.92
-55.45
-100.69
-141.72
-173.80
-192.76
-195.25
-179.19
-144.54
-94.03
-33.55
28.78
84.05
125.22
149.60
159.93
163.20
168.00
181.65
208.26
248.08
296.82
346.55
387.75
412.33
415.90
398.73
365.14
321.83
275.48
230.04
185.68
140.10
90.68
35.83
-25.27
-93.36
-169.31
-248.39
-319.58
-370.98
-396.94
-399.87
-386.45
-363.61
-336.62
-308.94
-282.74
-260.21
-243.66
-234.17
-229.60
-224.25
-210.79
-183.47
-140.83
-86.63
-29.10
21.97
59.08
79.61
85.99
83.19
76.30
69.07
63.69
61.31
62.51
67.70
76.77
87.90
96.59
95.99
79.37
44.25
-4.82
-56.42
-96.01
-111.93
-100.77
-68.85
-29.05
5.46
26.95
35.14
35.06
32.67
31.27
30.53
28.14
22.35
13.56
4.14
-2.86
-5.64
-4.50
-1.46
0.68
-0.23
-4.88
-12.41
-20.93
-28.53
-33.73
-36.15
-36.59
-36.56
-37.64
-40.94
-46.51
-53.62
-60.71
-65.96
-67.83
-65.27
-57.34
-42.99
-21.51
6.82
39.29
70.62
94.12
104.13
98.82
81.22
57.71
35.84
20.43
11.90
7.23
2.54
-4.35
-13.10
-21.72
-28.20
-31.72
-32.76
-32.20
-30.33
-26.45
-19.70
-9.41
4.02
18.98
33.17
44.33
51.07
53.24
51.88
48.70
45.37
42.88
41.31
40.34
39.00
36.58
33.07
28.93
24.91
21.67
19.47
18.19
17.39
16.50
15.18
13.37
11.29
9.24
7.54
6.32
5.53
5.03
4.58
4.07
3.46
2.80
2.16
1.61
1.16
0.82
0.57
0.36
0.19
0.05
-0.04
-0.10
-0.11
-0.09
-0.01
0.13
0.35
0.62
0.96
1.32
1.69
2.05
2.44
2.87
3.43
4.13
4.98
5.95
6.98
8.03
9.09
10.17
11.32
12.63
14.17
15.92
17.81
19.74
21.63
23.46
25.22
27.10
29.25
31.81
34.77
37.96
41.11
43.96
46.45
48.56
50.58
52.76
55.17
57.42
58.78
58.32
55.21
49.11
40.12
28.99
16.71
4.15
-8.33
-20.89
-34.02
-48.08
-62.25
-76.00
-88.01
-97.00
-102.22
-103.88
-103.02
-101.08
-99.85
-100.12
-102.68
-107.74
-114.52
-120.76
-122.78
-116.56
-99.50
-72.16
-38.57
-5.26
21.63
38.60
45.83
46.34
43.92
41.22
39.00
36.75
33.80
30.39
27.56
26.38
27.12
29.02
30.75
30.98
29.20
25.83
22.01
19.01
17.64
17.93
19.16
20.29
20.41
19.21
16.95
14.39
12.33
11.27
11.27
11.89
12.54
12.72
12.21
11.16
9.94
8.98
8.51
8.56
8.92
9.33
9.53
9.45
9.13
8.70
8.34
8.12
8.08
8.15
8.26
8.37
8.43
8.46
8.46
8.47
8.47
8.47
8.45
8.42
8.35
8.23
8.07
7.85
7.56
7.18
6.70
6.10
5.37
4.49
3.43
2.20
0.76
-0.90
-2.81
-4.99
-7.45
-10.23
-13.34
-16.82
-20.67
-24.90
-29.57
-34.68
-40.28
-46.36
-52.97
-60.12
-67.84
-76.15
-85.09
-94.73
-105.12
-116.26
-128.13
-140.64
-153.62
-166.80
-179.67
-191.66
-202.06
-210.05
-214.77
-215.32
-210.94
-201.08
-185.88
-165.41
-140.11
-110.86
-78.88
-45.60
-12.53
18.90
47.48
72.27
92.74
108.66
120.10
127.37
130.99
131.62
129.89
126.40
121.68
116.19
110.28
104.20
98.13
92.17
86.34
80.60
74.87
69.06
63.11
57.00
50.76
44.44
38.14
31.89
25.71
19.53
13.27
6.90
0.52
-5.73
-11.60
-16.91
-21.54
-25.58
-29.23
-32.78
-36.42
-40.08
-43.52
-46.37
-48.32
-49.22
-49.24
-48.75
-48.23
-47.98
-47.82
-47.25
-45.50
-41.82
-35.71
-27.07
-16.06
-3.02
11.02
25.58
40.67
56.63
74.15
94.18
117.59
144.67
174.42
204.18
230.09
247.99
254.87
249.93
234.85
212.96
187.94
162.66
138.71
116.82
97.33
80.63
67.01
56.37
47.93
40.43
32.62
23.88
14.49
5.22
-3.05
-9.83
-15.17
-19.45
-23.01
-25.93
-28.07
-29.30
-29.76
-29.87
-30.10
-30.58
-30.91
-30.37
-28.37
-25.01
-21.20
-18.42
-18.04
-20.65
-25.76
-32.00
-37.76
-41.74
-43.50
-43.31
-41.84
-39.71
-37.19
-34.20
-30.52
-26.24
-21.82
-18.14
-16.02
-15.83
-17.13
-18.73
-19.17
-17.43
-13.45
-8.17
-3.08
0.62
2.53
3.17
3.42
4.01
5.21
6.95
9.49
13.88
21.75
34.49
52.05
72.23
91.16
104.72
110.30
108.07
100.97
93.51
90.06
92.60
100.97
113.38
127.33
140.50
151.09
157.89
159.95
156.47
148.30
135.51
117.95
95.56
68.64
37.83
3.80
-32.87
-71.84
-112.71
-154.32
-194.30
-229.24
-255.40
-269.85
-271.57
-261.87
-243.90
-221.43
-197.63
-174.25
-151.78
-130.46
-111.01
-94.85
-83.43
-77.13
-74.59
-73.04
-69.29
-61.27
-49.01
-34.65
-21.34
-11.67
-6.61
-5.38
-6.29
-7.84
-9.37
-11.08
-13.34
-15.86
-17.35
-15.98
-10.39
-0.87
10.22
19.09
22.06
17.52
7.05
-4.75
-12.11
-10.85
-0.51
15.01
29.30
36.60
34.68
25.78
15.12
7.85
6.27
9.18
13.31
15.81
16.11
15.80
17.04
20.50
24.68
26.69
24.30
17.47
8.66
1.37
-1.69
-0.04
4.57
9.37
12.16
12.31
10.72
9.06
8.55
9.37
10.70
11.17
9.76
6.40
2.18
-1.09
-1.75
0.80
5.53
10.19
12.44
11.26
7.79
4.91
5.55
10.78
18.81
25.56
26.85
20.83
9.13
-3.84
-13.16
-16.02
-12.97
-7.36
-3.22
-2.93
-6.12
-10.21
-12.42
-11.63
-9.22
-8.10
-10.73
-17.29
-25.17
-30.32
-29.52
-22.40
-11.76
-2.10
2.92
2.43
-1.23
-4.05
-2.82
3.02
11.05
17.29
18.49
13.94
5.87
-1.78
-5.35
-3.29
3.25
11.05
16.42
16.91
12.38
4.94
-2.25
-6.49
-6.91
-4.74
-2.45
-2.17
-4.32
-7.28
-8.48
-6.21
-0.90
4.74
7.22
4.43
-2.97
-11.68
-17.61
-18.08
-13.34
-6.29
-0.64
1.22
-0.50
-3.34
-4.38
-2.17
2.24
5.91
5.79
0.73
-7.57
-15.32
-18.58
-15.53
-7.63
1.03
5.85
4.13
-3.42
-13.08
-20.10
-21.10
-15.84
-7.12
0.83
4.42
2.41
-3.75
-11.00
-16.24
-17.43
-13.73
-4.84
9.46
28.95
52.19
75.86
95.37
106.44
107.11
98.50
84.33
68.72
53.97
39.24
21.04
-4.72
-39.95
-82.43
-125.52
-159.53
-175.00
-166.44
-135.15
-89.61
-42.58
-6.07
13.32
16.43
10.50
5.18
8.50
24.10
50.91
84.76
121.19
157.28
191.64
223.62
251.91
274.06
287.22
289.26
279.79
260.64
236.83
212.20
189.50
169.74
151.78
132.92
110.10
81.07
45.69
6.14
-34.67
-74.71
-114.19
-155.34
-200.37
-246.56
-287.88
-316.56
-327.05
-319.69
-300.90
-280.07
-264.30
-254.53
-245.75
-231.49
-208.80
-181.06
-156.00
-140.31
-134.46
-131.68
-121.95
-98.61
-63.59
-26.89
-1.22
5.55
-4.24
-18.63
-22.79
-7.25
26.15
64.66
91.42
94.65
73.85
39.70
8.24
-8.07
-6.08
7.62
21.94
28.42
26.00
20.78
21.06
31.34
48.72
64.33
68.99
59.05
39.35
20.90
14.39
23.64
43.12
60.84
65.28
52.08
26.89
2.04
-10.48
-5.51
12.25
31.33
39.93
32.57
12.81
-8.90
-21.20
-18.03
-1.58
19.04
33.14
34.25
23.60
9.07
0.24
2.63
13.75
24.47
24.62
9.43
-16.70
-42.15
-54.63
-48.59
-28.48
-6.21
6.00
2.92
-10.75
-23.76
-25.53
-12.63
8.94
27.75
34.01
25.47
9.03
-3.09
-0.26
20.64
53.31
84.98
103.22
102.16
85.53
64.29
50.54
50.53
60.89
70.56
67.02
43.52
2.98
-43.85
-84.79
-113.02
-129.89
-142.23
-156.11
-171.88
-183.47
-182.88
-166.25
-137.41
-106.35
-83.87
-75.59
-78.51
-83.82
-81.67
-66.58
-39.96
-8.40
20.36
41.41
53.89
60.00
62.68
64.35
66.12
68.06
69.95
71.91
74.38
77.89
82.70
88.33
93.71
97.58
98.90
97.47
93.88
89.17
84.35
79.96
75.94
71.95
67.73
63.30
59.10
55.66
53.28
51.80
50.70
49.35
47.46
45.24
43.24
41.92
41.40
41.15
40.39
38.35
34.34
27.48
16.99
1.33
-19.82
-44.55
-68.41
-85.49
-90.96
-83.02
-65.36
-45.19
-30.17
-25.19
-30.60
-43.10
-57.63
-70.00
-78.16
-81.73
-80.61
-73.99
-60.65
-41.07
-19.29
-2.19
2.23
-11.02
-39.52
-73.10
-97.38
-100.19
-77.55
-35.37
14.08
58.53
91.26
112.41
125.86
134.47
137.43
131.21
113.35
85.86
55.18
28.81
11.39
2.55
-1.61
-4.96
-8.46
-9.58
-4.78
7.09
23.52
38.11
44.53
39.78
25.32
5.61
-14.20
-30.66
-42.81
-51.44
-57.74
-62.23
-64.79
-65.29
-64.07
-62.09
-60.63
-60.80
-62.98
-66.71
-70.97
-74.63
-76.94
-77.72
-77.39
-76.57
-75.66
-74.50
-72.40
-68.24
-61.03
-50.72
-37.34
-21.67
-4.98
11.32
26.11
38.58
48.25
54.84
58.10
57.93
54.35
47.75
39.03
29.39
20.18
12.48
6.92
3.53
2.00
1.81
2.65
4.49
7.58
12.12
18.02
24.80
31.67
37.94
43.11
47.17
50.49
53.62
57.07
61.34
66.99
74.46
83.60
93.05
100.08
101.09
92.85
73.81
44.86
9.12
-29.04
-65.26
-96.10
-119.25
-133.40
-138.11
-133.95
-122.76
-107.52
-91.77
-78.55
-69.43
-63.93
-60.11
-55.06
-45.73
-29.89
-6.97
21.34
51.17
77.41
95.42
102.84
100.64
92.58
83.33
76.25
72.02
68.81
63.73
54.77
41.91
27.20
13.73
4.31
0.44
1.83
6.63
12.24
16.34
17.84
17.11
15.29
13.15
10.29
5.63
-1.18
-8.32
-12.12
-9.27
0.45
12.70
20.49
17.93
4.10
-15.75
-33.06
-40.88
-37.91
-28.96
-21.71
-22.02
-30.94
-45.06
-59.42
-70.89
-79.21
-85.69
-90.93
-93.42
-90.16
-78.56
-58.57
-33.33
-8.38
10.78
21.03
22.99
20.78
20.02
24.92
35.69
47.77
53.08
43.74
15.77
-28.68
-81.37
-131.46
-169.39
-190.36
-194.89
-187.01
-171.36
-150.68
-125.34
-94.62
-59.04
-21.41
13.57
41.77
61.72
75.33
86.58
98.96
113.50
128.04
139.00
143.57
141.68
135.90
129.75
125.64
123.71
122.48
120.12
115.84
110.16
104.74
101.45
101.26
104.22
108.60
113.14
117.41
121.77
126.45
131.46
136.10
138.99
138.90
135.07
127.59
116.71
104.24
89.65
71.99
50.86
26.83
1.79
-21.80
-41.42
-55.57
-64.11
-68.35
-69.70
-68.63
-64.91
-57.74
-47.11
-33.31
-17.70
-2.98
6.29
4.92
-12.01
-47.18
-99.17
-161.62
-224.03
-274.45
-302.88
-304.61
-281.34
-241.02
-195.35
-156.15
-132.02
-125.92
-134.94
-149.95
-159.76
-154.34
-128.46
-83.20
-24.93
37.64
96.40
145.10
179.20
195.97
196.69
185.22
168.28
154.08
149.47
157.21
174.48
193.05
203.44
198.95
178.01
144.39
104.81
65.83
31.77
4.37
-16.34
-30.86
-39.67
-43.61
-43.84
-41.89
-39.29
-37.27
-36.32
-36.23
-36.11
-35.03
-32.60
-29.00
-25.00
-21.57
-19.47
-18.96
-19.73
-21.03
-22.06
-22.38
-22.04
-21.56
-21.61
-22.77
-25.35
-29.25
-34.06
-39.32
-44.73
-50.23
-56.05
-62.48
-69.87
-78.46
-88.37
-99.54
-111.87
-125.28
-139.67
-155.00
-171.02
-187.48
-204.01
-220.05
-234.83
-247.35
-256.48
-260.96
-260.19
-253.21
-239.35
-218.46
-191.08
-158.36
-121.95
-83.73
-45.57
-9.11
24.46
54.18
79.35
99.46
114.22
123.62
128.05
128.35
125.72
121.58
117.11
112.99
109.30
105.53
101.03
95.43
88.94
82.49
77.48
75.17
76.20
80.26
86.19
92.53
98.20
103.16
108.53
116.33
128.54
146.20
168.49
192.47
213.51
226.77
228.89
219.63
202.52
183.90
170.89
168.65
178.10
195.18
212.15
220.28
213.24
189.53
152.77
110.17
69.39
35.73
10.43
-8.98
-26.94
-47.85
-73.65
-102.74
-129.70
-146.62
-145.95
-124.04
-83.99
-36.03
5.21
26.12
19.71
-11.14
-54.81
-95.51
-119.42
-119.53
-97.22
-60.51
-20.14
14.39
37.57
48.12
47.77
39.11
23.56
0.81
-30.61
-71.31
-119.44
-169.75
-214.42
-245.31
-256.49
-246.16
-216.95
-174.64
-126.18
-77.80
-33.94
2.97
32.10
53.44
67.41
74.56
75.09
68.65
54.36
31.82
2.57
-29.13
-57.25
-76.29
-83.89
-81.81
-74.74
-67.56
-62.92
-60.69
-59.21
-57.18
-54.41
-50.87
-45.22
-34.46
-15.70
11.11
41.72
68.90
86.21
91.84
89.86
88.25
94.33
110.38
132.00
149.90
154.18
138.66
103.55
55.08
2.80
-44.23
-80.47
-104.95
-120.21
-129.76
-135.52
-136.90
-131.35
-116.35
-91.39
-58.63
-21.92
14.92
49.78
82.54
114.12
145.08
174.41
199.40
216.94
225.11
224.14
216.58
206.29
196.68
189.76
185.53
182.36
178.00
170.72
159.93
146.36
132.05
118.06
104.68
91.35
77.02
60.79
42.33
21.99
0.52
-21.26
-43.21
-65.48
-88.43
-112.27
-136.77
-161.07
-183.99
-204.31
-221.26
-234.95
-245.71
-253.88
-259.50
-262.25
-261.82
-258.57
-253.85
-247.87
-241.36
-234.33
-226.17
-216.20
-204.28
-190.65
-175.14
-156.62
-133.19
-104.12
-71.52
-41.19
-20.75
-15.45
-24.46
-40.26
-51.89
-50.53
-33.99
-6.82
22.82
47.82
64.59
72.54
72.13
63.86
49.44
33.59
24.26
29.58
53.21
91.41
133.84
168.53
186.82
187.59
177.00
164.31
156.60
155.61
158.66
161.81
162.74
161.48
158.96
155.65
150.70
142.28
128.91
110.38
88.16
64.78
43.69
25.78
10.52
-3.80
-19.09
-36.46
-54.93
-71.36
-81.81
-83.55
-76.91
-65.28
-53.69
-46.53
-45.45
-48.47
-50.90
-47.76
-36.29
-17.33
5.55
28.38
48.64
65.74
80.72
94.56
107.08
116.96
122.21
120.79
112.26
98.91
82.92
66.65
51.90
39.16
27.71
16.28
